sentence_good,sentence_bad,field,linguistics_term,UID,simple_LM_method,one_prefix_method,two_prefix_method,lexically_identical,pair_id,good_prob,bad_prob,correct
The hidden offspring aren't confident.,The hid offspring aren't confident.,morphology,irregular_forms,irregular_past_participle_adjectives,True,False,True,False,0,-48.361595153808594,-47.77840042114258,0
The hidden bicycles weren't exposed.,The hid bicycles weren't exposed.,morphology,irregular_forms,irregular_past_participle_adjectives,True,False,True,False,1,-48.94087600708008,-48.58991241455078,0
The hidden glass was big.,The hid glass was big.,morphology,irregular_forms,irregular_past_participle_adjectives,True,False,True,False,2,-39.0234489440918,-39.202537536621094,1
The worn skirts aren't important.,The wore skirts aren't important.,morphology,irregular_forms,irregular_past_participle_adjectives,True,False,True,False,3,-47.397281646728516,-46.03462219238281,0
The worn hats aren't big.,The wore hats aren't big.,morphology,irregular_forms,irregular_past_participle_adjectives,True,False,True,False,4,-43.63071060180664,-42.779869079589844,0
The broken mirrors were blue.,The broke mirrors were blue.,morphology,irregular_forms,irregular_past_participle_adjectives,True,False,True,False,5,-39.565711975097656,-39.91468811035156,1
The worn pants weren't big.,The wore pants weren't big.,morphology,irregular_forms,irregular_past_participle_adjectives,True,False,True,False,6,-45.08510208129883,-43.769615173339844,0
The known children were nice.,The knew children were nice.,morphology,irregular_forms,irregular_past_participle_adjectives,True,False,True,False,7,-31.652042388916016,-30.837512969970703,0
The forgotten newspaper article was bad.,The forgot newspaper article was bad.,morphology,irregular_forms,irregular_past_participle_adjectives,True,False,True,False,8,-49.198158264160156,-48.30424880981445,0
The known adult was exposed.,The knew adult was exposed.,morphology,irregular_forms,irregular_past_participle_adjectives,True,False,True,False,9,-36.253273010253906,-38.10094451904297,1
The hidden patients weren't busy.,The hid patients weren't busy.,morphology,irregular_forms,irregular_past_participle_adjectives,True,False,True,False,10,-45.73755645751953,-45.62639236450195,0
The worn scarf was popular.,The wore scarf was popular.,morphology,irregular_forms,irregular_past_participle_adjectives,True,False,True,False,11,-40.20457458496094,-40.104461669921875,0
The taken rabbit wasn't popular.,The took rabbit wasn't popular.,morphology,irregular_forms,irregular_past_participle_adjectives,True,False,True,False,12,-43.457420349121094,-41.51664733886719,0
The known girl is important.,The knew girl is important.,morphology,irregular_forms,irregular_past_participle_adjectives,True,False,True,False,13,-30.300743103027344,-31.473552703857422,1
The broken dishes weren't red.,The broke dishes weren't red.,morphology,irregular_forms,irregular_past_participle_adjectives,True,False,True,False,14,-42.54548645019531,-43.62764358520508,1
The worn sweaters weren't smooth.,The wore sweaters weren't smooth.,morphology,irregular_forms,irregular_past_participle_adjectives,True,False,True,False,15,-58.086204528808594,-57.563201904296875,0
The forgotten children weren't hidden.,The forgot children weren't hidden.,morphology,irregular_forms,irregular_past_participle_adjectives,True,False,True,False,16,-44.410308837890625,-43.74214172363281,0
The hidden plates aren't white.,The hid plates aren't white.,morphology,irregular_forms,irregular_past_participle_adjectives,True,False,True,False,17,-43.103118896484375,-43.11310958862305,1
The forgotten doctors are young.,The forgot doctors are young.,morphology,irregular_forms,irregular_past_participle_adjectives,True,False,True,False,18,-37.02872085571289,-36.544559478759766,0
The worn skirt was important.,The wore skirt was important.,morphology,irregular_forms,irregular_past_participle_adjectives,True,False,True,False,19,-38.04844284057617,-37.96446228027344,0
The taken cilantro wasn't yellow.,The took cilantro wasn't yellow.,morphology,irregular_forms,irregular_past_participle_adjectives,True,False,True,False,20,-55.27763748168945,-52.529727935791016,0
The worn shawls aren't concealed.,The wore shawls aren't concealed.,morphology,irregular_forms,irregular_past_participle_adjectives,True,False,True,False,21,-60.741214752197266,-60.25667953491211,0
The hidden fish wasn't important.,The hid fish wasn't important.,morphology,irregular_forms,irregular_past_participle_adjectives,True,False,True,False,22,-41.88139343261719,-42.5114631652832,1
The known people aren't hidden.,The knew people aren't hidden.,morphology,irregular_forms,irregular_past_participle_adjectives,True,False,True,False,23,-38.570701599121094,-39.14601516723633,1
The worn glove is red.,The wore glove is red.,morphology,irregular_forms,irregular_past_participle_adjectives,True,False,True,False,24,-39.54071807861328,-39.28515625,0
The known senators aren't serious.,The knew senators aren't serious.,morphology,irregular_forms,irregular_past_participle_adjectives,True,False,True,False,25,-44.7943229675293,-45.370941162109375,1
The broken couch isn't small.,The broke couch isn't small.,morphology,irregular_forms,irregular_past_participle_adjectives,True,False,True,False,26,-40.69607162475586,-42.050750732421875,1
The hidden lady isn't popular.,The hid lady isn't popular.,morphology,irregular_forms,irregular_past_participle_adjectives,True,False,True,False,27,-43.22511672973633,-43.631202697753906,1
The worn scarf wasn't lost.,The wore scarf wasn't lost.,morphology,irregular_forms,irregular_past_participle_adjectives,True,False,True,False,28,-44.281463623046875,-44.011863708496094,0
The broken tooth wasn't whole.,The broke tooth wasn't whole.,morphology,irregular_forms,irregular_past_participle_adjectives,True,False,True,False,29,-44.484336853027344,-46.10904312133789,1
The broken forks are white.,The broke forks are white.,morphology,irregular_forms,irregular_past_participle_adjectives,True,False,True,False,30,-37.513397216796875,-38.47180938720703,1
The hidden guest wasn't hidden.,The hid guest wasn't hidden.,morphology,irregular_forms,irregular_past_participle_adjectives,True,False,True,False,31,-45.972869873046875,-46.37940979003906,1
The hidden cactus was out in the open.,The hid cactus was out in the open.,morphology,irregular_forms,irregular_past_participle_adjectives,True,False,True,False,32,-58.81499099731445,-57.322898864746094,0
The broken skateboards are cheap.,The broke skateboards are cheap.,morphology,irregular_forms,irregular_past_participle_adjectives,True,False,True,False,33,-51.13970184326172,-50.776126861572266,0
The broken computers weren't white.,The broke computers weren't white.,morphology,irregular_forms,irregular_past_participle_adjectives,True,False,True,False,34,-43.709720611572266,-45.35090255737305,1
The worn shirt is gray.,The wore shirt is gray.,morphology,irregular_forms,irregular_past_participle_adjectives,True,False,True,False,35,-38.887332916259766,-39.618858337402344,1
The known waiter is scared.,The knew waiter is scared.,morphology,irregular_forms,irregular_past_participle_adjectives,True,False,True,False,36,-36.44184112548828,-37.167720794677734,1
The worn shoe was exposed.,The wore shoe was exposed.,morphology,irregular_forms,irregular_past_participle_adjectives,True,False,True,False,37,-38.08068084716797,-38.456451416015625,1
The hidden mouse wasn't brown.,The hid mouse wasn't brown.,morphology,irregular_forms,irregular_past_participle_adjectives,True,False,True,False,38,-44.57655334472656,-44.44160842895508,0
The worn glasses aren't small.,The wore glasses aren't small.,morphology,irregular_forms,irregular_past_participle_adjectives,True,False,True,False,39,-43.50969696044922,-42.961997985839844,0
The worn dress is red.,The wore dress is red.,morphology,irregular_forms,irregular_past_participle_adjectives,True,False,True,False,40,-36.98591613769531,-37.139930725097656,1
The broken skateboards aren't bad.,The broke skateboards aren't bad.,morphology,irregular_forms,irregular_past_participle_adjectives,True,False,True,False,41,-53.825286865234375,-53.6901741027832,0
The hidden fungus isn't black.,The hid fungus isn't black.,morphology,irregular_forms,irregular_past_participle_adjectives,True,False,True,False,42,-44.76052474975586,-44.83736801147461,1
The broken screen isn't small.,The broke screen isn't small.,morphology,irregular_forms,irregular_past_participle_adjectives,True,False,True,False,43,-39.6978645324707,-40.595760345458984,1
The broken carriage is lost.,The broke carriage is lost.,morphology,irregular_forms,irregular_past_participle_adjectives,True,False,True,False,44,-34.44020462036133,-35.49863052368164,1
The known adults aren't lost.,The knew adults aren't lost.,morphology,irregular_forms,irregular_past_participle_adjectives,True,False,True,False,45,-40.48798751831055,-41.024681091308594,1
The worn jacket was smooth.,The wore jacket was smooth.,morphology,irregular_forms,irregular_past_participle_adjectives,True,False,True,False,46,-39.22996520996094,-39.87120056152344,1
The broken dishes weren't blue.,The broke dishes weren't blue.,morphology,irregular_forms,irregular_past_participle_adjectives,True,False,True,False,47,-41.45460510253906,-42.332977294921875,1
The forgotten driver wasn't bad.,The forgot driver wasn't bad.,morphology,irregular_forms,irregular_past_participle_adjectives,True,False,True,False,48,-41.50564193725586,-40.67839050292969,0
The broken screen was new.,The broke screen was new.,morphology,irregular_forms,irregular_past_participle_adjectives,True,False,True,False,49,-37.18169021606445,-38.354305267333984,1
The hidden nuclei were purple.,The hid nuclei were purple.,morphology,irregular_forms,irregular_past_participle_adjectives,True,False,True,False,50,-49.35931396484375,-48.89410400390625,0
The known man wasn't confident.,The knew man wasn't confident.,morphology,irregular_forms,irregular_past_participle_adjectives,True,False,True,False,51,-40.02396011352539,-38.94890213012695,0
The known actress wasn't concealed.,The knew actress wasn't concealed.,morphology,irregular_forms,irregular_past_participle_adjectives,True,False,True,False,52,-43.351104736328125,-45.37229537963867,1
The known student wasn't hidden.,The knew student wasn't hidden.,morphology,irregular_forms,irregular_past_participle_adjectives,True,False,True,False,53,-44.60255813598633,-45.39619445800781,1
The broken computer was small.,The broke computer was small.,morphology,irregular_forms,irregular_past_participle_adjectives,True,False,True,False,54,-35.68379211425781,-36.662315368652344,1
The known guests are concealed.,The knew guests are concealed.,morphology,irregular_forms,irregular_past_participle_adjectives,True,False,True,False,55,-35.5418701171875,-36.740440368652344,1
The taken mountain was popular.,The took mountain was popular.,morphology,irregular_forms,irregular_past_participle_adjectives,True,False,True,False,56,-35.978485107421875,-34.990726470947266,0
The broken unicycles were whole.,The broke unicycles were whole.,morphology,irregular_forms,irregular_past_participle_adjectives,True,False,True,False,57,-60.520042419433594,-61.29023742675781,1
The hidden screens were exposed.,The hid screens were exposed.,morphology,irregular_forms,irregular_past_participle_adjectives,True,False,True,False,58,-40.688907623291016,-40.60946273803711,0
The known customer wasn't hidden.,The knew customer wasn't hidden.,morphology,irregular_forms,irregular_past_participle_adjectives,True,False,True,False,59,-44.46757125854492,-45.00486373901367,1
The broken computers were black.,The broke computers were black.,morphology,irregular_forms,irregular_past_participle_adjectives,True,False,True,False,60,-37.829322814941406,-38.916439056396484,1
The broken forks were old.,The broke forks were old.,morphology,irregular_forms,irregular_past_participle_adjectives,True,False,True,False,61,-40.699337005615234,-41.130210876464844,1
The hidden drawings weren't popular.,The hid drawings weren't popular.,morphology,irregular_forms,irregular_past_participle_adjectives,True,False,True,False,62,-47.52348327636719,-47.50517272949219,0
The broken bike wasn't lost.,The broke bike wasn't lost.,morphology,irregular_forms,irregular_past_participle_adjectives,True,False,True,False,63,-40.14363479614258,-41.5025749206543,1
The broken cars aren't rough.,The broke cars aren't rough.,morphology,irregular_forms,irregular_past_participle_adjectives,True,False,True,False,64,-40.370262145996094,-41.6923828125,1
The hidden hat wasn't cheap.,The hid hat wasn't cheap.,morphology,irregular_forms,irregular_past_participle_adjectives,True,False,True,False,65,-44.20182800292969,-43.38843536376953,0
The worn dresses aren't old.,The wore dresses aren't old.,morphology,irregular_forms,irregular_past_participle_adjectives,True,False,True,False,66,-44.36835479736328,-42.734619140625,0
The hidden mice were hidden.,The hid mice were hidden.,morphology,irregular_forms,irregular_past_participle_adjectives,True,False,True,False,67,-39.364845275878906,-39.26112365722656,0
The worn glasses weren't dirty.,The wore glasses weren't dirty.,morphology,irregular_forms,irregular_past_participle_adjectives,True,False,True,False,68,-46.162696838378906,-45.675437927246094,0
The taken skateboards were small.,The took skateboards were small.,morphology,irregular_forms,irregular_past_participle_adjectives,True,False,True,False,69,-49.66044616699219,-48.37632751464844,0
The hidden shirt wasn't hard.,The hid shirt wasn't hard.,morphology,irregular_forms,irregular_past_participle_adjectives,True,False,True,False,70,-41.55864334106445,-41.69052505493164,1
The broken glasses aren't whole.,The broke glasses aren't whole.,morphology,irregular_forms,irregular_past_participle_adjectives,True,False,True,False,71,-44.03651428222656,-44.79115295410156,1
The broken bicycles are concealed.,The broke bicycles are concealed.,morphology,irregular_forms,irregular_past_participle_adjectives,True,False,True,False,72,-39.91290283203125,-40.47534942626953,1
The known teenagers weren't popular.,The knew teenagers weren't popular.,morphology,irregular_forms,irregular_past_participle_adjectives,True,False,True,False,73,-45.275062561035156,-46.00165557861328,1
The broken vase wasn't orange.,The broke vase wasn't orange.,morphology,irregular_forms,irregular_past_participle_adjectives,True,False,True,False,74,-48.287879943847656,-49.428470611572266,1
The known women are good.,The knew women are good.,morphology,irregular_forms,irregular_past_participle_adjectives,True,False,True,False,75,-28.770652770996094,-29.56485366821289,1
The broken foot is old.,The broke foot is old.,morphology,irregular_forms,irregular_past_participle_adjectives,True,False,True,False,76,-34.226593017578125,-35.62327575683594,1
The taken screen wasn't popular.,The took screen wasn't popular.,morphology,irregular_forms,irregular_past_participle_adjectives,True,False,True,False,77,-42.75248718261719,-41.55574035644531,0
The hidden tomato was important.,The hid tomato was important.,morphology,irregular_forms,irregular_past_participle_adjectives,True,False,True,False,78,-37.073883056640625,-37.60713195800781,1
The known adults weren't uncertain.,The knew adults weren't uncertain.,morphology,irregular_forms,irregular_past_participle_adjectives,True,False,True,False,79,-44.52301025390625,-45.219322204589844,1
The forgotten actresses were hopeful.,The forgot actresses were hopeful.,morphology,irregular_forms,irregular_past_participle_adjectives,True,False,True,False,80,-43.431583404541016,-42.897117614746094,0
The worn shirt was important.,The wore shirt was important.,morphology,irregular_forms,irregular_past_participle_adjectives,True,False,True,False,81,-35.529327392578125,-36.079498291015625,1
The worn coats weren't yellow.,The wore coats weren't yellow.,morphology,irregular_forms,irregular_past_participle_adjectives,True,False,True,False,82,-45.57672119140625,-45.02660369873047,0
The taken chair isn't dirty.,The took chair isn't dirty.,morphology,irregular_forms,irregular_past_participle_adjectives,True,False,True,False,83,-41.14665222167969,-38.697792053222656,0
The worn skirts weren't green.,The wore skirts weren't green.,morphology,irregular_forms,irregular_past_participle_adjectives,True,False,True,False,84,-47.27596664428711,-46.29152297973633,0
The broken bike is big.,The broke bike is big.,morphology,irregular_forms,irregular_past_participle_adjectives,True,False,True,False,85,-34.41628646850586,-36.03813934326172,1
The broken couches weren't brown.,The broke couches weren't brown.,morphology,irregular_forms,irregular_past_participle_adjectives,True,False,True,False,86,-53.93629455566406,-54.532108306884766,1
The worn socks weren't small.,The wore socks weren't small.,morphology,irregular_forms,irregular_past_participle_adjectives,True,False,True,False,87,-44.875038146972656,-44.36360168457031,0
The broken dishes aren't new.,The broke dishes aren't new.,morphology,irregular_forms,irregular_past_participle_adjectives,True,False,True,False,88,-41.96698760986328,-42.56282043457031,1
The broken vase is gray.,The broke vase is gray.,morphology,irregular_forms,irregular_past_participle_adjectives,True,False,True,False,89,-45.35151672363281,-45.796730041503906,1
The broken feet were red.,The broke feet were red.,morphology,irregular_forms,irregular_past_participle_adjectives,True,False,True,False,90,-33.67742156982422,-35.70563507080078,1
The hidden movie theaters were white.,The hid movie theaters were white.,morphology,irregular_forms,irregular_past_participle_adjectives,True,False,True,False,91,-50.417476654052734,-51.091670989990234,1
The known drivers weren't popular.,The knew drivers weren't popular.,morphology,irregular_forms,irregular_past_participle_adjectives,True,False,True,False,92,-43.91347885131836,-45.44499588012695,1
The hidden steak was bad.,The hid steak was bad.,morphology,irregular_forms,irregular_past_participle_adjectives,True,False,True,False,93,-38.30470657348633,-38.076053619384766,0
The taken mountains weren't orange.,The took mountains weren't orange.,morphology,irregular_forms,irregular_past_participle_adjectives,True,False,True,False,94,-43.31418228149414,-42.03431701660156,0
The broken plate wasn't smooth.,The broke plate wasn't smooth.,morphology,irregular_forms,irregular_past_participle_adjectives,True,False,True,False,95,-42.276451110839844,-43.82059860229492,1
The hidden rivers aren't cheap.,The hid rivers aren't cheap.,morphology,irregular_forms,irregular_past_participle_adjectives,True,False,True,False,96,-44.48146438598633,-44.209964752197266,0
The hidden customers aren't scared.,The hid customers aren't scared.,morphology,irregular_forms,irregular_past_participle_adjectives,True,False,True,False,97,-44.6378173828125,-44.75246810913086,1
The forgotten analysis wasn't good.,The forgot analysis wasn't good.,morphology,irregular_forms,irregular_past_participle_adjectives,True,False,True,False,98,-42.84488296508789,-41.84489440917969,0
The known teenager was nice.,The knew teenager was nice.,morphology,irregular_forms,irregular_past_participle_adjectives,True,False,True,False,99,-37.83069610595703,-38.61676788330078,1
The broken wheelbarrow is small.,The broke wheelbarrow is small.,morphology,irregular_forms,irregular_past_participle_adjectives,True,False,True,False,100,-54.157222747802734,-55.15667724609375,1
The known adult was serious.,The knew adult was serious.,morphology,irregular_forms,irregular_past_participle_adjectives,True,False,True,False,101,-35.26189041137695,-37.1629753112793,1
The worn skirts weren't purple.,The wore skirts weren't purple.,morphology,irregular_forms,irregular_past_participle_adjectives,True,False,True,False,102,-48.78850173950195,-47.60826110839844,0
The known doctor isn't good.,The knew doctor isn't good.,morphology,irregular_forms,irregular_past_participle_adjectives,True,False,True,False,103,-35.59153366088867,-36.02576446533203,1
The worn sweaters are exposed.,The wore sweaters are exposed.,morphology,irregular_forms,irregular_past_participle_adjectives,True,False,True,False,104,-50.549598693847656,-50.17445755004883,0
The known guests are upset.,The knew guests are upset.,morphology,irregular_forms,irregular_past_participle_adjectives,True,False,True,False,105,-34.48282241821289,-35.028472900390625,1
The known senator was fast.,The knew senator was fast.,morphology,irregular_forms,irregular_past_participle_adjectives,True,False,True,False,106,-36.30042266845703,-37.18510818481445,1
The broken windows aren't new.,The broke windows aren't new.,morphology,irregular_forms,irregular_past_participle_adjectives,True,False,True,False,107,-41.840240478515625,-43.19275665283203,1
The broken car isn't gray.,The broke car isn't gray.,morphology,irregular_forms,irregular_past_participle_adjectives,True,False,True,False,108,-39.39741516113281,-40.59519577026367,1
The forgotten lady is standing.,The forgot lady is standing.,morphology,irregular_forms,irregular_past_participle_adjectives,True,False,True,False,109,-37.49733352661133,-36.01681137084961,0
The taken book is good.,The took book is good.,morphology,irregular_forms,irregular_past_participle_adjectives,True,False,True,False,110,-31.8128604888916,-30.279085159301758,0
The forgotten newspaper article isn't brown.,The forgot newspaper article isn't brown.,morphology,irregular_forms,irregular_past_participle_adjectives,True,False,True,False,111,-55.561378479003906,-54.982452392578125,0
The hidden ice cream was white.,The hid ice cream was white.,morphology,irregular_forms,irregular_past_participle_adjectives,True,False,True,False,112,-45.316139221191406,-43.795318603515625,0
The hidden louse wasn't hidden.,The hid louse wasn't hidden.,morphology,irregular_forms,irregular_past_participle_adjectives,True,False,True,False,113,-52.93369674682617,-52.15904235839844,0
The forgotten pamphlets weren't concealed.,The forgot pamphlets weren't concealed.,morphology,irregular_forms,irregular_past_participle_adjectives,True,False,True,False,114,-61.63955307006836,-60.44105911254883,0
The taken photograph wasn't gray.,The took photograph wasn't gray.,morphology,irregular_forms,irregular_past_participle_adjectives,True,False,True,False,115,-45.84297180175781,-44.229248046875,0
The hidden closet is new.,The hid closet is new.,morphology,irregular_forms,irregular_past_participle_adjectives,True,False,True,False,116,-40.72231674194336,-41.164512634277344,1
The broken foot was big.,The broke foot was big.,morphology,irregular_forms,irregular_past_participle_adjectives,True,False,True,False,117,-35.937076568603516,-36.802825927734375,1
The broken window is hidden.,The broke window is hidden.,morphology,irregular_forms,irregular_past_participle_adjectives,True,False,True,False,118,-35.932071685791016,-36.88165283203125,1
The hidden children were happy.,The hid children were happy.,morphology,irregular_forms,irregular_past_participle_adjectives,True,False,True,False,119,-33.35797882080078,-33.504432678222656,1
The forgotten customer is lost.,The forgot customer is lost.,morphology,irregular_forms,irregular_past_participle_adjectives,True,False,True,False,120,-38.42217254638672,-37.40314483642578,0
The worn dress isn't popular.,The wore dress isn't popular.,morphology,irregular_forms,irregular_past_participle_adjectives,True,False,True,False,121,-43.63545608520508,-43.73240280151367,1
The worn coat isn't new.,The wore coat isn't new.,morphology,irregular_forms,irregular_past_participle_adjectives,True,False,True,False,122,-43.405426025390625,-42.96940994262695,0
The worn scarves aren't concealed.,The wore scarves aren't concealed.,morphology,irregular_forms,irregular_past_participle_adjectives,True,False,True,False,123,-56.702430725097656,-55.753807067871094,0
The broken mirrors are purple.,The broke mirrors are purple.,morphology,irregular_forms,irregular_past_participle_adjectives,True,False,True,False,124,-40.82982635498047,-41.572208404541016,1
The known pedestrians were unemployed.,The knew pedestrians were unemployed.,morphology,irregular_forms,irregular_past_participle_adjectives,True,False,True,False,125,-41.18313980102539,-41.964473724365234,1
The hidden brochures were yellow.,The hid brochures were yellow.,morphology,irregular_forms,irregular_past_participle_adjectives,True,False,True,False,126,-51.481388092041016,-51.65544509887695,1
The hidden teacher was scared.,The hid teacher was scared.,morphology,irregular_forms,irregular_past_participle_adjectives,True,False,True,False,127,-35.63084030151367,-35.850059509277344,1
The worn blouses aren't big.,The wore blouses aren't big.,morphology,irregular_forms,irregular_past_participle_adjectives,True,False,True,False,128,-52.55816650390625,-51.8890380859375,0
The broken dish was good.,The broke dish was good.,morphology,irregular_forms,irregular_past_participle_adjectives,True,False,True,False,129,-34.0775146484375,-35.17094039916992,1
The broken plane is good.,The broke plane is good.,morphology,irregular_forms,irregular_past_participle_adjectives,True,False,True,False,130,-32.247154235839844,-34.03586959838867,1
The broken vases weren't concealed.,The broke vases weren't concealed.,morphology,irregular_forms,irregular_past_participle_adjectives,True,False,True,False,131,-54.337615966796875,-54.985023498535156,1
The broken chair isn't red.,The broke chair isn't red.,morphology,irregular_forms,irregular_past_participle_adjectives,True,False,True,False,132,-37.47539520263672,-39.216941833496094,1
The broken teeth aren't lost.,The broke teeth aren't lost.,morphology,irregular_forms,irregular_past_participle_adjectives,True,False,True,False,133,-39.44500732421875,-40.795326232910156,1
The known patients are confident.,The knew patients are confident.,morphology,irregular_forms,irregular_past_participle_adjectives,True,False,True,False,134,-36.3547248840332,-37.56531524658203,1
The broken vase wasn't yellow.,The broke vase wasn't yellow.,morphology,irregular_forms,irregular_past_participle_adjectives,True,False,True,False,135,-48.60431671142578,-49.45600128173828,1
The forgotten senator isn't confident.,The forgot senator isn't confident.,morphology,irregular_forms,irregular_past_participle_adjectives,True,False,True,False,136,-47.35737991333008,-46.89134979248047,0
The broken vases weren't brown.,The broke vases weren't brown.,morphology,irregular_forms,irregular_past_participle_adjectives,True,False,True,False,137,-52.39402389526367,-53.042964935302734,1
The worn shawls weren't important.,The wore shawls weren't important.,morphology,irregular_forms,irregular_past_participle_adjectives,True,False,True,False,138,-59.94023513793945,-59.371978759765625,0
The forgotten man wasn't serious.,The forgot man wasn't serious.,morphology,irregular_forms,irregular_past_participle_adjectives,True,False,True,False,139,-40.363285064697266,-39.17031478881836,0
The worn shawl is lost.,The wore shawl is lost.,morphology,irregular_forms,irregular_past_participle_adjectives,True,False,True,False,140,-48.46784591674805,-48.291046142578125,0
The taken shirt was bad.,The took shirt was bad.,morphology,irregular_forms,irregular_past_participle_adjectives,True,False,True,False,141,-35.15409469604492,-34.188114166259766,0
The hidden closets weren't hard.,The hid closets weren't hard.,morphology,irregular_forms,irregular_past_participle_adjectives,True,False,True,False,142,-54.07286834716797,-54.53791046142578,1
The hidden cafes are messy.,The hid cafes are messy.,morphology,irregular_forms,irregular_past_participle_adjectives,True,False,True,False,143,-42.2459716796875,-43.112953186035156,1
The worn shirt was lost.,The wore shirt was lost.,morphology,irregular_forms,irregular_past_participle_adjectives,True,False,True,False,144,-34.285552978515625,-35.05038070678711,1
The broken forks aren't gray.,The broke forks aren't gray.,morphology,irregular_forms,irregular_past_participle_adjectives,True,False,True,False,145,-45.89284896850586,-46.25988006591797,1
The worn coats aren't hard.,The wore coats aren't hard.,morphology,irregular_forms,irregular_past_participle_adjectives,True,False,True,False,146,-43.08439636230469,-42.45964050292969,0
The worn pants are lost.,The wore pants are lost.,morphology,irregular_forms,irregular_past_participle_adjectives,True,False,True,False,147,-36.99948501586914,-36.59806823730469,0
The worn skirt isn't white.,The wore skirt isn't white.,morphology,irregular_forms,irregular_past_participle_adjectives,True,False,True,False,148,-42.98070526123047,-42.6949462890625,0
The broken screens are exposed.,The broke screens are exposed.,morphology,irregular_forms,irregular_past_participle_adjectives,True,False,True,False,149,-39.11842727661133,-39.846927642822266,1
The broken bicycle is whole.,The broke bicycle is whole.,morphology,irregular_forms,irregular_past_participle_adjectives,True,False,True,False,150,-39.60142517089844,-41.19242477416992,1
The worn scarves weren't white.,The wore scarves weren't white.,morphology,irregular_forms,irregular_past_participle_adjectives,True,False,True,False,151,-54.7413330078125,-53.56402587890625,0
The broken carriages were new.,The broke carriages were new.,morphology,irregular_forms,irregular_past_participle_adjectives,True,False,True,False,152,-49.23490905761719,-50.56298828125,1
The known cashiers weren't important.,The knew cashiers weren't important.,morphology,irregular_forms,irregular_past_participle_adjectives,True,False,True,False,153,-52.57371520996094,-53.68265151977539,1
The broken window is cheap.,The broke window is cheap.,morphology,irregular_forms,irregular_past_participle_adjectives,True,False,True,False,154,-35.580623626708984,-36.701744079589844,1
The broken skateboard is lost.,The broke skateboard is lost.,morphology,irregular_forms,irregular_past_participle_adjectives,True,False,True,False,155,-46.02518844604492,-45.854774475097656,0
The worn shirt wasn't clean.,The wore shirt wasn't clean.,morphology,irregular_forms,irregular_past_participle_adjectives,True,False,True,False,156,-41.72908020019531,-41.851898193359375,1
The forgotten children weren't troubled.,The forgot children weren't troubled.,morphology,irregular_forms,irregular_past_participle_adjectives,True,False,True,False,157,-44.454566955566406,-43.567604064941406,0
The known cashier isn't fast.,The knew cashier isn't fast.,morphology,irregular_forms,irregular_past_participle_adjectives,True,False,True,False,158,-48.01666259765625,-48.70915985107422,1
The broken couch was black.,The broke couch was black.,morphology,irregular_forms,irregular_past_participle_adjectives,True,False,True,False,159,-37.09796905517578,-37.79309844970703,1
The hidden trucks weren't popular.,The hid trucks weren't popular.,morphology,irregular_forms,irregular_past_participle_adjectives,True,False,True,False,160,-46.79882049560547,-46.97783660888672,1
The forgotten man is big.,The forgot man is big.,morphology,irregular_forms,irregular_past_participle_adjectives,True,False,True,False,161,-35.17763137817383,-33.9345588684082,0
The worn skirts were big.,The wore skirts were big.,morphology,irregular_forms,irregular_past_participle_adjectives,True,False,True,False,162,-41.3886604309082,-40.83390426635742,0
The hidden slopes are important.,The hid slopes are important.,morphology,irregular_forms,irregular_past_participle_adjectives,True,False,True,False,163,-37.0474739074707,-38.55870819091797,1
The worn dress was clean.,The wore dress was clean.,morphology,irregular_forms,irregular_past_participle_adjectives,True,False,True,False,164,-36.712615966796875,-37.073944091796875,1
The broken plane was yellow.,The broke plane was yellow.,morphology,irregular_forms,irregular_past_participle_adjectives,True,False,True,False,165,-35.667457580566406,-37.38431930541992,1
The taken hair was purple.,The took hair was purple.,morphology,irregular_forms,irregular_past_participle_adjectives,True,False,True,False,166,-36.793907165527344,-34.98322677612305,0
The broken carriages were important.,The broke carriages were important.,morphology,irregular_forms,irregular_past_participle_adjectives,True,False,True,False,167,-45.7999267578125,-46.50025177001953,1
The worn hat was yellow.,The wore hat was yellow.,morphology,irregular_forms,irregular_past_participle_adjectives,True,False,True,False,168,-37.68640899658203,-37.93666458129883,1
The broken cup was new.,The broke cup was new.,morphology,irregular_forms,irregular_past_participle_adjectives,True,False,True,False,169,-35.91979217529297,-36.849220275878906,1
The hidden mushroom isn't under ripe.,The hid mushroom isn't under ripe.,morphology,irregular_forms,irregular_past_participle_adjectives,True,False,True,False,170,-55.82836151123047,-55.96562957763672,1
The hidden drawing wasn't smooth.,The hid drawing wasn't smooth.,morphology,irregular_forms,irregular_past_participle_adjectives,True,False,True,False,171,-45.58289337158203,-44.819488525390625,0
The known people weren't bad.,The knew people weren't bad.,morphology,irregular_forms,irregular_past_participle_adjectives,True,False,True,False,172,-35.34607696533203,-36.285972595214844,1
The worn hat wasn't big.,The wore hat wasn't big.,morphology,irregular_forms,irregular_past_participle_adjectives,True,False,True,False,173,-42.429931640625,-42.130348205566406,0
The forgotten actresses were nice.,The forgot actresses were nice.,morphology,irregular_forms,irregular_past_participle_adjectives,True,False,True,False,174,-41.29940414428711,-40.068695068359375,0
The worn skirts were old.,The wore skirts were old.,morphology,irregular_forms,irregular_past_participle_adjectives,True,False,True,False,175,-41.000885009765625,-40.223480224609375,0
The worn dresses aren't cheap.,The wore dresses aren't cheap.,morphology,irregular_forms,irregular_past_participle_adjectives,True,False,True,False,176,-45.04032897949219,-44.059383392333984,0
The broken screen was yellow.,The broke screen was yellow.,morphology,irregular_forms,irregular_past_participle_adjectives,True,False,True,False,177,-36.27452087402344,-37.04816436767578,1
The broken dish isn't small.,The broke dish isn't small.,morphology,irregular_forms,irregular_past_participle_adjectives,True,False,True,False,178,-40.07439041137695,-41.11772537231445,1
The known child wasn't serious.,The knew child wasn't serious.,morphology,irregular_forms,irregular_past_participle_adjectives,True,False,True,False,179,-38.47279739379883,-39.406227111816406,1
The hidden cart wasn't small.,The hid cart wasn't small.,morphology,irregular_forms,irregular_past_participle_adjectives,True,False,True,False,180,-42.848350524902344,-43.08988571166992,1
The taken glass was orange.,The took glass was orange.,morphology,irregular_forms,irregular_past_participle_adjectives,True,False,True,False,181,-38.110877990722656,-36.121063232421875,0
The known actresses aren't smart.,The knew actresses aren't smart.,morphology,irregular_forms,irregular_past_participle_adjectives,True,False,True,False,182,-43.108150482177734,-44.601905822753906,1
The forgotten actors were upset.,The forgot actors were upset.,morphology,irregular_forms,irregular_past_participle_adjectives,True,False,True,False,183,-40.56947708129883,-39.67157745361328,0
The hidden reports aren't yellow.,The hid reports aren't yellow.,morphology,irregular_forms,irregular_past_participle_adjectives,True,False,True,False,184,-43.958656311035156,-44.00177001953125,1
The broken foot isn't concealed.,The broke foot isn't concealed.,morphology,irregular_forms,irregular_past_participle_adjectives,True,False,True,False,185,-42.12546920776367,-43.269508361816406,1
The known cashiers are out in the open.,The knew cashiers are out in the open.,morphology,irregular_forms,irregular_past_participle_adjectives,True,False,True,False,186,-58.21703338623047,-59.087684631347656,1
The broken feet weren't hidden.,The broke feet weren't hidden.,morphology,irregular_forms,irregular_past_participle_adjectives,True,False,True,False,187,-42.59971237182617,-44.12062072753906,1
The broken bicycles were smooth.,The broke bicycles were smooth.,morphology,irregular_forms,irregular_past_participle_adjectives,True,False,True,False,188,-40.38523864746094,-40.856544494628906,1
The worn shoe wasn't yellow.,The wore shoe wasn't yellow.,morphology,irregular_forms,irregular_past_participle_adjectives,True,False,True,False,189,-43.51436233520508,-43.02333450317383,0
The worn dress isn't orange.,The wore dress isn't orange.,morphology,irregular_forms,irregular_past_participle_adjectives,True,False,True,False,190,-41.40513229370117,-41.4648551940918,1
The forgotten waiters were happy.,The forgot waiters were happy.,morphology,irregular_forms,irregular_past_participle_adjectives,True,False,True,False,191,-44.481964111328125,-43.520381927490234,0
The broken planes are white.,The broke planes are white.,morphology,irregular_forms,irregular_past_participle_adjectives,True,False,True,False,192,-35.36556625366211,-37.402076721191406,1
The hidden bird is standing.,The hid bird is standing.,morphology,irregular_forms,irregular_past_participle_adjectives,True,False,True,False,193,-36.600399017333984,-36.95563888549805,1
The known lady isn't smart.,The knew lady isn't smart.,morphology,irregular_forms,irregular_past_participle_adjectives,True,False,True,False,194,-40.14291763305664,-39.47203063964844,0
The broken screens aren't green.,The broke screens aren't green.,morphology,irregular_forms,irregular_past_participle_adjectives,True,False,True,False,195,-43.18611145019531,-43.556114196777344,1
The broken couches weren't hard.,The broke couches weren't hard.,morphology,irregular_forms,irregular_past_participle_adjectives,True,False,True,False,196,-51.155540466308594,-51.92350769042969,1
The known pedestrian was busy.,The knew pedestrian was busy.,morphology,irregular_forms,irregular_past_participle_adjectives,True,False,True,False,197,-37.654747009277344,-38.243568420410156,1
The hidden theses weren't brown.,The hid theses weren't brown.,morphology,irregular_forms,irregular_past_participle_adjectives,True,False,True,False,198,-52.07671356201172,-50.57035827636719,0
The broken vase was broken.,The broke vase was broken.,morphology,irregular_forms,irregular_past_participle_adjectives,True,False,True,False,199,-41.988712310791016,-42.486698150634766,1
The known guest was concealed.,The knew guest was concealed.,morphology,irregular_forms,irregular_past_participle_adjectives,True,False,True,False,200,-36.63567352294922,-38.104347229003906,1
The taken grocery store wasn't concealed.,The took grocery store wasn't concealed.,morphology,irregular_forms,irregular_past_participle_adjectives,True,False,True,False,201,-55.44908905029297,-53.5024528503418,0
The taken computers were old.,The took computers were old.,morphology,irregular_forms,irregular_past_participle_adjectives,True,False,True,False,202,-37.08348083496094,-36.487518310546875,0
The hidden girl is hidden.,The hid girl is hidden.,morphology,irregular_forms,irregular_past_participle_adjectives,True,False,True,False,203,-36.442684173583984,-37.192203521728516,1
The hidden public parks weren't rough.,The hid public parks weren't rough.,morphology,irregular_forms,irregular_past_participle_adjectives,True,False,True,False,204,-56.82334899902344,-57.239044189453125,1
The worn gloves were new.,The wore gloves were new.,morphology,irregular_forms,irregular_past_participle_adjectives,True,False,True,False,205,-40.24543380737305,-39.70684051513672,0
The taken cactus was white.,The took cactus was white.,morphology,irregular_forms,irregular_past_participle_adjectives,True,False,True,False,206,-44.65991973876953,-43.03229522705078,0
The broken fork is messy.,The broke fork is messy.,morphology,irregular_forms,irregular_past_participle_adjectives,True,False,True,False,207,-38.16926574707031,-39.24781036376953,1
The forgotten student is confident.,The forgot student is confident.,morphology,irregular_forms,irregular_past_participle_adjectives,True,False,True,False,208,-40.33274841308594,-39.653465270996094,0
The forgotten children weren't upset.,The forgot children weren't upset.,morphology,irregular_forms,irregular_past_participle_adjectives,True,False,True,False,209,-42.315635681152344,-41.304222106933594,0
The broken wheelbarrows are new.,The broke wheelbarrows are new.,morphology,irregular_forms,irregular_past_participle_adjectives,True,False,True,False,210,-57.215755462646484,-58.27458190917969,1
The broken couches aren't good.,The broke couches aren't good.,morphology,irregular_forms,irregular_past_participle_adjectives,True,False,True,False,211,-48.24546813964844,-49.155738830566406,1
The hidden pepper wasn't fresh.,The hid pepper wasn't fresh.,morphology,irregular_forms,irregular_past_participle_adjectives,True,False,True,False,212,-46.01239013671875,-44.981971740722656,0
The taken goose isn't purple.,The took goose isn't purple.,morphology,irregular_forms,irregular_past_participle_adjectives,True,False,True,False,213,-43.719764709472656,-41.79547882080078,0
The taken planes were bad.,The took planes were bad.,morphology,irregular_forms,irregular_past_participle_adjectives,True,False,True,False,214,-35.70112228393555,-34.888275146484375,0
The hidden stimulus wasn't out in the open.,The hid stimulus wasn't out in the open.,morphology,irregular_forms,irregular_past_participle_adjectives,True,False,True,False,215,-58.53056335449219,-57.381431579589844,0
The broken carriages are out in the open.,The broke carriages are out in the open.,morphology,irregular_forms,irregular_past_participle_adjectives,True,False,True,False,216,-59.16604232788086,-60.42702102661133,1
The hidden glacier isn't blue.,The hid glacier isn't blue.,morphology,irregular_forms,irregular_past_participle_adjectives,True,False,True,False,217,-44.20159149169922,-44.41722869873047,1
The known adult isn't unlucky.,The knew adult isn't unlucky.,morphology,irregular_forms,irregular_past_participle_adjectives,True,False,True,False,218,-41.65066146850586,-43.75144958496094,1
The hidden dresses aren't bad.,The hid dresses aren't bad.,morphology,irregular_forms,irregular_past_participle_adjectives,True,False,True,False,219,-42.31591796875,-41.757774353027344,0
The broken couches were concealed.,The broke couches were concealed.,morphology,irregular_forms,irregular_past_participle_adjectives,True,False,True,False,220,-48.82162094116211,-49.21612548828125,1
The broken planes aren't exposed.,The broke planes aren't exposed.,morphology,irregular_forms,irregular_past_participle_adjectives,True,False,True,False,221,-44.622684478759766,-45.676910400390625,1
The broken bicycle isn't exposed.,The broke bicycle isn't exposed.,morphology,irregular_forms,irregular_past_participle_adjectives,True,False,True,False,222,-44.430179595947266,-45.40082550048828,1
The worn sweaters are green.,The wore sweaters are green.,morphology,irregular_forms,irregular_past_participle_adjectives,True,False,True,False,223,-50.248802185058594,-49.772037506103516,0
The broken cups were hard.,The broke cups were hard.,morphology,irregular_forms,irregular_past_participle_adjectives,True,False,True,False,224,-34.75060272216797,-35.3108024597168,1
The hidden cup was cheap.,The hid cup was cheap.,morphology,irregular_forms,irregular_past_participle_adjectives,True,False,True,False,225,-38.4798469543457,-37.974708557128906,0
The worn sock isn't big.,The wore sock isn't big.,morphology,irregular_forms,irregular_past_participle_adjectives,True,False,True,False,226,-42.56800079345703,-41.845184326171875,0
The forgotten documentary is important.,The forgot documentary is important.,morphology,irregular_forms,irregular_past_participle_adjectives,True,False,True,False,227,-38.626102447509766,-37.383941650390625,0
The hidden theses are lost.,The hid theses are lost.,morphology,irregular_forms,irregular_past_participle_adjectives,True,False,True,False,228,-42.11302947998047,-40.77875900268555,0
The broken cart is bad.,The broke cart is bad.,morphology,irregular_forms,irregular_past_participle_adjectives,True,False,True,False,229,-34.875328063964844,-35.98480987548828,1
The taken light is exposed.,The took light is exposed.,morphology,irregular_forms,irregular_past_participle_adjectives,True,False,True,False,230,-36.006927490234375,-34.9776611328125,0
The broken window was important.,The broke window was important.,morphology,irregular_forms,irregular_past_participle_adjectives,True,False,True,False,231,-33.393028259277344,-34.51047134399414,1
The forgotten women were small.,The forgot women were small.,morphology,irregular_forms,irregular_past_participle_adjectives,True,False,True,False,232,-34.89215850830078,-34.88558578491211,0
The taken axes were exposed.,The took axes were exposed.,morphology,irregular_forms,irregular_past_participle_adjectives,True,False,True,False,233,-38.400535583496094,-36.93655014038086,0
The hidden peppers weren't important.,The hid peppers weren't important.,morphology,irregular_forms,irregular_past_participle_adjectives,True,False,True,False,234,-47.69452667236328,-47.64327621459961,0
The hidden pasta isn't concealed.,The hid pasta isn't concealed.,morphology,irregular_forms,irregular_past_participle_adjectives,True,False,True,False,235,-47.19150161743164,-46.75442123413086,0
The taken wheelbarrows aren't yellow.,The took wheelbarrows aren't yellow.,morphology,irregular_forms,irregular_past_participle_adjectives,True,False,True,False,236,-61.65596389770508,-59.04633712768555,0
The hidden bike isn't good.,The hid bike isn't good.,morphology,irregular_forms,irregular_past_participle_adjectives,True,False,True,False,237,-40.6544189453125,-40.7347526550293,1
The taken tooth is gray.,The took tooth is gray.,morphology,irregular_forms,irregular_past_participle_adjectives,True,False,True,False,238,-39.68026351928711,-38.61096954345703,0
The hidden man isn't young.,The hid man isn't young.,morphology,irregular_forms,irregular_past_participle_adjectives,True,False,True,False,239,-40.80860137939453,-41.054962158203125,1
The worn sock wasn't black.,The wore sock wasn't black.,morphology,irregular_forms,irregular_past_participle_adjectives,True,False,True,False,240,-42.867095947265625,-42.070518493652344,0
The known waiters aren't unsure.,The knew waiters aren't unsure.,morphology,irregular_forms,irregular_past_participle_adjectives,True,False,True,False,241,-50.323665618896484,-51.032135009765625,1
The broken computer was smooth.,The broke computer was smooth.,morphology,irregular_forms,irregular_past_participle_adjectives,True,False,True,False,242,-37.0524787902832,-38.57939147949219,1
The known men aren't hidden.,The knew men aren't hidden.,morphology,irregular_forms,irregular_past_participle_adjectives,True,False,True,False,243,-39.94091033935547,-39.95973587036133,1
The hidden ladder isn't white.,The hid ladder isn't white.,morphology,irregular_forms,irregular_past_participle_adjectives,True,False,True,False,244,-42.56752014160156,-42.642513275146484,1
The taken bikes are orange.,The took bikes are orange.,morphology,irregular_forms,irregular_past_participle_adjectives,True,False,True,False,245,-39.04289627075195,-38.396812438964844,0
The hidden stimulus wasn't orange.,The hid stimulus wasn't orange.,morphology,irregular_forms,irregular_past_participle_adjectives,True,False,True,False,246,-46.71870040893555,-46.06788635253906,0
The broken unicycle was important.,The broke unicycle was important.,morphology,irregular_forms,irregular_past_participle_adjectives,True,False,True,False,247,-45.28308868408203,-45.12558364868164,0
The taken icicle was hard.,The took icicle was hard.,morphology,irregular_forms,irregular_past_participle_adjectives,True,False,True,False,248,-46.935264587402344,-45.32444763183594,0
The taken bread isn't black.,The took bread isn't black.,morphology,irregular_forms,irregular_past_participle_adjectives,True,False,True,False,249,-38.8500862121582,-37.0250129699707,0
The hidden picture wasn't black.,The hid picture wasn't black.,morphology,irregular_forms,irregular_past_participle_adjectives,True,False,True,False,250,-42.076744079589844,-42.19147872924805,1
The forgotten boys aren't busy.,The forgot boys aren't busy.,morphology,irregular_forms,irregular_past_participle_adjectives,True,False,True,False,251,-41.859596252441406,-40.60435104370117,0
The hidden movie theaters are popular.,The hid movie theaters are popular.,morphology,irregular_forms,irregular_past_participle_adjectives,True,False,True,False,252,-47.66302490234375,-49.045310974121094,1
The broken chairs aren't whole.,The broke chairs aren't whole.,morphology,irregular_forms,irregular_past_participle_adjectives,True,False,True,False,253,-44.3854866027832,-45.382572174072266,1
The worn coat isn't hard.,The wore coat isn't hard.,morphology,irregular_forms,irregular_past_participle_adjectives,True,False,True,False,254,-40.35477066040039,-40.53605651855469,1
The broken couch wasn't smooth.,The broke couch wasn't smooth.,morphology,irregular_forms,irregular_past_participle_adjectives,True,False,True,False,255,-43.47901916503906,-44.83672332763672,1
The broken plates weren't new.,The broke plates weren't new.,morphology,irregular_forms,irregular_past_participle_adjectives,True,False,True,False,256,-43.2657470703125,-44.98433303833008,1
The broken truck wasn't purple.,The broke truck wasn't purple.,morphology,irregular_forms,irregular_past_participle_adjectives,True,False,True,False,257,-39.94538879394531,-41.448143005371094,1
The taken broccoli was bad.,The took broccoli was bad.,morphology,irregular_forms,irregular_past_participle_adjectives,True,False,True,False,258,-36.901893615722656,-35.69645690917969,0
The worn shoes aren't purple.,The wore shoes aren't purple.,morphology,irregular_forms,irregular_past_participle_adjectives,True,False,True,False,259,-43.69324493408203,-42.75360870361328,0
The broken window was big.,The broke window was big.,morphology,irregular_forms,irregular_past_participle_adjectives,True,False,True,False,260,-35.96562957763672,-37.15199661254883,1
The worn hat is smooth.,The wore hat is smooth.,morphology,irregular_forms,irregular_past_participle_adjectives,True,False,True,False,261,-38.798377990722656,-39.471649169921875,1
The forgotten waiters are concealed.,The forgot waiters are concealed.,morphology,irregular_forms,irregular_past_participle_adjectives,True,False,True,False,262,-45.93241500854492,-44.83310317993164,0
The broken cups aren't clean.,The broke cups aren't clean.,morphology,irregular_forms,irregular_past_participle_adjectives,True,False,True,False,263,-40.16117858886719,-40.23811340332031,1
The broken vase wasn't black.,The broke vase wasn't black.,morphology,irregular_forms,irregular_past_participle_adjectives,True,False,True,False,264,-47.90702819824219,-48.55763244628906,1
The taken sketch is green.,The took sketch is green.,morphology,irregular_forms,irregular_past_participle_adjectives,True,False,True,False,265,-38.87614440917969,-38.15476989746094,0
The forgotten books are hard.,The forgot books are hard.,morphology,irregular_forms,irregular_past_participle_adjectives,True,False,True,False,266,-34.428741455078125,-32.927001953125,0
The hidden pasta isn't black.,The hid pasta isn't black.,morphology,irregular_forms,irregular_past_participle_adjectives,True,False,True,False,267,-43.12879943847656,-42.7968864440918,0
The hidden pamphlet wasn't good.,The hid pamphlet wasn't good.,morphology,irregular_forms,irregular_past_participle_adjectives,True,False,True,False,268,-44.499664306640625,-44.784912109375,1
The known drivers aren't young.,The knew drivers aren't young.,morphology,irregular_forms,irregular_past_participle_adjectives,True,False,True,False,269,-42.720245361328125,-43.62099838256836,1
The broken carts aren't good.,The broke carts aren't good.,morphology,irregular_forms,irregular_past_participle_adjectives,True,False,True,False,270,-41.17411804199219,-41.19013214111328,1
The known teenager isn't excited.,The knew teenager isn't excited.,morphology,irregular_forms,irregular_past_participle_adjectives,True,False,True,False,271,-43.18130111694336,-44.165679931640625,1
The taken projector isn't brown.,The took projector isn't brown.,morphology,irregular_forms,irregular_past_participle_adjectives,True,False,True,False,272,-44.91655349731445,-44.13577651977539,0
The hidden dogs aren't orange.,The hid dogs aren't orange.,morphology,irregular_forms,irregular_past_participle_adjectives,True,False,True,False,273,-42.29873275756836,-42.23624801635742,0
The forgotten movies were long.,The forgot movies were long.,morphology,irregular_forms,irregular_past_participle_adjectives,True,False,True,False,274,-36.646446228027344,-36.429954528808594,0
The taken fish was red.,The took fish was red.,morphology,irregular_forms,irregular_past_participle_adjectives,True,False,True,False,275,-33.33125686645508,-32.4705810546875,0
The worn scarf wasn't white.,The wore scarf wasn't white.,morphology,irregular_forms,irregular_past_participle_adjectives,True,False,True,False,276,-45.515342712402344,-44.85345458984375,0
The taken unicycles aren't gray.,The took unicycles aren't gray.,morphology,irregular_forms,irregular_past_participle_adjectives,True,False,True,False,277,-64.5405044555664,-62.520225524902344,0
The forgotten students are young.,The forgot students are young.,morphology,irregular_forms,irregular_past_participle_adjectives,True,False,True,False,278,-36.537445068359375,-35.94449996948242,0
The forgotten doctor wasn't unemployed.,The forgot doctor wasn't unemployed.,morphology,irregular_forms,irregular_past_participle_adjectives,True,False,True,False,279,-46.25814437866211,-44.720401763916016,0
The hidden face was important.,The hid face was important.,morphology,irregular_forms,irregular_past_participle_adjectives,True,False,True,False,280,-34.46263885498047,-34.59889602661133,1
The broken carriages were brown.,The broke carriages were brown.,morphology,irregular_forms,irregular_past_participle_adjectives,True,False,True,False,281,-48.37385177612305,-49.20191192626953,1
The forgotten men were unconvinced.,The forgot men were unconvinced.,morphology,irregular_forms,irregular_past_participle_adjectives,True,False,True,False,282,-56.55885314941406,-56.09794998168945,0
The broken plate isn't small.,The broke plate isn't small.,morphology,irregular_forms,irregular_past_participle_adjectives,True,False,True,False,283,-38.898963928222656,-40.320186614990234,1
The worn pants weren't cheap.,The wore pants weren't cheap.,morphology,irregular_forms,irregular_past_participle_adjectives,True,False,True,False,284,-46.4439582824707,-45.53115463256836,0
The broken couches were brown.,The broke couches were brown.,morphology,irregular_forms,irregular_past_participle_adjectives,True,False,True,False,285,-48.41470718383789,-48.931427001953125,1
The broken couch was smooth.,The broke couch was smooth.,morphology,irregular_forms,irregular_past_participle_adjectives,True,False,True,False,286,-38.042057037353516,-39.33142852783203,1
The hidden teeth weren't green.,The hid teeth weren't green.,morphology,irregular_forms,irregular_past_participle_adjectives,True,False,True,False,287,-44.343109130859375,-44.3199462890625,0
The taken public parks were clean.,The took public parks were clean.,morphology,irregular_forms,irregular_past_participle_adjectives,True,False,True,False,288,-46.87375259399414,-45.39002227783203,0
The taken rabbits weren't lost.,The took rabbits weren't lost.,morphology,irregular_forms,irregular_past_participle_adjectives,True,False,True,False,289,-42.62852478027344,-40.804412841796875,0
The taken computers weren't popular.,The took computers weren't popular.,morphology,irregular_forms,irregular_past_participle_adjectives,True,False,True,False,290,-46.276580810546875,-44.788818359375,0
The worn sweater is big.,The wore sweater is big.,morphology,irregular_forms,irregular_past_participle_adjectives,True,False,True,False,291,-40.11354446411133,-40.265663146972656,1
The known boys weren't exposed.,The knew boys weren't exposed.,morphology,irregular_forms,irregular_past_participle_adjectives,True,False,True,False,292,-42.15191650390625,-42.079833984375,0
The broken cart is new.,The broke cart is new.,morphology,irregular_forms,irregular_past_participle_adjectives,True,False,True,False,293,-37.858154296875,-39.01154708862305,1
The broken plate is gray.,The broke plate is gray.,morphology,irregular_forms,irregular_past_participle_adjectives,True,False,True,False,294,-37.115745544433594,-38.584251403808594,1
The hidden report wasn't long.,The hid report wasn't long.,morphology,irregular_forms,irregular_past_participle_adjectives,True,False,True,False,295,-42.544921875,-42.19080352783203,0
The hidden waiter was lucky.,The hid waiter was lucky.,morphology,irregular_forms,irregular_past_participle_adjectives,True,False,True,False,296,-40.01103591918945,-39.57787322998047,0
The broken chair isn't white.,The broke chair isn't white.,morphology,irregular_forms,irregular_past_participle_adjectives,True,False,True,False,297,-37.791019439697266,-39.334224700927734,1
The broken windows are out in the open.,The broke windows are out in the open.,morphology,irregular_forms,irregular_past_participle_adjectives,True,False,True,False,298,-48.612327575683594,-50.154319763183594,1
The broken bicycle wasn't small.,The broke bicycle wasn't small.,morphology,irregular_forms,irregular_past_participle_adjectives,True,False,True,False,299,-42.265869140625,-43.714996337890625,1
The forgotten commentaries are important.,The forgot commentaries are important.,morphology,irregular_forms,irregular_past_participle_adjectives,True,False,True,False,300,-49.4534797668457,-48.773250579833984,0
The hidden dress was smooth.,The hid dress was smooth.,morphology,irregular_forms,irregular_past_participle_adjectives,True,False,True,False,301,-38.836463928222656,-38.835975646972656,0
The broken computers are hidden.,The broke computers are hidden.,morphology,irregular_forms,irregular_past_participle_adjectives,True,False,True,False,302,-37.97142791748047,-39.60770034790039,1
The hidden glass was broken.,The hid glass was broken.,morphology,irregular_forms,irregular_past_participle_adjectives,True,False,True,False,303,-36.80904769897461,-36.688385009765625,0
The known cashiers are unconvinced.,The knew cashiers are unconvinced.,morphology,irregular_forms,irregular_past_participle_adjectives,True,False,True,False,304,-68.18853759765625,-69.71880340576172,1
The worn jackets weren't out in the open.,The wore jackets weren't out in the open.,morphology,irregular_forms,irregular_past_participle_adjectives,True,False,True,False,305,-59.20659255981445,-58.180397033691406,0
The known dancers are content.,The knew dancers are content.,morphology,irregular_forms,irregular_past_participle_adjectives,True,False,True,False,306,-36.95218276977539,-38.73020935058594,1
The known doctors weren't small.,The knew doctors weren't small.,morphology,irregular_forms,irregular_past_participle_adjectives,True,False,True,False,307,-41.60346603393555,-41.931697845458984,1
The worn gloves aren't messy.,The wore gloves aren't messy.,morphology,irregular_forms,irregular_past_participle_adjectives,True,False,True,False,308,-46.20793151855469,-45.610862731933594,0
The broken trucks aren't bad.,The broke trucks aren't bad.,morphology,irregular_forms,irregular_past_participle_adjectives,True,False,True,False,309,-40.21575927734375,-40.660186767578125,1
The hidden unicycles are lost.,The hid unicycles are lost.,morphology,irregular_forms,irregular_past_participle_adjectives,True,False,True,False,310,-57.242218017578125,-57.0604248046875,0
The hidden ice is gray.,The hid ice is gray.,morphology,irregular_forms,irregular_past_participle_adjectives,True,False,True,False,311,-38.592437744140625,-39.34553527832031,1
The forgotten commentaries aren't bad.,The forgot commentaries aren't bad.,morphology,irregular_forms,irregular_past_participle_adjectives,True,False,True,False,312,-55.632728576660156,-54.53411102294922,0
The forgotten teenager was unlucky.,The forgot teenager was unlucky.,morphology,irregular_forms,irregular_past_participle_adjectives,True,False,True,False,313,-45.57981872558594,-44.48225402832031,0
The taken carts aren't gray.,The took carts aren't gray.,morphology,irregular_forms,irregular_past_participle_adjectives,True,False,True,False,314,-46.17435073852539,-44.58763122558594,0
The worn dress wasn't rough.,The wore dress wasn't rough.,morphology,irregular_forms,irregular_past_participle_adjectives,True,False,True,False,315,-44.09572982788086,-43.811859130859375,0
The forgotten documentaries are long.,The forgot documentaries are long.,morphology,irregular_forms,irregular_past_participle_adjectives,True,False,True,False,316,-39.01356506347656,-38.05018997192383,0
The broken screen was broken.,The broke screen was broken.,morphology,irregular_forms,irregular_past_participle_adjectives,True,False,True,False,317,-34.36164855957031,-35.36079788208008,1
The hidden men are scared.,The hid men are scared.,morphology,irregular_forms,irregular_past_participle_adjectives,True,False,True,False,318,-33.106231689453125,-33.681358337402344,1
The worn sweater is rough.,The wore sweater is rough.,morphology,irregular_forms,irregular_past_participle_adjectives,True,False,True,False,319,-40.957679748535156,-41.26881408691406,1
The worn coat wasn't red.,The wore coat wasn't red.,morphology,irregular_forms,irregular_past_participle_adjectives,True,False,True,False,320,-43.34873962402344,-42.792823791503906,0
The taken box was hidden.,The took box was hidden.,morphology,irregular_forms,irregular_past_participle_adjectives,True,False,True,False,321,-35.423885345458984,-33.774009704589844,0
The forgotten commentaries aren't good.,The forgot commentaries aren't good.,morphology,irregular_forms,irregular_past_participle_adjectives,True,False,True,False,322,-54.51361083984375,-53.495811462402344,0
The forgotten drivers were hidden.,The forgot drivers were hidden.,morphology,irregular_forms,irregular_past_participle_adjectives,True,False,True,False,323,-39.31139373779297,-38.979400634765625,0
The hidden socks were big.,The hid socks were big.,morphology,irregular_forms,irregular_past_participle_adjectives,True,False,True,False,324,-39.5792350769043,-39.18328857421875,0
The forgotten stories are bad.,The forgot stories are bad.,morphology,irregular_forms,irregular_past_participle_adjectives,True,False,True,False,325,-36.472618103027344,-35.36457443237305,0
The forgotten pamphlets aren't black.,The forgot pamphlets aren't black.,morphology,irregular_forms,irregular_past_participle_adjectives,True,False,True,False,326,-56.868408203125,-55.34496307373047,0
The known boys were hopeful.,The knew boys were hopeful.,morphology,irregular_forms,irregular_past_participle_adjectives,True,False,True,False,327,-34.84413146972656,-35.07941818237305,1
The broken windows weren't concealed.,The broke windows weren't concealed.,morphology,irregular_forms,irregular_past_participle_adjectives,True,False,True,False,328,-46.011695861816406,-47.32602310180664,1
The forgotten person isn't exposed.,The forgot person isn't exposed.,morphology,irregular_forms,irregular_past_participle_adjectives,True,False,True,False,329,-44.019142150878906,-43.12762451171875,0
The hidden jacket wasn't gray.,The hid jacket wasn't gray.,morphology,irregular_forms,irregular_past_participle_adjectives,True,False,True,False,330,-45.97288131713867,-45.88142013549805,0
The hidden blouses weren't black.,The hid blouses weren't black.,morphology,irregular_forms,irregular_past_participle_adjectives,True,False,True,False,331,-54.044395446777344,-54.072479248046875,1
The forgotten ladies were delighted.,The forgot ladies were delighted.,morphology,irregular_forms,irregular_past_participle_adjectives,True,False,True,False,332,-37.034324645996094,-35.92356491088867,0
The hidden turtles were lost.,The hid turtles were lost.,morphology,irregular_forms,irregular_past_participle_adjectives,True,False,True,False,333,-36.66381072998047,-37.23194885253906,1
The hidden oasis is concealed.,The hid oasis is concealed.,morphology,irregular_forms,irregular_past_participle_adjectives,True,False,True,False,334,-48.11980056762695,-48.32427978515625,1
The taken cats aren't small.,The took cats aren't small.,morphology,irregular_forms,irregular_past_participle_adjectives,True,False,True,False,335,-41.39200210571289,-39.686195373535156,0
The broken dish was popular.,The broke dish was popular.,morphology,irregular_forms,irregular_past_participle_adjectives,True,False,True,False,336,-36.367008209228516,-36.864784240722656,1
The taken shoes aren't hidden.,The took shoes aren't hidden.,morphology,irregular_forms,irregular_past_participle_adjectives,True,False,True,False,337,-43.4100341796875,-40.926307678222656,0
The broken cup is red.,The broke cup is red.,morphology,irregular_forms,irregular_past_participle_adjectives,True,False,True,False,338,-32.24164581298828,-33.35586166381836,1
The broken plate is white.,The broke plate is white.,morphology,irregular_forms,irregular_past_participle_adjectives,True,False,True,False,339,-34.22869110107422,-35.91302490234375,1
The forgotten man was hopeful.,The forgot man was hopeful.,morphology,irregular_forms,irregular_past_participle_adjectives,True,False,True,False,340,-36.6483268737793,-35.921295166015625,0
The broken screens were black.,The broke screens were black.,morphology,irregular_forms,irregular_past_participle_adjectives,True,False,True,False,341,-39.61083984375,-39.89087677001953,1
The broken cup isn't bad.,The broke cup isn't bad.,morphology,irregular_forms,irregular_past_participle_adjectives,True,False,True,False,342,-36.827308654785156,-37.912567138671875,1
The worn dresses were old.,The wore dresses were old.,morphology,irregular_forms,irregular_past_participle_adjectives,True,False,True,False,343,-39.511878967285156,-38.48847198486328,0
The hidden fish isn't big.,The hid fish isn't big.,morphology,irregular_forms,irregular_past_participle_adjectives,True,False,True,False,344,-39.548099517822266,-39.88191604614258,1
The taken candles aren't big.,The took candles aren't big.,morphology,irregular_forms,irregular_past_participle_adjectives,True,False,True,False,345,-41.99317169189453,-40.334259033203125,0
The worn scarf isn't yellow.,The wore scarf isn't yellow.,morphology,irregular_forms,irregular_past_participle_adjectives,True,False,True,False,346,-44.57402038574219,-44.406494140625,0
The known doctor wasn't old.,The knew doctor wasn't old.,morphology,irregular_forms,irregular_past_participle_adjectives,True,False,True,False,347,-38.726356506347656,-39.09177017211914,1
The broken glasses were purple.,The broke glasses were purple.,morphology,irregular_forms,irregular_past_participle_adjectives,True,False,True,False,348,-38.114784240722656,-39.035560607910156,1
The known men were exposed.,The knew men were exposed.,morphology,irregular_forms,irregular_past_participle_adjectives,True,False,True,False,349,-30.926910400390625,-31.3515682220459,1
The broken plate is rough.,The broke plate is rough.,morphology,irregular_forms,irregular_past_participle_adjectives,True,False,True,False,350,-35.93870544433594,-37.469425201416016,1
The broken computers were blue.,The broke computers were blue.,morphology,irregular_forms,irregular_past_participle_adjectives,True,False,True,False,351,-37.20396423339844,-38.73774719238281,1
The hidden octopi were out in the open.,The hid octopi were out in the open.,morphology,irregular_forms,irregular_past_participle_adjectives,True,False,True,False,352,-64.98170471191406,-63.860816955566406,0
The broken teeth are big.,The broke teeth are big.,morphology,irregular_forms,irregular_past_participle_adjectives,True,False,True,False,353,-34.223331451416016,-35.95185470581055,1
The broken feet aren't clean.,The broke feet aren't clean.,morphology,irregular_forms,irregular_past_participle_adjectives,True,False,True,False,354,-36.983375549316406,-38.520084381103516,1
The broken planes aren't hidden.,The broke planes aren't hidden.,morphology,irregular_forms,irregular_past_participle_adjectives,True,False,True,False,355,-44.4658088684082,-45.40838623046875,1
The broken glass was broken.,The broke glass was broken.,morphology,irregular_forms,irregular_past_participle_adjectives,True,False,True,False,356,-34.49648666381836,-35.53125762939453,1
The broken glass was green.,The broke glass was green.,morphology,irregular_forms,irregular_past_participle_adjectives,True,False,True,False,357,-35.99163055419922,-36.87422561645508,1
The worn blouse wasn't brown.,The wore blouse wasn't brown.,morphology,irregular_forms,irregular_past_participle_adjectives,True,False,True,False,358,-51.0784912109375,-50.535911560058594,0
The worn hat is hidden.,The wore hat is hidden.,morphology,irregular_forms,irregular_past_participle_adjectives,True,False,True,False,359,-38.191856384277344,-38.62021255493164,1
The broken unicycle was good.,The broke unicycle was good.,morphology,irregular_forms,irregular_past_participle_adjectives,True,False,True,False,360,-44.93487548828125,-44.941314697265625,1
The broken bikes were orange.,The broke bikes were orange.,morphology,irregular_forms,irregular_past_participle_adjectives,True,False,True,False,361,-39.44140625,-40.75892639160156,1
The broken cars aren't small.,The broke cars aren't small.,morphology,irregular_forms,irregular_past_participle_adjectives,True,False,True,False,362,-38.93186950683594,-40.29604721069336,1
The broken glass was small.,The broke glass was small.,morphology,irregular_forms,irregular_past_participle_adjectives,True,False,True,False,363,-35.75279998779297,-36.47441101074219,1
The forgotten waiters weren't confident.,The forgot waiters weren't confident.,morphology,irregular_forms,irregular_past_participle_adjectives,True,False,True,False,364,-53.242034912109375,-51.960479736328125,0
The worn shirt isn't brown.,The wore shirt isn't brown.,morphology,irregular_forms,irregular_past_participle_adjectives,True,False,True,False,365,-42.865203857421875,-42.91975784301758,1
The forgotten offspring wasn't unlucky.,The forgot offspring wasn't unlucky.,morphology,irregular_forms,irregular_past_participle_adjectives,True,False,True,False,366,-49.213233947753906,-47.70500183105469,0
The worn sock wasn't cheap.,The wore sock wasn't cheap.,morphology,irregular_forms,irregular_past_participle_adjectives,True,False,True,False,367,-44.568328857421875,-43.90638732910156,0
The broken planes aren't brown.,The broke planes aren't brown.,morphology,irregular_forms,irregular_past_participle_adjectives,True,False,True,False,368,-42.692588806152344,-43.825279235839844,1
The worn shawls weren't hard.,The wore shawls weren't hard.,morphology,irregular_forms,irregular_past_participle_adjectives,True,False,True,False,369,-57.9817008972168,-57.55998992919922,0
The taken paintings aren't gray.,The took paintings aren't gray.,morphology,irregular_forms,irregular_past_participle_adjectives,True,False,True,False,370,-45.31340408325195,-43.878883361816406,0
The hidden school was concealed.,The hid school was concealed.,morphology,irregular_forms,irregular_past_participle_adjectives,True,False,True,False,371,-37.2086181640625,-36.99856948852539,0
The forgotten boys are exposed.,The forgot boys are exposed.,morphology,irregular_forms,irregular_past_participle_adjectives,True,False,True,False,372,-36.996734619140625,-35.4620361328125,0
The forgotten actor wasn't busy.,The forgot actor wasn't busy.,morphology,irregular_forms,irregular_past_participle_adjectives,True,False,True,False,373,-45.32729721069336,-44.338348388671875,0
The hidden pies aren't blue.,The hid pies aren't blue.,morphology,irregular_forms,irregular_past_participle_adjectives,True,False,True,False,374,-43.904483795166016,-43.46727752685547,0
The worn blouses weren't rough.,The wore blouses weren't rough.,morphology,irregular_forms,irregular_past_participle_adjectives,True,False,True,False,375,-56.36846160888672,-55.73858642578125,0
The forgotten girl wasn't happy.,The forgot girl wasn't happy.,morphology,irregular_forms,irregular_past_participle_adjectives,True,False,True,False,376,-40.244346618652344,-38.66028594970703,0
The broken cart wasn't lost.,The broke cart wasn't lost.,morphology,irregular_forms,irregular_past_participle_adjectives,True,False,True,False,377,-39.00596237182617,-39.946136474609375,1
The taken steps were good.,The took steps were good.,morphology,irregular_forms,irregular_past_participle_adjectives,True,False,True,False,378,-33.37017822265625,-32.5616455078125,0
The broken carriages weren't yellow.,The broke carriages weren't yellow.,morphology,irregular_forms,irregular_past_participle_adjectives,True,False,True,False,379,-52.43144989013672,-53.49005889892578,1
The hidden school isn't bad.,The hid school isn't bad.,morphology,irregular_forms,irregular_past_participle_adjectives,True,False,True,False,380,-38.50840759277344,-38.611446380615234,1
The hidden library wasn't green.,The hid library wasn't green.,morphology,irregular_forms,irregular_past_participle_adjectives,True,False,True,False,381,-43.214447021484375,-43.457489013671875,1
The broken carriages were bad.,The broke carriages were bad.,morphology,irregular_forms,irregular_past_participle_adjectives,True,False,True,False,382,-46.60545349121094,-47.48447036743164,1
The worn hats weren't good.,The wore hats weren't good.,morphology,irregular_forms,irregular_past_participle_adjectives,True,False,True,False,383,-42.501121520996094,-41.84733581542969,0
The worn shirt isn't concealed.,The wore shirt isn't concealed.,morphology,irregular_forms,irregular_past_participle_adjectives,True,False,True,False,384,-45.02794647216797,-45.43547058105469,1
The broken bike was whole.,The broke bike was whole.,morphology,irregular_forms,irregular_past_participle_adjectives,True,False,True,False,385,-39.785614013671875,-41.109500885009766,1
The hidden window is red.,The hid window is red.,morphology,irregular_forms,irregular_past_participle_adjectives,True,False,True,False,386,-36.92112731933594,-37.3971061706543,1
The broken plane isn't small.,The broke plane isn't small.,morphology,irregular_forms,irregular_past_participle_adjectives,True,False,True,False,387,-39.62088394165039,-41.14229202270508,1
The worn jacket wasn't concealed.,The wore jacket wasn't concealed.,morphology,irregular_forms,irregular_past_participle_adjectives,True,False,True,False,388,-46.686973571777344,-46.68061828613281,0
The hidden report isn't popular.,The hid report isn't popular.,morphology,irregular_forms,irregular_past_participle_adjectives,True,False,True,False,389,-44.131492614746094,-43.921207427978516,0
The hidden patient was scared.,The hid patient was scared.,morphology,irregular_forms,irregular_past_participle_adjectives,True,False,True,False,390,-36.79747009277344,-36.80076599121094,1
The worn hat isn't hidden.,The wore hat isn't hidden.,morphology,irregular_forms,irregular_past_participle_adjectives,True,False,True,False,391,-44.47716522216797,-44.77758026123047,1
The worn sweaters aren't green.,The wore sweaters aren't green.,morphology,irregular_forms,irregular_past_participle_adjectives,True,False,True,False,392,-54.820343017578125,-54.44499969482422,0
The broken plane is black.,The broke plane is black.,morphology,irregular_forms,irregular_past_participle_adjectives,True,False,True,False,393,-34.5506477355957,-35.826934814453125,1
The broken unicycles aren't yellow.,The broke unicycles aren't yellow.,morphology,irregular_forms,irregular_past_participle_adjectives,True,False,True,False,394,-62.10007858276367,-62.48077392578125,1
The broken foot isn't cheap.,The broke foot isn't cheap.,morphology,irregular_forms,irregular_past_participle_adjectives,True,False,True,False,395,-39.16047668457031,-40.4015007019043,1
The forgotten commentaries were long.,The forgot commentaries were long.,morphology,irregular_forms,irregular_past_participle_adjectives,True,False,True,False,396,-51.26182556152344,-51.07127380371094,0
The forgotten customer isn't young.,The forgot customer isn't young.,morphology,irregular_forms,irregular_past_participle_adjectives,True,False,True,False,397,-45.18565368652344,-44.41834259033203,0
The forgotten offspring wasn't lost.,The forgot offspring wasn't lost.,morphology,irregular_forms,irregular_past_participle_adjectives,True,False,True,False,398,-45.098724365234375,-43.747703552246094,0
The hidden theses aren't gray.,The hid theses aren't gray.,morphology,irregular_forms,irregular_past_participle_adjectives,True,False,True,False,399,-51.78239822387695,-50.32308578491211,0
The worn shoes are clean.,The wore shoes are clean.,morphology,irregular_forms,irregular_past_participle_adjectives,True,False,True,False,400,-37.092620849609375,-36.71526336669922,0
The broken bicycle isn't red.,The broke bicycle isn't red.,morphology,irregular_forms,irregular_past_participle_adjectives,True,False,True,False,401,-40.875423431396484,-42.21337890625,1
The broken couches are white.,The broke couches are white.,morphology,irregular_forms,irregular_past_participle_adjectives,True,False,True,False,402,-45.402000427246094,-46.070457458496094,1
The known students aren't good.,The knew students aren't good.,morphology,irregular_forms,irregular_past_participle_adjectives,True,False,True,False,403,-37.039215087890625,-37.759918212890625,1
The taken bread isn't orange.,The took bread isn't orange.,morphology,irregular_forms,irregular_past_participle_adjectives,True,False,True,False,404,-39.16411209106445,-37.3603630065918,0
The broken carriages are green.,The broke carriages are green.,morphology,irregular_forms,irregular_past_participle_adjectives,True,False,True,False,405,-46.57339096069336,-47.63825225830078,1
The known cashiers are excited.,The knew cashiers are excited.,morphology,irregular_forms,irregular_past_participle_adjectives,True,False,True,False,406,-46.09713363647461,-47.0356330871582,1
The taken lights weren't orange.,The took lights weren't orange.,morphology,irregular_forms,irregular_past_participle_adjectives,True,False,True,False,407,-41.51483154296875,-39.81539535522461,0
The forgotten analyses are bad.,The forgot analyses are bad.,morphology,irregular_forms,irregular_past_participle_adjectives,True,False,True,False,408,-40.104915618896484,-38.487388610839844,0
The broken chairs weren't important.,The broke chairs weren't important.,morphology,irregular_forms,irregular_past_participle_adjectives,True,False,True,False,409,-43.917449951171875,-44.847389221191406,1
The broken carriage isn't yellow.,The broke carriage isn't yellow.,morphology,irregular_forms,irregular_past_participle_adjectives,True,False,True,False,410,-40.15354919433594,-41.328399658203125,1
The known waitresses weren't clever.,The knew waitresses weren't clever.,morphology,irregular_forms,irregular_past_participle_adjectives,True,False,True,False,411,-52.95569610595703,-53.60052490234375,1
The broken vase was green.,The broke vase was green.,morphology,irregular_forms,irregular_past_participle_adjectives,True,False,True,False,412,-43.49119567871094,-43.91505432128906,1
The broken dish was purple.,The broke dish was purple.,morphology,irregular_forms,irregular_past_participle_adjectives,True,False,True,False,413,-37.5540771484375,-38.604888916015625,1
The hidden candles are white.,The hid candles are white.,morphology,irregular_forms,irregular_past_participle_adjectives,True,False,True,False,414,-38.23872756958008,-38.85179138183594,1
The worn scarves were rough.,The wore scarves were rough.,morphology,irregular_forms,irregular_past_participle_adjectives,True,False,True,False,415,-49.929466247558594,-48.89048385620117,0
The worn glove is popular.,The wore glove is popular.,morphology,irregular_forms,irregular_past_participle_adjectives,True,False,True,False,416,-39.57734680175781,-39.634483337402344,1
The worn pants weren't messy.,The wore pants weren't messy.,morphology,irregular_forms,irregular_past_participle_adjectives,True,False,True,False,417,-47.68606948852539,-46.75811767578125,0
The taken movie theater is small.,The took movie theater is small.,morphology,irregular_forms,irregular_past_participle_adjectives,True,False,True,False,418,-45.621376037597656,-46.02243423461914,1
The hidden wheelbarrow is out in the open.,The hid wheelbarrow is out in the open.,morphology,irregular_forms,irregular_past_participle_adjectives,True,False,True,False,419,-70.2236099243164,-67.96345520019531,0
The worn shoe wasn't popular.,The wore shoe wasn't popular.,morphology,irregular_forms,irregular_past_participle_adjectives,True,False,True,False,420,-44.86316680908203,-44.71588134765625,0
The forgotten guys were employed.,The forgot guys were employed.,morphology,irregular_forms,irregular_past_participle_adjectives,True,False,True,False,421,-37.064170837402344,-36.18206024169922,0
The worn socks are blue.,The wore socks are blue.,morphology,irregular_forms,irregular_past_participle_adjectives,True,False,True,False,422,-37.35700225830078,-37.355812072753906,0
The hidden ladies were exposed.,The hid ladies were exposed.,morphology,irregular_forms,irregular_past_participle_adjectives,True,False,True,False,423,-37.618446350097656,-37.676658630371094,1
The worn glasses were small.,The wore glasses were small.,morphology,irregular_forms,irregular_past_participle_adjectives,True,False,True,False,424,-38.05322265625,-38.2354850769043,1
The taken sheep wasn't smooth.,The took sheep wasn't smooth.,morphology,irregular_forms,irregular_past_participle_adjectives,True,False,True,False,425,-43.44456481933594,-41.14128494262695,0
The worn shirt was yellow.,The wore shirt was yellow.,morphology,irregular_forms,irregular_past_participle_adjectives,True,False,True,False,426,-37.87257766723633,-38.28874206542969,1
The hidden rug was hidden.,The hid rug was hidden.,morphology,irregular_forms,irregular_past_participle_adjectives,True,False,True,False,427,-38.983642578125,-38.29631042480469,0
The broken computer was hard.,The broke computer was hard.,morphology,irregular_forms,irregular_past_participle_adjectives,True,False,True,False,428,-34.24317932128906,-35.44352722167969,1
The worn sweaters were important.,The wore sweaters were important.,morphology,irregular_forms,irregular_past_participle_adjectives,True,False,True,False,429,-48.89532470703125,-48.53998947143555,0
The known actresses were employed.,The knew actresses were employed.,morphology,irregular_forms,irregular_past_participle_adjectives,True,False,True,False,430,-38.336181640625,-39.14611053466797,1
The worn skirt isn't cheap.,The wore skirt isn't cheap.,morphology,irregular_forms,irregular_past_participle_adjectives,True,False,True,False,431,-44.4276123046875,-44.305171966552734,0
The taken forks weren't out in the open.,The took forks weren't out in the open.,morphology,irregular_forms,irregular_past_participle_adjectives,True,False,True,False,432,-56.899593353271484,-54.93229675292969,0
The hidden dress was bad.,The hid dress was bad.,morphology,irregular_forms,irregular_past_participle_adjectives,True,False,True,False,433,-36.511783599853516,-36.752044677734375,1
The known senators were important.,The knew senators were important.,morphology,irregular_forms,irregular_past_participle_adjectives,True,False,True,False,434,-36.893280029296875,-37.58657455444336,1
The worn sweater wasn't brown.,The wore sweater wasn't brown.,morphology,irregular_forms,irregular_past_participle_adjectives,True,False,True,False,435,-46.70279312133789,-46.15129852294922,0
The worn shoes are small.,The wore shoes are small.,morphology,irregular_forms,irregular_past_participle_adjectives,True,False,True,False,436,-36.13118362426758,-35.99596405029297,0
The taken carriage is white.,The took carriage is white.,morphology,irregular_forms,irregular_past_participle_adjectives,True,False,True,False,437,-36.46669006347656,-35.3074951171875,0
The taken computers are good.,The took computers are good.,morphology,irregular_forms,irregular_past_participle_adjectives,True,False,True,False,438,-34.8201904296875,-34.49058532714844,0
The hidden candles are big.,The hid candles are big.,morphology,irregular_forms,irregular_past_participle_adjectives,True,False,True,False,439,-38.80781555175781,-39.68967056274414,1
The broken chairs were popular.,The broke chairs were popular.,morphology,irregular_forms,irregular_past_participle_adjectives,True,False,True,False,440,-37.60992431640625,-38.29294967651367,1
The hidden casserole isn't brown.,The hid casserole isn't brown.,morphology,irregular_forms,irregular_past_participle_adjectives,True,False,True,False,441,-61.3574333190918,-60.967586517333984,0
The worn socks were smooth.,The wore socks were smooth.,morphology,irregular_forms,irregular_past_participle_adjectives,True,False,True,False,442,-39.2662239074707,-39.3258056640625,1
The taken wheelbarrows are important.,The took wheelbarrows are important.,morphology,irregular_forms,irregular_past_participle_adjectives,True,False,True,False,443,-55.16724395751953,-53.62233352661133,0
The taken lamps weren't red.,The took lamps weren't red.,morphology,irregular_forms,irregular_past_participle_adjectives,True,False,True,False,444,-44.98749542236328,-43.45020294189453,0
The broken chair is new.,The broke chair is new.,morphology,irregular_forms,irregular_past_participle_adjectives,True,False,True,False,445,-35.83045959472656,-37.588890075683594,1
The broken unicycle was brown.,The broke unicycle was brown.,morphology,irregular_forms,irregular_past_participle_adjectives,True,False,True,False,446,-46.9318962097168,-46.90206527709961,0
The hidden college campus isn't hard.,The hid college campus isn't hard.,morphology,irregular_forms,irregular_past_participle_adjectives,True,False,True,False,447,-51.73493957519531,-51.6568603515625,0
The hidden sweater is small.,The hid sweater is small.,morphology,irregular_forms,irregular_past_participle_adjectives,True,False,True,False,448,-39.73379898071289,-40.077850341796875,1
The known actress isn't exposed.,The knew actress isn't exposed.,morphology,irregular_forms,irregular_past_participle_adjectives,True,False,True,False,449,-42.31507110595703,-44.77549743652344,1
The forgotten guests aren't serious.,The forgot guests aren't serious.,morphology,irregular_forms,irregular_past_participle_adjectives,True,False,True,False,450,-44.368934631347656,-43.468528747558594,0
The taken pepper is big.,The took pepper is big.,morphology,irregular_forms,irregular_past_participle_adjectives,True,False,True,False,451,-36.92721939086914,-35.56315612792969,0
The worn sweaters are black.,The wore sweaters are black.,morphology,irregular_forms,irregular_past_participle_adjectives,True,False,True,False,452,-50.10485076904297,-49.515464782714844,0
The broken bike is important.,The broke bike is important.,morphology,irregular_forms,irregular_past_participle_adjectives,True,False,True,False,453,-32.92750549316406,-34.41242218017578,1
The known children are determined.,The knew children are determined.,morphology,irregular_forms,irregular_past_participle_adjectives,True,False,True,False,454,-33.08793640136719,-33.1304931640625,1
The forgotten synopsis was good.,The forgot synopsis was good.,morphology,irregular_forms,irregular_past_participle_adjectives,True,False,True,False,455,-42.82280731201172,-41.267311096191406,0
The broken glasses aren't hidden.,The broke glasses aren't hidden.,morphology,irregular_forms,irregular_past_participle_adjectives,True,False,True,False,456,-43.69811248779297,-44.114501953125,1
The worn scarves were green.,The wore scarves were green.,morphology,irregular_forms,irregular_past_participle_adjectives,True,False,True,False,457,-49.35462188720703,-48.5410041809082,0
The broken bike was out in the open.,The broke bike was out in the open.,morphology,irregular_forms,irregular_past_participle_adjectives,True,False,True,False,458,-47.45360565185547,-48.699607849121094,1
The worn scarf isn't lost.,The wore scarf isn't lost.,morphology,irregular_forms,irregular_past_participle_adjectives,True,False,True,False,459,-43.21336364746094,-43.30716323852539,1
The broken carts weren't lost.,The broke carts weren't lost.,morphology,irregular_forms,irregular_past_participle_adjectives,True,False,True,False,460,-44.0111083984375,-44.2039680480957,1
The forgotten dancers were bad.,The forgot dancers were bad.,morphology,irregular_forms,irregular_past_participle_adjectives,True,False,True,False,461,-39.41942596435547,-38.48472595214844,0
The broken window was small.,The broke window was small.,morphology,irregular_forms,irregular_past_participle_adjectives,True,False,True,False,462,-34.772422790527344,-35.89330291748047,1
The broken computers weren't important.,The broke computers weren't important.,morphology,irregular_forms,irregular_past_participle_adjectives,True,False,True,False,463,-44.82407760620117,-46.1533203125,1
The worn blouses are exposed.,The wore blouses are exposed.,morphology,irregular_forms,irregular_past_participle_adjectives,True,False,True,False,464,-48.82979965209961,-48.572513580322266,0
The known ladies weren't scared.,The knew ladies weren't scared.,morphology,irregular_forms,irregular_past_participle_adjectives,True,False,True,False,465,-41.555274963378906,-41.41434097290039,0
The broken bicycles were cheap.,The broke bicycles were cheap.,morphology,irregular_forms,irregular_past_participle_adjectives,True,False,True,False,466,-40.03184509277344,-40.3761100769043,1
The broken bicycle is good.,The broke bicycle is good.,morphology,irregular_forms,irregular_past_participle_adjectives,True,False,True,False,467,-33.94648742675781,-35.46424102783203,1
The known guests were employed.,The knew guests were employed.,morphology,irregular_forms,irregular_past_participle_adjectives,True,False,True,False,468,-35.586204528808594,-35.459632873535156,0
The hidden women were serious.,The hid women were serious.,morphology,irregular_forms,irregular_past_participle_adjectives,True,False,True,False,469,-34.990089416503906,-35.489524841308594,1
The broken fork was messy.,The broke fork was messy.,morphology,irregular_forms,irregular_past_participle_adjectives,True,False,True,False,470,-38.55591583251953,-39.39832305908203,1
The forgotten people aren't unemployed.,The forgot people aren't unemployed.,morphology,irregular_forms,irregular_past_participle_adjectives,True,False,True,False,471,-42.85038757324219,-41.721038818359375,0
The taken bike is black.,The took bike is black.,morphology,irregular_forms,irregular_past_participle_adjectives,True,False,True,False,472,-36.82691192626953,-35.47980880737305,0
The taken pamphlet was small.,The took pamphlet was small.,morphology,irregular_forms,irregular_past_participle_adjectives,True,False,True,False,473,-39.05257034301758,-38.17744445800781,0
The hidden socks are old.,The hid socks are old.,morphology,irregular_forms,irregular_past_participle_adjectives,True,False,True,False,474,-37.87955093383789,-37.74938201904297,0
The broken convertible isn't green.,The broke convertible isn't green.,morphology,irregular_forms,irregular_past_participle_adjectives,True,False,True,False,475,-43.13825988769531,-44.27125549316406,1
The worn shoe isn't white.,The wore shoe isn't white.,morphology,irregular_forms,irregular_past_participle_adjectives,True,False,True,False,476,-41.81346130371094,-41.80805587768555,0
The broken unicycle was red.,The broke unicycle was red.,morphology,irregular_forms,irregular_past_participle_adjectives,True,False,True,False,477,-45.568199157714844,-45.746192932128906,1
The worn blouse was out in the open.,The wore blouse was out in the open.,morphology,irregular_forms,irregular_past_participle_adjectives,True,False,True,False,478,-56.02341842651367,-55.742149353027344,0
The broken unicycles were big.,The broke unicycles were big.,morphology,irregular_forms,irregular_past_participle_adjectives,True,False,True,False,479,-58.3548698425293,-58.60183334350586,1
The hidden slope is hard.,The hid slope is hard.,morphology,irregular_forms,irregular_past_participle_adjectives,True,False,True,False,480,-39.27840042114258,-39.53491973876953,1
The broken couches were bad.,The broke couches were bad.,morphology,irregular_forms,irregular_past_participle_adjectives,True,False,True,False,481,-46.576446533203125,-47.01307678222656,1
The worn blouses were popular.,The wore blouses were popular.,morphology,irregular_forms,irregular_past_participle_adjectives,True,False,True,False,482,-48.184852600097656,-48.11577606201172,0
The forgotten pamphlets are big.,The forgot pamphlets are big.,morphology,irregular_forms,irregular_past_participle_adjectives,True,False,True,False,483,-52.53915786743164,-50.75819778442383,0
The broken wheelbarrow is out in the open.,The broke wheelbarrow is out in the open.,morphology,irregular_forms,irregular_past_participle_adjectives,True,False,True,False,484,-66.05487060546875,-67.55661010742188,1
The worn skirts weren't important.,The wore skirts weren't important.,morphology,irregular_forms,irregular_past_participle_adjectives,True,False,True,False,485,-47.779293060302734,-46.80213165283203,0
The hidden drivers were excited.,The hid drivers were excited.,morphology,irregular_forms,irregular_past_participle_adjectives,True,False,True,False,486,-38.483055114746094,-39.15409469604492,1
The known people aren't determined.,The knew people aren't determined.,morphology,irregular_forms,irregular_past_participle_adjectives,True,False,True,False,487,-38.7187614440918,-38.892757415771484,1
The broken skateboard was green.,The broke skateboard was green.,morphology,irregular_forms,irregular_past_participle_adjectives,True,False,True,False,488,-47.595001220703125,-47.400909423828125,0
The broken foot wasn't rough.,The broke foot wasn't rough.,morphology,irregular_forms,irregular_past_participle_adjectives,True,False,True,False,489,-40.824317932128906,-42.34627914428711,1
The forgotten men are upset.,The forgot men are upset.,morphology,irregular_forms,irregular_past_participle_adjectives,True,False,True,False,490,-34.54472732543945,-33.39879608154297,0
The broken screen was black.,The broke screen was black.,morphology,irregular_forms,irregular_past_participle_adjectives,True,False,True,False,491,-35.923091888427734,-36.462669372558594,1
The hidden cacti weren't gray.,The hid cacti weren't gray.,morphology,irregular_forms,irregular_past_participle_adjectives,True,False,True,False,492,-59.40378189086914,-58.982025146484375,0
The hidden mirrors weren't out in the open.,The hid mirrors weren't out in the open.,morphology,irregular_forms,irregular_past_participle_adjectives,True,False,True,False,493,-60.11727523803711,-59.01064682006836,0
The broken carriage is new.,The broke carriage is new.,morphology,irregular_forms,irregular_past_participle_adjectives,True,False,True,False,494,-36.835079193115234,-38.16798782348633,1
The broken dish wasn't big.,The broke dish wasn't big.,morphology,irregular_forms,irregular_past_participle_adjectives,True,False,True,False,495,-40.07997512817383,-41.255096435546875,1
The broken couch is clean.,The broke couch is clean.,morphology,irregular_forms,irregular_past_participle_adjectives,True,False,True,False,496,-36.06185531616211,-37.1558723449707,1
The worn scarf was out in the open.,The wore scarf was out in the open.,morphology,irregular_forms,irregular_past_participle_adjectives,True,False,True,False,497,-51.44882583618164,-51.31126022338867,0
The hidden fork was blue.,The hid fork was blue.,morphology,irregular_forms,irregular_past_participle_adjectives,True,False,True,False,498,-38.631813049316406,-38.5460205078125,0
The worn shoes are new.,The wore shoes are new.,morphology,irregular_forms,irregular_past_participle_adjectives,True,False,True,False,499,-38.672264099121094,-38.14385986328125,0
The hidden cart is popular.,The hid cart is popular.,morphology,irregular_forms,irregular_past_participle_adjectives,True,False,True,False,500,-38.94059371948242,-40.80190658569336,1
The broken mirror is good.,The broke mirror is good.,morphology,irregular_forms,irregular_past_participle_adjectives,True,False,True,False,501,-33.28677749633789,-34.35447311401367,1
The forgotten plays weren't bad.,The forgot plays weren't bad.,morphology,irregular_forms,irregular_past_participle_adjectives,True,False,True,False,502,-43.31691360473633,-42.02540969848633,0
The hidden couches were rough.,The hid couches were rough.,morphology,irregular_forms,irregular_past_participle_adjectives,True,False,True,False,503,-49.98824691772461,-49.969974517822266,0
The broken couch wasn't lost.,The broke couch wasn't lost.,morphology,irregular_forms,irregular_past_participle_adjectives,True,False,True,False,504,-40.74555206298828,-41.95822525024414,1
The taken chair isn't green.,The took chair isn't green.,morphology,irregular_forms,irregular_past_participle_adjectives,True,False,True,False,505,-39.876312255859375,-37.59012985229492,0
The hidden sketches weren't blue.,The hid sketches weren't blue.,morphology,irregular_forms,irregular_past_participle_adjectives,True,False,True,False,506,-45.86091613769531,-45.547637939453125,0
The broken bikes are good.,The broke bikes are good.,morphology,irregular_forms,irregular_past_participle_adjectives,True,False,True,False,507,-35.026153564453125,-36.24361038208008,1
The known dancer is big.,The knew dancer is big.,morphology,irregular_forms,irregular_past_participle_adjectives,True,False,True,False,508,-35.45256423950195,-37.414634704589844,1
The broken wheelbarrows were rough.,The broke wheelbarrows were rough.,morphology,irregular_forms,irregular_past_participle_adjectives,True,False,True,False,509,-57.62688446044922,-58.424537658691406,1
The broken wheelbarrow isn't black.,The broke wheelbarrow isn't black.,morphology,irregular_forms,irregular_past_participle_adjectives,True,False,True,False,510,-57.92548370361328,-59.009063720703125,1
The broken carts aren't gray.,The broke carts aren't gray.,morphology,irregular_forms,irregular_past_participle_adjectives,True,False,True,False,511,-46.124576568603516,-46.29358673095703,1
The hidden bread is purple.,The hid bread is purple.,morphology,irregular_forms,irregular_past_participle_adjectives,True,False,True,False,512,-37.817893981933594,-38.748085021972656,1
The broken unicycle was orange.,The broke unicycle was orange.,morphology,irregular_forms,irregular_past_participle_adjectives,True,False,True,False,513,-47.64280700683594,-47.79933166503906,1
The known boys weren't ill.,The knew boys weren't ill.,morphology,irregular_forms,irregular_past_participle_adjectives,True,False,True,False,514,-39.471763610839844,-38.95389938354492,0
The taken apple was fresh.,The took apple was fresh.,morphology,irregular_forms,irregular_past_participle_adjectives,True,False,True,False,515,-36.80503845214844,-35.335716247558594,0
The worn blouses aren't lost.,The wore blouses aren't lost.,morphology,irregular_forms,irregular_past_participle_adjectives,True,False,True,False,516,-52.341487884521484,-52.09479522705078,0
The known lady isn't small.,The knew lady isn't small.,morphology,irregular_forms,irregular_past_participle_adjectives,True,False,True,False,517,-39.28956604003906,-38.571250915527344,0
The worn skirt isn't new.,The wore skirt isn't new.,morphology,irregular_forms,irregular_past_participle_adjectives,True,False,True,False,518,-44.42185974121094,-43.82959747314453,0
The worn socks were gray.,The wore socks were gray.,morphology,irregular_forms,irregular_past_participle_adjectives,True,False,True,False,519,-39.76091766357422,-39.769126892089844,1
The broken carts are whole.,The broke carts are whole.,morphology,irregular_forms,irregular_past_participle_adjectives,True,False,True,False,520,-41.27659606933594,-42.06293487548828,1
The worn sock isn't smooth.,The wore sock isn't smooth.,morphology,irregular_forms,irregular_past_participle_adjectives,True,False,True,False,521,-44.728668212890625,-44.31671905517578,0
The forgotten alumni aren't confident.,The forgot alumni aren't confident.,morphology,irregular_forms,irregular_past_participle_adjectives,True,False,True,False,522,-49.078617095947266,-47.82319641113281,0
The forgotten alumni are unconvinced.,The forgot alumni are unconvinced.,morphology,irregular_forms,irregular_past_participle_adjectives,True,False,True,False,523,-65.23770141601562,-64.23014831542969,0
The hidden plane is cheap.,The hid plane is cheap.,morphology,irregular_forms,irregular_past_participle_adjectives,True,False,True,False,524,-39.26433563232422,-39.895233154296875,1
The known girls weren't delighted.,The knew girls weren't delighted.,morphology,irregular_forms,irregular_past_participle_adjectives,True,False,True,False,525,-41.763427734375,-41.437522888183594,0
The forgotten teenager wasn't uncertain.,The forgot teenager wasn't uncertain.,morphology,irregular_forms,irregular_past_participle_adjectives,True,False,True,False,526,-49.85970687866211,-48.63298797607422,0
The known drivers aren't unemployed.,The knew drivers aren't unemployed.,morphology,irregular_forms,irregular_past_participle_adjectives,True,False,True,False,527,-45.4193000793457,-46.65864181518555,1
The broken truck isn't small.,The broke truck isn't small.,morphology,irregular_forms,irregular_past_participle_adjectives,True,False,True,False,528,-38.092254638671875,-39.274497985839844,1
The forgotten waitress isn't concealed.,The forgot waitress isn't concealed.,morphology,irregular_forms,irregular_past_participle_adjectives,True,False,True,False,529,-50.00791549682617,-49.230812072753906,0
The hidden scarf wasn't brown.,The hid scarf wasn't brown.,morphology,irregular_forms,irregular_past_participle_adjectives,True,False,True,False,530,-46.31664276123047,-46.30723190307617,0
The known patients were hopeful.,The knew patients were hopeful.,morphology,irregular_forms,irregular_past_participle_adjectives,True,False,True,False,531,-38.112430572509766,-38.74407196044922,1
The hidden photographs are blue.,The hid photographs are blue.,morphology,irregular_forms,irregular_past_participle_adjectives,True,False,True,False,532,-37.72624206542969,-38.524658203125,1
The broken chairs are gray.,The broke chairs are gray.,morphology,irregular_forms,irregular_past_participle_adjectives,True,False,True,False,533,-37.79861831665039,-39.16853332519531,1
The broken bicycle is black.,The broke bicycle is black.,morphology,irregular_forms,irregular_past_participle_adjectives,True,False,True,False,534,-36.55401611328125,-37.511474609375,1
The hidden slope was yellow.,The hid slope was yellow.,morphology,irregular_forms,irregular_past_participle_adjectives,True,False,True,False,535,-40.76033020019531,-40.62004089355469,0
The forgotten plays aren't popular.,The forgot plays aren't popular.,morphology,irregular_forms,irregular_past_participle_adjectives,True,False,True,False,536,-45.54563903808594,-44.17875289916992,0
The known boy is content.,The knew boy is content.,morphology,irregular_forms,irregular_past_participle_adjectives,True,False,True,False,537,-33.382598876953125,-33.584720611572266,1
The broken bicycles are cheap.,The broke bicycles are cheap.,morphology,irregular_forms,irregular_past_participle_adjectives,True,False,True,False,538,-38.7047119140625,-39.297481536865234,1
The taken gloves weren't important.,The took gloves weren't important.,morphology,irregular_forms,irregular_past_participle_adjectives,True,False,True,False,539,-44.38910675048828,-43.17477035522461,0
The worn skirt was bad.,The wore skirt was bad.,morphology,irregular_forms,irregular_past_participle_adjectives,True,False,True,False,540,-39.11299514770508,-39.024261474609375,0
The hidden college campus isn't yellow.,The hid college campus isn't yellow.,morphology,irregular_forms,irregular_past_participle_adjectives,True,False,True,False,541,-53.59385681152344,-53.32442092895508,0
The known customer isn't hopeful.,The knew customer isn't hopeful.,morphology,irregular_forms,irregular_past_participle_adjectives,True,False,True,False,542,-44.59697723388672,-45.30127716064453,1
The hidden actor isn't smart.,The hid actor isn't smart.,morphology,irregular_forms,irregular_past_participle_adjectives,True,False,True,False,543,-44.000640869140625,-44.608036041259766,1
The hidden carriages were gray.,The hid carriages were gray.,morphology,irregular_forms,irregular_past_participle_adjectives,True,False,True,False,544,-50.83912658691406,-50.2863883972168,0
The broken bicycles are broken.,The broke bicycles are broken.,morphology,irregular_forms,irregular_past_participle_adjectives,True,False,True,False,545,-37.347312927246094,-38.039432525634766,1
The known girls are busy.,The knew girls are busy.,morphology,irregular_forms,irregular_past_participle_adjectives,True,False,True,False,546,-30.850971221923828,-31.269062042236328,1
The broken wheelbarrow isn't hard.,The broke wheelbarrow isn't hard.,morphology,irregular_forms,irregular_past_participle_adjectives,True,False,True,False,547,-57.0152587890625,-58.379676818847656,1
The known teenager isn't busy.,The knew teenager isn't busy.,morphology,irregular_forms,irregular_past_participle_adjectives,True,False,True,False,548,-43.08378219604492,-44.329566955566406,1
The taken axes are brown.,The took axes are brown.,morphology,irregular_forms,irregular_past_participle_adjectives,True,False,True,False,549,-38.31990432739258,-38.15348815917969,0
The broken computer isn't blue.,The broke computer isn't blue.,morphology,irregular_forms,irregular_past_participle_adjectives,True,False,True,False,550,-38.46817398071289,-39.86176300048828,1
The worn socks aren't important.,The wore socks aren't important.,morphology,irregular_forms,irregular_past_participle_adjectives,True,False,True,False,551,-45.080543518066406,-43.95404815673828,0
The worn glove is rough.,The wore glove is rough.,morphology,irregular_forms,irregular_past_participle_adjectives,True,False,True,False,552,-41.448978424072266,-41.24752426147461,0
The forgotten teachers are small.,The forgot teachers are small.,morphology,irregular_forms,irregular_past_participle_adjectives,True,False,True,False,553,-37.19822692871094,-36.067588806152344,0
The broken bike is brown.,The broke bike is brown.,morphology,irregular_forms,irregular_past_participle_adjectives,True,False,True,False,554,-35.5814208984375,-37.22268295288086,1
The hidden closet isn't hard.,The hid closet isn't hard.,morphology,irregular_forms,irregular_past_participle_adjectives,True,False,True,False,555,-41.89320373535156,-41.7020149230957,0
The known offspring aren't standing.,The knew offspring aren't standing.,morphology,irregular_forms,irregular_past_participle_adjectives,True,False,True,False,556,-45.239585876464844,-45.0766487121582,0
The broken convertible is orange.,The broke convertible is orange.,morphology,irregular_forms,irregular_past_participle_adjectives,True,False,True,False,557,-39.80605697631836,-41.259376525878906,1
The broken cups are new.,The broke cups are new.,morphology,irregular_forms,irregular_past_participle_adjectives,True,False,True,False,558,-36.29457092285156,-37.302005767822266,1
The worn blouses were rough.,The wore blouses were rough.,morphology,irregular_forms,irregular_past_participle_adjectives,True,False,True,False,559,-49.545291900634766,-49.136817932128906,0
The worn sweater was good.,The wore sweater was good.,morphology,irregular_forms,irregular_past_participle_adjectives,True,False,True,False,560,-38.16029357910156,-38.33795928955078,1
The forgotten driver was displeased.,The forgot driver was displeased.,morphology,irregular_forms,irregular_past_participle_adjectives,True,False,True,False,561,-49.46894836425781,-49.20016860961914,0
The hidden rug was yellow.,The hid rug was yellow.,morphology,irregular_forms,irregular_past_participle_adjectives,True,False,True,False,562,-39.546775817871094,-38.9650993347168,0
The broken bike wasn't new.,The broke bike wasn't new.,morphology,irregular_forms,irregular_past_participle_adjectives,True,False,True,False,563,-41.486419677734375,-43.30518341064453,1
The hidden doctors were unsure.,The hid doctors were unsure.,morphology,irregular_forms,irregular_past_participle_adjectives,True,False,True,False,564,-41.853599548339844,-41.911888122558594,1
The forgotten movie was good.,The forgot movie was good.,morphology,irregular_forms,irregular_past_participle_adjectives,True,False,True,False,565,-36.02315139770508,-35.46952819824219,0
The known men were troubled.,The knew men were troubled.,morphology,irregular_forms,irregular_past_participle_adjectives,True,False,True,False,566,-31.211814880371094,-31.40050506591797,1
The worn skirts are brown.,The wore skirts are brown.,morphology,irregular_forms,irregular_past_participle_adjectives,True,False,True,False,567,-40.971832275390625,-40.08383560180664,0
The broken carriage is popular.,The broke carriage is popular.,morphology,irregular_forms,irregular_past_participle_adjectives,True,False,True,False,568,-36.52431869506836,-37.381500244140625,1
The broken planes are blue.,The broke planes are blue.,morphology,irregular_forms,irregular_past_participle_adjectives,True,False,True,False,569,-35.053951263427734,-36.86381530761719,1
The forgotten drivers weren't unconvinced.,The forgot drivers weren't unconvinced.,morphology,irregular_forms,irregular_past_participle_adjectives,True,False,True,False,570,-69.50624084472656,-68.66265106201172,0
The worn shirt isn't new.,The wore shirt isn't new.,morphology,irregular_forms,irregular_past_participle_adjectives,True,False,True,False,571,-42.98314666748047,-42.892738342285156,0
The broken cart isn't green.,The broke cart isn't green.,morphology,irregular_forms,irregular_past_participle_adjectives,True,False,True,False,572,-39.01551818847656,-39.98114013671875,1
The taken sweaters aren't important.,The took sweaters aren't important.,morphology,irregular_forms,irregular_past_participle_adjectives,True,False,True,False,573,-54.31880187988281,-52.42998504638672,0
The broken dishes were red.,The broke dishes were red.,morphology,irregular_forms,irregular_past_participle_adjectives,True,False,True,False,574,-36.18247604370117,-37.204830169677734,1
The worn scarves aren't bad.,The wore scarves aren't bad.,morphology,irregular_forms,irregular_past_participle_adjectives,True,False,True,False,575,-52.19990158081055,-51.3092041015625,0
The known adult isn't small.,The knew adult isn't small.,morphology,irregular_forms,irregular_past_participle_adjectives,True,False,True,False,576,-38.929931640625,-40.635894775390625,1
The forgotten actresses are unconvinced.,The forgot actresses are unconvinced.,morphology,irregular_forms,irregular_past_participle_adjectives,True,False,True,False,577,-64.06420135498047,-63.32177734375,0
The known actress isn't standing.,The knew actress isn't standing.,morphology,irregular_forms,irregular_past_participle_adjectives,True,False,True,False,578,-40.79485321044922,-43.2080078125,1
The hidden senators aren't standing.,The hid senators aren't standing.,morphology,irregular_forms,irregular_past_participle_adjectives,True,False,True,False,579,-48.15854263305664,-47.85061264038086,0
The broken convertible wasn't red.,The broke convertible wasn't red.,morphology,irregular_forms,irregular_past_participle_adjectives,True,False,True,False,580,-43.814571380615234,-45.50054168701172,1
The broken window is new.,The broke window is new.,morphology,irregular_forms,irregular_past_participle_adjectives,True,False,True,False,581,-35.82924270629883,-37.17763137817383,1
The worn shoe is important.,The wore shoe is important.,morphology,irregular_forms,irregular_past_participle_adjectives,True,False,True,False,582,-35.648014068603516,-36.00551223754883,1
The worn scarves were black.,The wore scarves were black.,morphology,irregular_forms,irregular_past_participle_adjectives,True,False,True,False,583,-48.93355178833008,-48.22162628173828,0
The taken axes were big.,The took axes were big.,morphology,irregular_forms,irregular_past_participle_adjectives,True,False,True,False,584,-39.088409423828125,-37.79563903808594,0
The known man isn't happy.,The knew man isn't happy.,morphology,irregular_forms,irregular_past_participle_adjectives,True,False,True,False,585,-36.312259674072266,-35.861385345458984,0
The known alumnus isn't lucky.,The knew alumnus isn't lucky.,morphology,irregular_forms,irregular_past_participle_adjectives,True,False,True,False,586,-56.972904205322266,-58.21619415283203,1
The forgotten doctor wasn't smart.,The forgot doctor wasn't smart.,morphology,irregular_forms,irregular_past_participle_adjectives,True,False,True,False,587,-43.89577865600586,-42.51691436767578,0
The known waitresses were big.,The knew waitresses were big.,morphology,irregular_forms,irregular_past_participle_adjectives,True,False,True,False,588,-47.427188873291016,-48.18384552001953,1
The forgotten analysis is good.,The forgot analysis is good.,morphology,irregular_forms,irregular_past_participle_adjectives,True,False,True,False,589,-38.25092697143555,-37.148651123046875,0
The forgotten children are clever.,The forgot children are clever.,morphology,irregular_forms,irregular_past_participle_adjectives,True,False,True,False,590,-35.536590576171875,-34.416465759277344,0
The broken tooth was gray.,The broke tooth was gray.,morphology,irregular_forms,irregular_past_participle_adjectives,True,False,True,False,591,-38.73583221435547,-39.978450775146484,1
The known actor isn't employed.,The knew actor isn't employed.,morphology,irregular_forms,irregular_past_participle_adjectives,True,False,True,False,592,-42.860252380371094,-45.206817626953125,1
The broken screens are black.,The broke screens are black.,morphology,irregular_forms,irregular_past_participle_adjectives,True,False,True,False,593,-38.314754486083984,-38.725738525390625,1
The broken chairs aren't cheap.,The broke chairs aren't cheap.,morphology,irregular_forms,irregular_past_participle_adjectives,True,False,True,False,594,-41.82914352416992,-42.673091888427734,1
The broken trucks were brown.,The broke trucks were brown.,morphology,irregular_forms,irregular_past_participle_adjectives,True,False,True,False,595,-38.03860855102539,-38.681114196777344,1
The known alumni aren't uncertain.,The knew alumni aren't uncertain.,morphology,irregular_forms,irregular_past_participle_adjectives,True,False,True,False,596,-45.49029541015625,-46.62262725830078,1
The worn hats are yellow.,The wore hats are yellow.,morphology,irregular_forms,irregular_past_participle_adjectives,True,False,True,False,597,-39.6616325378418,-39.48921585083008,0
The taken lamps aren't hard.,The took lamps aren't hard.,morphology,irregular_forms,irregular_past_participle_adjectives,True,False,True,False,598,-43.116065979003906,-41.256526947021484,0
The known student is unconvinced.,The knew student is unconvinced.,morphology,irregular_forms,irregular_past_participle_adjectives,True,False,True,False,599,-58.71720886230469,-60.67848587036133,1
The taken chair is big.,The took chair is big.,morphology,irregular_forms,irregular_past_participle_adjectives,True,False,True,False,600,-35.96546173095703,-34.17063903808594,0
The known ladies were employed.,The knew ladies were employed.,morphology,irregular_forms,irregular_past_participle_adjectives,True,False,True,False,601,-35.78801727294922,-35.232051849365234,0
The forgotten patients aren't good.,The forgot patients aren't good.,morphology,irregular_forms,irregular_past_participle_adjectives,True,False,True,False,602,-41.76726531982422,-40.835289001464844,0
The known customer isn't exposed.,The knew customer isn't exposed.,morphology,irregular_forms,irregular_past_participle_adjectives,True,False,True,False,603,-43.416419982910156,-44.22269058227539,1
The hidden deer wasn't yellow.,The hid deer wasn't yellow.,morphology,irregular_forms,irregular_past_participle_adjectives,True,False,True,False,604,-43.688133239746094,-43.42127990722656,0
The hidden mouths are yellow.,The hid mouths are yellow.,morphology,irregular_forms,irregular_past_participle_adjectives,True,False,True,False,605,-40.283607482910156,-40.91193389892578,1
The forgotten book wasn't gray.,The forgot book wasn't gray.,morphology,irregular_forms,irregular_past_participle_adjectives,True,False,True,False,606,-44.61656951904297,-43.1708984375,0
The broken glass wasn't whole.,The broke glass wasn't whole.,morphology,irregular_forms,irregular_past_participle_adjectives,True,False,True,False,607,-43.91842269897461,-45.19851303100586,1
The worn glove was new.,The wore glove was new.,morphology,irregular_forms,irregular_past_participle_adjectives,True,False,True,False,608,-41.262603759765625,-40.73447036743164,0
The worn sweaters were orange.,The wore sweaters were orange.,morphology,irregular_forms,irregular_past_participle_adjectives,True,False,True,False,609,-52.66265106201172,-52.29296875,0
The hidden actor is troubled.,The hid actor is troubled.,morphology,irregular_forms,irregular_past_participle_adjectives,True,False,True,False,610,-38.92253112792969,-39.83948516845703,1
The worn shawl wasn't gray.,The wore shawl wasn't gray.,morphology,irregular_forms,irregular_past_participle_adjectives,True,False,True,False,611,-57.42842102050781,-56.536048889160156,0
The broken windows were orange.,The broke windows were orange.,morphology,irregular_forms,irregular_past_participle_adjectives,True,False,True,False,612,-37.52977752685547,-39.08149337768555,1
The broken computer isn't cheap.,The broke computer isn't cheap.,morphology,irregular_forms,irregular_past_participle_adjectives,True,False,True,False,613,-40.70343017578125,-41.94152069091797,1
The hidden eye wasn't brown.,The hid eye wasn't brown.,morphology,irregular_forms,irregular_past_participle_adjectives,True,False,True,False,614,-43.23833084106445,-42.83401870727539,0
The hidden bike is broken.,The hid bike is broken.,morphology,irregular_forms,irregular_past_participle_adjectives,True,False,True,False,615,-37.58016586303711,-38.047340393066406,1
The broken mirrors are new.,The broke mirrors are new.,morphology,irregular_forms,irregular_past_participle_adjectives,True,False,True,False,616,-40.669376373291016,-41.51498031616211,1
The broken cups were lost.,The broke cups were lost.,morphology,irregular_forms,irregular_past_participle_adjectives,True,False,True,False,617,-34.96036911010742,-35.23217010498047,1
The hidden men weren't exposed.,The hid men weren't exposed.,morphology,irregular_forms,irregular_past_participle_adjectives,True,False,True,False,618,-43.74153137207031,-43.31855392456055,0
The worn pants weren't important.,The wore pants weren't important.,morphology,irregular_forms,irregular_past_participle_adjectives,True,False,True,False,619,-46.20347595214844,-45.29747772216797,0
The hidden oxen weren't concealed.,The hid oxen weren't concealed.,morphology,irregular_forms,irregular_past_participle_adjectives,True,False,True,False,620,-54.15155792236328,-53.34988021850586,0
The broken cup wasn't important.,The broke cup wasn't important.,morphology,irregular_forms,irregular_past_participle_adjectives,True,False,True,False,621,-40.62730407714844,-41.73146057128906,1
The taken lakes are white.,The took lakes are white.,morphology,irregular_forms,irregular_past_participle_adjectives,True,False,True,False,622,-36.45926284790039,-35.940406799316406,0
The broken tooth was rough.,The broke tooth was rough.,morphology,irregular_forms,irregular_past_participle_adjectives,True,False,True,False,623,-37.97349548339844,-39.224082946777344,1
The hidden car wasn't orange.,The hid car wasn't orange.,morphology,irregular_forms,irregular_past_participle_adjectives,True,False,True,False,624,-41.114776611328125,-40.48356628417969,0
The broken carriages are black.,The broke carriages are black.,morphology,irregular_forms,irregular_past_participle_adjectives,True,False,True,False,625,-46.296321868896484,-46.93938446044922,1
The broken mirrors were purple.,The broke mirrors were purple.,morphology,irregular_forms,irregular_past_participle_adjectives,True,False,True,False,626,-41.42741394042969,-41.94024658203125,1
The forgotten thesis is black.,The forgot thesis is black.,morphology,irregular_forms,irregular_past_participle_adjectives,True,False,True,False,627,-42.897865295410156,-41.49283981323242,0
The taken horses were brown.,The took horses were brown.,morphology,irregular_forms,irregular_past_participle_adjectives,True,False,True,False,628,-34.953392028808594,-34.03773498535156,0
The broken fork is out in the open.,The broke fork is out in the open.,morphology,irregular_forms,irregular_past_participle_adjectives,True,False,True,False,629,-49.04140090942383,-50.05358123779297,1
The broken car isn't broken.,The broke car isn't broken.,morphology,irregular_forms,irregular_past_participle_adjectives,True,False,True,False,630,-37.00035858154297,-38.254215240478516,1
The hidden rice was white.,The hid rice was white.,morphology,irregular_forms,irregular_past_participle_adjectives,True,False,True,False,631,-37.99162292480469,-37.75941467285156,0
The broken cart is gray.,The broke cart is gray.,morphology,irregular_forms,irregular_past_participle_adjectives,True,False,True,False,632,-38.56273651123047,-39.37342834472656,1
The forgotten commentaries were popular.,The forgot commentaries were popular.,morphology,irregular_forms,irregular_past_participle_adjectives,True,False,True,False,633,-51.47842788696289,-51.23208999633789,0
The taken oasis is purple.,The took oasis is purple.,morphology,irregular_forms,irregular_past_participle_adjectives,True,False,True,False,634,-46.64129638671875,-45.45573425292969,0
The known offspring isn't unsure.,The knew offspring isn't unsure.,morphology,irregular_forms,irregular_past_participle_adjectives,True,False,True,False,635,-46.442562103271484,-46.97065734863281,1
The forgotten documentaries are bad.,The forgot documentaries are bad.,morphology,irregular_forms,irregular_past_participle_adjectives,True,False,True,False,636,-40.26416778564453,-39.03369903564453,0
The forgotten documentaries were good.,The forgot documentaries were good.,morphology,irregular_forms,irregular_past_participle_adjectives,True,False,True,False,637,-40.22172927856445,-39.24519348144531,0
The hidden teenager is content.,The hid teenager is content.,morphology,irregular_forms,irregular_past_participle_adjectives,True,False,True,False,638,-41.12060546875,-41.98323059082031,1
The broken carts are bad.,The broke carts are bad.,morphology,irregular_forms,irregular_past_participle_adjectives,True,False,True,False,639,-36.94612121582031,-37.50347900390625,1
The worn blouse isn't concealed.,The wore blouse isn't concealed.,morphology,irregular_forms,irregular_past_participle_adjectives,True,False,True,False,640,-52.571590423583984,-52.09074401855469,0
The forgotten woman is standing.,The forgot woman is standing.,morphology,irregular_forms,irregular_past_participle_adjectives,True,False,True,False,641,-36.711483001708984,-35.47020721435547,0
The hidden men weren't determined.,The hid men weren't determined.,morphology,irregular_forms,irregular_past_participle_adjectives,True,False,True,False,642,-43.51319885253906,-42.91413497924805,0
The broken couch isn't messy.,The broke couch isn't messy.,morphology,irregular_forms,irregular_past_participle_adjectives,True,False,True,False,643,-42.57832717895508,-43.64528274536133,1
The hidden pamphlet wasn't big.,The hid pamphlet wasn't big.,morphology,irregular_forms,irregular_past_participle_adjectives,True,False,True,False,644,-46.688804626464844,-46.88314437866211,1
The forgotten waitresses are lost.,The forgot waitresses are lost.,morphology,irregular_forms,irregular_past_participle_adjectives,True,False,True,False,645,-47.30438995361328,-46.068511962890625,0
The forgotten dancers aren't nice.,The forgot dancers aren't nice.,morphology,irregular_forms,irregular_past_participle_adjectives,True,False,True,False,646,-45.59926223754883,-43.93037796020508,0
The hidden actor isn't lost.,The hid actor isn't lost.,morphology,irregular_forms,irregular_past_participle_adjectives,True,False,True,False,647,-41.96861267089844,-42.52130126953125,1
The forgotten adult wasn't bad.,The forgot adult wasn't bad.,morphology,irregular_forms,irregular_past_participle_adjectives,True,False,True,False,648,-42.40518569946289,-41.520877838134766,0
The known adults aren't unlucky.,The knew adults aren't unlucky.,morphology,irregular_forms,irregular_past_participle_adjectives,True,False,True,False,649,-44.43107986450195,-45.157466888427734,1
The forgotten story wasn't long.,The forgot story wasn't long.,morphology,irregular_forms,irregular_past_participle_adjectives,True,False,True,False,650,-41.502174377441406,-40.580039978027344,0
The forgotten actress is unconvinced.,The forgot actress is unconvinced.,morphology,irregular_forms,irregular_past_participle_adjectives,True,False,True,False,651,-61.97674560546875,-61.55011749267578,0
The hidden women weren't determined.,The hid women weren't determined.,morphology,irregular_forms,irregular_past_participle_adjectives,True,False,True,False,652,-44.47834014892578,-44.46995162963867,0
The known doctors are hidden.,The knew doctors are hidden.,morphology,irregular_forms,irregular_past_participle_adjectives,True,False,True,False,653,-35.20880126953125,-35.443687438964844,1
The hidden hill is red.,The hid hill is red.,morphology,irregular_forms,irregular_past_participle_adjectives,True,False,True,False,654,-38.20802688598633,-38.277339935302734,1
The broken plane was old.,The broke plane was old.,morphology,irregular_forms,irregular_past_participle_adjectives,True,False,True,False,655,-36.08177185058594,-37.57879638671875,1
The known cashier is uncertain.,The knew cashier is uncertain.,morphology,irregular_forms,irregular_past_participle_adjectives,True,False,True,False,656,-45.417076110839844,-47.23401641845703,1
The taken unicycles are bad.,The took unicycles are bad.,morphology,irregular_forms,irregular_past_participle_adjectives,True,False,True,False,657,-55.180564880371094,-53.95005798339844,0
The broken couches are out in the open.,The broke couches are out in the open.,morphology,irregular_forms,irregular_past_participle_adjectives,True,False,True,False,658,-58.21901321411133,-59.28178405761719,1
The worn skirt wasn't gray.,The wore skirt wasn't gray.,morphology,irregular_forms,irregular_past_participle_adjectives,True,False,True,False,659,-47.08049392700195,-46.64889907836914,0
The taken glaciers aren't rough.,The took glaciers aren't rough.,morphology,irregular_forms,irregular_past_participle_adjectives,True,False,True,False,660,-47.19021224975586,-45.127933502197266,0
The known lady wasn't scared.,The knew lady wasn't scared.,morphology,irregular_forms,irregular_past_participle_adjectives,True,False,True,False,661,-40.08512878417969,-39.202964782714844,0
The broken convertibles weren't concealed.,The broke convertibles weren't concealed.,morphology,irregular_forms,irregular_past_participle_adjectives,True,False,True,False,662,-62.1163444519043,-62.45375061035156,1
The known adult was clever.,The knew adult was clever.,morphology,irregular_forms,irregular_past_participle_adjectives,True,False,True,False,663,-35.94282531738281,-37.5063591003418,1
The worn jackets were blue.,The wore jackets were blue.,morphology,irregular_forms,irregular_past_participle_adjectives,True,False,True,False,664,-40.30804443359375,-39.645355224609375,0
The known cashier is delighted.,The knew cashier is delighted.,morphology,irregular_forms,irregular_past_participle_adjectives,True,False,True,False,665,-44.27278137207031,-45.46389389038086,1
The broken mirror is small.,The broke mirror is small.,morphology,irregular_forms,irregular_past_participle_adjectives,True,False,True,False,666,-35.26251220703125,-36.01710510253906,1
The hidden face isn't big.,The hid face isn't big.,morphology,irregular_forms,irregular_past_participle_adjectives,True,False,True,False,667,-40.186485290527344,-39.74913787841797,0
The known patient wasn't young.,The knew patient wasn't young.,morphology,irregular_forms,irregular_past_participle_adjectives,True,False,True,False,668,-41.146480560302734,-41.008689880371094,0
The broken cup is hard.,The broke cup is hard.,morphology,irregular_forms,irregular_past_participle_adjectives,True,False,True,False,669,-31.5583438873291,-32.71762466430664,1
The hidden girls aren't fast.,The hid girls aren't fast.,morphology,irregular_forms,irregular_past_participle_adjectives,True,False,True,False,670,-41.60820388793945,-40.6421012878418,0
The broken dish was bad.,The broke dish was bad.,morphology,irregular_forms,irregular_past_participle_adjectives,True,False,True,False,671,-35.165863037109375,-36.265716552734375,1
The broken bicycle wasn't concealed.,The broke bicycle wasn't concealed.,morphology,irregular_forms,irregular_past_participle_adjectives,True,False,True,False,672,-45.68465042114258,-46.983734130859375,1
The broken plates weren't black.,The broke plates weren't black.,morphology,irregular_forms,irregular_past_participle_adjectives,True,False,True,False,673,-41.84142303466797,-43.047550201416016,1
The broken couches weren't cheap.,The broke couches weren't cheap.,morphology,irregular_forms,irregular_past_participle_adjectives,True,False,True,False,674,-54.160789489746094,-54.69768524169922,1
The hidden offspring are out in the open.,The hid offspring are out in the open.,morphology,irregular_forms,irregular_past_participle_adjectives,True,False,True,False,675,-53.25212860107422,-52.98353576660156,0
The worn shawls are green.,The wore shawls are green.,morphology,irregular_forms,irregular_past_participle_adjectives,True,False,True,False,676,-53.51935958862305,-52.970794677734375,0
The broken unicycle wasn't lost.,The broke unicycle wasn't lost.,morphology,irregular_forms,irregular_past_participle_adjectives,True,False,True,False,677,-51.29597854614258,-51.401832580566406,1
The known woman is serious.,The knew woman is serious.,morphology,irregular_forms,irregular_past_participle_adjectives,True,False,True,False,678,-33.00321960449219,-33.785152435302734,1
The forgotten senator isn't out in the open.,The forgot senator isn't out in the open.,morphology,irregular_forms,irregular_past_participle_adjectives,True,False,True,False,679,-57.644805908203125,-56.630435943603516,0
The forgotten women aren't nice.,The forgot women aren't nice.,morphology,irregular_forms,irregular_past_participle_adjectives,True,False,True,False,680,-39.824302673339844,-38.816158294677734,0
The hidden window wasn't rough.,The hid window wasn't rough.,morphology,irregular_forms,irregular_past_participle_adjectives,True,False,True,False,681,-44.72074890136719,-44.35504150390625,0
The forgotten doctor isn't employed.,The forgot doctor isn't employed.,morphology,irregular_forms,irregular_past_participle_adjectives,True,False,True,False,682,-44.97529220581055,-43.92319107055664,0
The known actor wasn't employed.,The knew actor wasn't employed.,morphology,irregular_forms,irregular_past_participle_adjectives,True,False,True,False,683,-43.63854217529297,-45.735321044921875,1
The broken skateboards are hidden.,The broke skateboards are hidden.,morphology,irregular_forms,irregular_past_participle_adjectives,True,False,True,False,684,-51.411582946777344,-51.04102325439453,0
The broken window isn't out in the open.,The broke window isn't out in the open.,morphology,irregular_forms,irregular_past_participle_adjectives,True,False,True,False,685,-50.292259216308594,-51.85280227661133,1
The taken casserole wasn't popular.,The took casserole wasn't popular.,morphology,irregular_forms,irregular_past_participle_adjectives,True,False,True,False,686,-61.52769088745117,-59.35741424560547,0
The hidden cars are important.,The hid cars are important.,morphology,irregular_forms,irregular_past_participle_adjectives,True,False,True,False,687,-34.028648376464844,-35.431209564208984,1
The worn gloves were green.,The wore gloves were green.,morphology,irregular_forms,irregular_past_participle_adjectives,True,False,True,False,688,-38.71797561645508,-38.46946716308594,0
The worn scarf isn't hard.,The wore scarf isn't hard.,morphology,irregular_forms,irregular_past_participle_adjectives,True,False,True,False,689,-42.4948844909668,-42.527828216552734,1
The forgotten brochures were big.,The forgot brochures were big.,morphology,irregular_forms,irregular_past_participle_adjectives,True,False,True,False,690,-53.25629806518555,-52.86420440673828,0
The worn shirt wasn't purple.,The wore shirt wasn't purple.,morphology,irregular_forms,irregular_past_participle_adjectives,True,False,True,False,691,-44.09791946411133,-43.98309326171875,0
The forgotten offspring weren't upset.,The forgot offspring weren't upset.,morphology,irregular_forms,irregular_past_participle_adjectives,True,False,True,False,692,-47.6751594543457,-46.51042938232422,0
The broken bicycle wasn't big.,The broke bicycle wasn't big.,morphology,irregular_forms,irregular_past_participle_adjectives,True,False,True,False,693,-41.82991409301758,-43.14790344238281,1
The taken vases aren't rough.,The took vases aren't rough.,morphology,irregular_forms,irregular_past_participle_adjectives,True,False,True,False,694,-52.580528259277344,-50.05811309814453,0
The taken plate wasn't black.,The took plate wasn't black.,morphology,irregular_forms,irregular_past_participle_adjectives,True,False,True,False,695,-41.25228500366211,-39.69956970214844,0
The worn pants weren't new.,The wore pants weren't new.,morphology,irregular_forms,irregular_past_participle_adjectives,True,False,True,False,696,-46.474910736083984,-45.12335968017578,0
The forgotten book is purple.,The forgot book is purple.,morphology,irregular_forms,irregular_past_participle_adjectives,True,False,True,False,697,-37.84731674194336,-35.90591049194336,0
The worn glasses weren't small.,The wore glasses weren't small.,morphology,irregular_forms,irregular_past_participle_adjectives,True,False,True,False,698,-44.84593200683594,-44.3646240234375,0
The taken louse wasn't standing.,The took louse wasn't standing.,morphology,irregular_forms,irregular_past_participle_adjectives,True,False,True,False,699,-50.42438507080078,-48.27480697631836,0
The hidden girl isn't smart.,The hid girl isn't smart.,morphology,irregular_forms,irregular_past_participle_adjectives,True,False,True,False,700,-41.01609802246094,-40.925086975097656,0
The known child was exposed.,The knew child was exposed.,morphology,irregular_forms,irregular_past_participle_adjectives,True,False,True,False,701,-33.269187927246094,-34.45507049560547,1
The worn gloves are gray.,The wore gloves are gray.,morphology,irregular_forms,irregular_past_participle_adjectives,True,False,True,False,702,-40.1319580078125,-39.553558349609375,0
The broken bicycle is green.,The broke bicycle is green.,morphology,irregular_forms,irregular_past_participle_adjectives,True,False,True,False,703,-36.43977737426758,-37.89628601074219,1
The broken carriage is big.,The broke carriage is big.,morphology,irregular_forms,irregular_past_participle_adjectives,True,False,True,False,704,-35.57063293457031,-36.62666702270508,1
The taken rice is big.,The took rice is big.,morphology,irregular_forms,irregular_past_participle_adjectives,True,False,True,False,705,-36.20875930786133,-34.86451721191406,0
The broken plates weren't whole.,The broke plates weren't whole.,morphology,irregular_forms,irregular_past_participle_adjectives,True,False,True,False,706,-45.35177230834961,-47.152835845947266,1
The broken mirrors are smooth.,The broke mirrors are smooth.,morphology,irregular_forms,irregular_past_participle_adjectives,True,False,True,False,707,-40.3663330078125,-41.14358901977539,1
The broken skateboards are out in the open.,The broke skateboards are out in the open.,morphology,irregular_forms,irregular_past_participle_adjectives,True,False,True,False,708,-63.2686767578125,-63.27477264404297,1
The broken planes are concealed.,The broke planes are concealed.,morphology,irregular_forms,irregular_past_participle_adjectives,True,False,True,False,709,-37.60950469970703,-39.449195861816406,1
The hidden river was new.,The hid river was new.,morphology,irregular_forms,irregular_past_participle_adjectives,True,False,True,False,710,-39.11727523803711,-39.933982849121094,1
The forgotten child is important.,The forgot child is important.,morphology,irregular_forms,irregular_past_participle_adjectives,True,False,True,False,711,-34.700199127197266,-33.86833953857422,0
The broken forks aren't red.,The broke forks aren't red.,morphology,irregular_forms,irregular_past_participle_adjectives,True,False,True,False,712,-42.911834716796875,-43.4584846496582,1
The forgotten guys weren't good.,The forgot guys weren't good.,morphology,irregular_forms,irregular_past_participle_adjectives,True,False,True,False,713,-38.930999755859375,-37.51376724243164,0
The forgotten story was long.,The forgot story was long.,morphology,irregular_forms,irregular_past_participle_adjectives,True,False,True,False,714,-35.90361404418945,-35.13578796386719,0
The worn shirt wasn't out in the open.,The wore shirt wasn't out in the open.,morphology,irregular_forms,irregular_past_participle_adjectives,True,False,True,False,715,-54.648681640625,-54.903663635253906,1
The broken forks weren't new.,The broke forks weren't new.,morphology,irregular_forms,irregular_past_participle_adjectives,True,False,True,False,716,-45.624534606933594,-46.531211853027344,1
The known boys aren't old.,The knew boys aren't old.,morphology,irregular_forms,irregular_past_participle_adjectives,True,False,True,False,717,-37.51988983154297,-37.3694953918457,0
The hidden public parks were blue.,The hid public parks were blue.,morphology,irregular_forms,irregular_past_participle_adjectives,True,False,True,False,718,-49.05918502807617,-49.159423828125,1
The known girls are concealed.,The knew girls are concealed.,morphology,irregular_forms,irregular_past_participle_adjectives,True,False,True,False,719,-33.47099304199219,-34.387603759765625,1
The broken plate isn't lost.,The broke plate isn't lost.,morphology,irregular_forms,irregular_past_participle_adjectives,True,False,True,False,720,-37.90468978881836,-39.18772888183594,1
The worn pants aren't good.,The wore pants aren't good.,morphology,irregular_forms,irregular_past_participle_adjectives,True,False,True,False,721,-41.54404067993164,-40.569210052490234,0
The forgotten movie is bad.,The forgot movie is bad.,morphology,irregular_forms,irregular_past_participle_adjectives,True,False,True,False,722,-36.380126953125,-35.464447021484375,0
The known men are scared.,The knew men are scared.,morphology,irregular_forms,irregular_past_participle_adjectives,True,False,True,False,723,-30.382007598876953,-31.18448829650879,1
The hidden couches were hard.,The hid couches were hard.,morphology,irregular_forms,irregular_past_participle_adjectives,True,False,True,False,724,-46.87495040893555,-46.98384475708008,1
The taken ladders aren't popular.,The took ladders aren't popular.,morphology,irregular_forms,irregular_past_participle_adjectives,True,False,True,False,725,-52.1331901550293,-49.92873764038086,0
The hidden slopes were orange.,The hid slopes were orange.,morphology,irregular_forms,irregular_past_participle_adjectives,True,False,True,False,726,-41.91826248168945,-42.195106506347656,1
The known waiters aren't unconvinced.,The knew waiters aren't unconvinced.,morphology,irregular_forms,irregular_past_participle_adjectives,True,False,True,False,727,-69.78099060058594,-71.09620666503906,1
The broken couches are broken.,The broke couches are broken.,morphology,irregular_forms,irregular_past_participle_adjectives,True,False,True,False,728,-44.68780517578125,-45.49114990234375,1
The worn glasses are new.,The wore glasses are new.,morphology,irregular_forms,irregular_past_participle_adjectives,True,False,True,False,729,-39.32023620605469,-38.79846954345703,0
The taken dresses weren't black.,The took dresses weren't black.,morphology,irregular_forms,irregular_past_participle_adjectives,True,False,True,False,730,-42.49021911621094,-41.291194915771484,0
The worn scarf was green.,The wore scarf was green.,morphology,irregular_forms,irregular_past_participle_adjectives,True,False,True,False,731,-40.25088882446289,-40.17594528198242,0
The hidden plates weren't brown.,The hid plates weren't brown.,morphology,irregular_forms,irregular_past_participle_adjectives,True,False,True,False,732,-45.26881790161133,-45.65107345581055,1
The known people aren't uncertain.,The knew people aren't uncertain.,morphology,irregular_forms,irregular_past_participle_adjectives,True,False,True,False,733,-38.04690170288086,-38.70405960083008,1
The hidden jacket was soft.,The hid jacket was soft.,morphology,irregular_forms,irregular_past_participle_adjectives,True,False,True,False,734,-38.63831329345703,-38.84363555908203,1
The hidden student isn't employed.,The hid student isn't employed.,morphology,irregular_forms,irregular_past_participle_adjectives,True,False,True,False,735,-46.115692138671875,-46.409183502197266,1
The forgotten commentary isn't good.,The forgot commentary isn't good.,morphology,irregular_forms,irregular_past_participle_adjectives,True,False,True,False,736,-43.341392517089844,-42.51076889038086,0
The forgotten movies were important.,The forgot movies were important.,morphology,irregular_forms,irregular_past_participle_adjectives,True,False,True,False,737,-36.64546203613281,-36.38023376464844,0
The worn jacket isn't old.,The wore jacket isn't old.,morphology,irregular_forms,irregular_past_participle_adjectives,True,False,True,False,738,-43.1368293762207,-42.90833282470703,0
The forgotten doctors were smart.,The forgot doctors were smart.,morphology,irregular_forms,irregular_past_participle_adjectives,True,False,True,False,739,-38.92284393310547,-38.30992126464844,0
The known dancers weren't unemployed.,The knew dancers weren't unemployed.,morphology,irregular_forms,irregular_past_participle_adjectives,True,False,True,False,740,-47.84545135498047,-49.17992401123047,1
The known patient isn't determined.,The knew patient isn't determined.,morphology,irregular_forms,irregular_past_participle_adjectives,True,False,True,False,741,-42.268009185791016,-42.044517517089844,0
The broken carriages were small.,The broke carriages were small.,morphology,irregular_forms,irregular_past_participle_adjectives,True,False,True,False,742,-47.173561096191406,-48.013736724853516,1
The worn glasses aren't messy.,The wore glasses aren't messy.,morphology,irregular_forms,irregular_past_participle_adjectives,True,False,True,False,743,-45.77022933959961,-45.33253479003906,0
The hidden gates were purple.,The hid gates were purple.,morphology,irregular_forms,irregular_past_participle_adjectives,True,False,True,False,744,-41.71922302246094,-41.40488815307617,0
The taken lake was popular.,The took lake was popular.,morphology,irregular_forms,irregular_past_participle_adjectives,True,False,True,False,745,-35.35722351074219,-34.52559280395508,0
The worn hats weren't soft.,The wore hats weren't soft.,morphology,irregular_forms,irregular_past_participle_adjectives,True,False,True,False,746,-45.62953186035156,-45.13230895996094,0
The hidden adults aren't upset.,The hid adults aren't upset.,morphology,irregular_forms,irregular_past_participle_adjectives,True,False,True,False,747,-44.402130126953125,-43.924171447753906,0
The known teenager was small.,The knew teenager was small.,morphology,irregular_forms,irregular_past_participle_adjectives,True,False,True,False,748,-37.72254180908203,-39.32592010498047,1
The worn skirts are smooth.,The wore skirts are smooth.,morphology,irregular_forms,irregular_past_participle_adjectives,True,False,True,False,749,-41.19094467163086,-40.77102279663086,0
The broken planes weren't rough.,The broke planes weren't rough.,morphology,irregular_forms,irregular_past_participle_adjectives,True,False,True,False,750,-44.77684020996094,-46.3408088684082,1
The known customers aren't troubled.,The knew customers aren't troubled.,morphology,irregular_forms,irregular_past_participle_adjectives,True,False,True,False,751,-45.390464782714844,-45.72130584716797,1
The taken closet isn't new.,The took closet isn't new.,morphology,irregular_forms,irregular_past_participle_adjectives,True,False,True,False,752,-42.553688049316406,-41.25198745727539,0
The broken windows were broken.,The broke windows were broken.,morphology,irregular_forms,irregular_past_participle_adjectives,True,False,True,False,753,-34.8935546875,-36.13730239868164,1
The hidden shirts weren't brown.,The hid shirts weren't brown.,morphology,irregular_forms,irregular_past_participle_adjectives,True,False,True,False,754,-46.7532958984375,-46.29998016357422,0
The hidden movie theaters weren't old.,The hid movie theaters weren't old.,morphology,irregular_forms,irregular_past_participle_adjectives,True,False,True,False,755,-56.22826385498047,-57.46416473388672,1
The forgotten newspaper article was important.,The forgot newspaper article was important.,morphology,irregular_forms,irregular_past_participle_adjectives,True,False,True,False,756,-47.99081802368164,-47.49871826171875,0
The broken convertibles are rough.,The broke convertibles are rough.,morphology,irregular_forms,irregular_past_participle_adjectives,True,False,True,False,757,-53.654563903808594,-53.88920593261719,1
The known woman wasn't content.,The knew woman wasn't content.,morphology,irregular_forms,irregular_past_participle_adjectives,True,False,True,False,758,-40.83663558959961,-40.30874252319336,0
The broken wheelbarrows were out in the open.,The broke wheelbarrows were out in the open.,morphology,irregular_forms,irregular_past_participle_adjectives,True,False,True,False,759,-68.62316131591797,-69.52776336669922,1
The broken cups were whole.,The broke cups were whole.,morphology,irregular_forms,irregular_past_participle_adjectives,True,False,True,False,760,-39.94603729248047,-40.787841796875,1
The worn hats weren't green.,The wore hats weren't green.,morphology,irregular_forms,irregular_past_participle_adjectives,True,False,True,False,761,-45.378875732421875,-44.7611083984375,0
The forgotten waitresses weren't lost.,The forgot waitresses weren't lost.,morphology,irregular_forms,irregular_past_participle_adjectives,True,False,True,False,762,-54.884708404541016,-53.71136474609375,0
The broken forks aren't smooth.,The broke forks aren't smooth.,morphology,irregular_forms,irregular_past_participle_adjectives,True,False,True,False,763,-45.3523063659668,-45.49668884277344,1
The hidden snakes aren't black.,The hid snakes aren't black.,morphology,irregular_forms,irregular_past_participle_adjectives,True,False,True,False,764,-42.48982620239258,-42.49774932861328,1
The broken wheelbarrow is red.,The broke wheelbarrow is red.,morphology,irregular_forms,irregular_past_participle_adjectives,True,False,True,False,765,-52.76873779296875,-53.78968048095703,1
The worn shawls are brown.,The wore shawls are brown.,morphology,irregular_forms,irregular_past_participle_adjectives,True,False,True,False,766,-54.17043685913086,-53.31937026977539,0
The hidden cat wasn't big.,The hid cat wasn't big.,morphology,irregular_forms,irregular_past_participle_adjectives,True,False,True,False,767,-41.614471435546875,-40.87485122680664,0
The broken vases are bad.,The broke vases are bad.,morphology,irregular_forms,irregular_past_participle_adjectives,True,False,True,False,768,-43.41264724731445,-43.8701057434082,1
The taken gate was brown.,The took gate was brown.,morphology,irregular_forms,irregular_past_participle_adjectives,True,False,True,False,769,-36.2585563659668,-35.668861389160156,0
The worn blouse is hard.,The wore blouse is hard.,morphology,irregular_forms,irregular_past_participle_adjectives,True,False,True,False,770,-42.49896240234375,-42.3129768371582,0
The forgotten senator was out in the open.,The forgot senator was out in the open.,morphology,irregular_forms,irregular_past_participle_adjectives,True,False,True,False,771,-52.07463836669922,-50.90236282348633,0
The broken dish wasn't red.,The broke dish wasn't red.,morphology,irregular_forms,irregular_past_participle_adjectives,True,False,True,False,772,-40.33672332763672,-41.86692810058594,1
The hidden popsicle isn't gray.,The hid popsicle isn't gray.,morphology,irregular_forms,irregular_past_participle_adjectives,True,False,True,False,773,-55.18650817871094,-55.119693756103516,0
The worn gloves were rough.,The wore gloves were rough.,morphology,irregular_forms,irregular_past_participle_adjectives,True,False,True,False,774,-39.7338981628418,-39.277156829833984,0
The broken glass was concealed.,The broke glass was concealed.,morphology,irregular_forms,irregular_past_participle_adjectives,True,False,True,False,775,-37.63665771484375,-38.47151184082031,1
The broken screen was green.,The broke screen was green.,morphology,irregular_forms,irregular_past_participle_adjectives,True,False,True,False,776,-35.546424865722656,-36.43030548095703,1
The broken cart wasn't bad.,The broke cart wasn't bad.,morphology,irregular_forms,irregular_past_participle_adjectives,True,False,True,False,777,-38.62794494628906,-39.93390655517578,1
The taken theses weren't big.,The took theses weren't big.,morphology,irregular_forms,irregular_past_participle_adjectives,True,False,True,False,778,-48.907073974609375,-45.44691467285156,0
The taken snakes aren't ill.,The took snakes aren't ill.,morphology,irregular_forms,irregular_past_participle_adjectives,True,False,True,False,779,-42.223106384277344,-40.577606201171875,0
The worn gloves are out in the open.,The wore gloves are out in the open.,morphology,irregular_forms,irregular_past_participle_adjectives,True,False,True,False,780,-51.31642150878906,-50.769588470458984,0
The broken convertible is concealed.,The broke convertible is concealed.,morphology,irregular_forms,irregular_past_participle_adjectives,True,False,True,False,781,-40.999298095703125,-42.03364944458008,1
The broken computer was orange.,The broke computer was orange.,morphology,irregular_forms,irregular_past_participle_adjectives,True,False,True,False,782,-37.283416748046875,-38.836524963378906,1
The hidden screen isn't cheap.,The hid screen isn't cheap.,morphology,irregular_forms,irregular_past_participle_adjectives,True,False,True,False,783,-42.965030670166016,-43.45829772949219,1
The hidden child wasn't clever.,The hid child wasn't clever.,morphology,irregular_forms,irregular_past_participle_adjectives,True,False,True,False,784,-42.48581314086914,-42.518577575683594,1
The hidden teacher is important.,The hid teacher is important.,morphology,irregular_forms,irregular_past_participle_adjectives,True,False,True,False,785,-35.43617630004883,-36.847103118896484,1
The taken cats are hidden.,The took cats are hidden.,morphology,irregular_forms,irregular_past_participle_adjectives,True,False,True,False,786,-36.19148254394531,-35.48493194580078,0
The worn blouses aren't hard.,The wore blouses aren't hard.,morphology,irregular_forms,irregular_past_participle_adjectives,True,False,True,False,787,-51.83584213256836,-51.63557434082031,0
The known dancers are bad.,The knew dancers are bad.,morphology,irregular_forms,irregular_past_participle_adjectives,True,False,True,False,788,-35.355003356933594,-37.12071228027344,1
The forgotten actor wasn't concealed.,The forgot actor wasn't concealed.,morphology,irregular_forms,irregular_past_participle_adjectives,True,False,True,False,789,-47.78095245361328,-47.07830047607422,0
The taken cakes aren't big.,The took cakes aren't big.,morphology,irregular_forms,irregular_past_participle_adjectives,True,False,True,False,790,-40.861785888671875,-39.63238525390625,0
The taken ladder isn't hard.,The took ladder isn't hard.,morphology,irregular_forms,irregular_past_participle_adjectives,True,False,True,False,791,-39.43275451660156,-38.23185348510742,0
The hidden spotlights were black.,The hid spotlights were black.,morphology,irregular_forms,irregular_past_participle_adjectives,True,False,True,False,792,-51.29558181762695,-51.10163116455078,0
The hidden spotlight was bad.,The hid spotlight was bad.,morphology,irregular_forms,irregular_past_participle_adjectives,True,False,True,False,793,-40.6485481262207,-40.55641555786133,0
The known waitresses were clever.,The knew waitresses were clever.,morphology,irregular_forms,irregular_past_participle_adjectives,True,False,True,False,794,-47.11506652832031,-47.38190841674805,1
The worn hat wasn't good.,The wore hat wasn't good.,morphology,irregular_forms,irregular_past_participle_adjectives,True,False,True,False,795,-40.04925537109375,-40.025978088378906,0
The forgotten analysis isn't long.,The forgot analysis isn't long.,morphology,irregular_forms,irregular_past_participle_adjectives,True,False,True,False,796,-42.6646728515625,-42.24005126953125,0
The broken plate is purple.,The broke plate is purple.,morphology,irregular_forms,irregular_past_participle_adjectives,True,False,True,False,797,-35.551151275634766,-37.37084197998047,1
The taken mountains weren't important.,The took mountains weren't important.,morphology,irregular_forms,irregular_past_participle_adjectives,True,False,True,False,798,-43.709686279296875,-43.052276611328125,0
The hidden oases are white.,The hid oases are white.,morphology,irregular_forms,irregular_past_participle_adjectives,True,False,True,False,799,-45.38738250732422,-46.15797805786133,1
The taken plate wasn't green.,The took plate wasn't green.,morphology,irregular_forms,irregular_past_participle_adjectives,True,False,True,False,800,-42.14223098754883,-40.475440979003906,0
The broken feet were clean.,The broke feet were clean.,morphology,irregular_forms,irregular_past_participle_adjectives,True,False,True,False,801,-34.22136688232422,-36.044708251953125,1
The broken dish was important.,The broke dish was important.,morphology,irregular_forms,irregular_past_participle_adjectives,True,False,True,False,802,-34.580177307128906,-35.35358810424805,1
The hidden lice weren't big.,The hid lice weren't big.,morphology,irregular_forms,irregular_past_participle_adjectives,True,False,True,False,803,-48.99259948730469,-48.951194763183594,0
The forgotten pedestrians are lucky.,The forgot pedestrians are lucky.,morphology,irregular_forms,irregular_past_participle_adjectives,True,False,True,False,804,-42.71586608886719,-41.202476501464844,0
The broken glasses were yellow.,The broke glasses were yellow.,morphology,irregular_forms,irregular_past_participle_adjectives,True,False,True,False,805,-37.44898986816406,-38.3123779296875,1
The forgotten doctors weren't sick.,The forgot doctors weren't sick.,morphology,irregular_forms,irregular_past_participle_adjectives,True,False,True,False,806,-44.320953369140625,-43.3177490234375,0
The taken louse isn't standing.,The took louse isn't standing.,morphology,irregular_forms,irregular_past_participle_adjectives,True,False,True,False,807,-49.35877227783203,-47.225440979003906,0
The taken car isn't cheap.,The took car isn't cheap.,morphology,irregular_forms,irregular_past_participle_adjectives,True,False,True,False,808,-40.00775909423828,-38.023529052734375,0
The hidden tomatoes were orange.,The hid tomatoes were orange.,morphology,irregular_forms,irregular_past_participle_adjectives,True,False,True,False,809,-41.94667434692383,-41.60005187988281,0
The known cashier is ill.,The knew cashier is ill.,morphology,irregular_forms,irregular_past_participle_adjectives,True,False,True,False,810,-43.61054229736328,-44.74052429199219,1
The broken glasses are blue.,The broke glasses are blue.,morphology,irregular_forms,irregular_past_participle_adjectives,True,False,True,False,811,-34.84510803222656,-35.777015686035156,1
The broken fork isn't important.,The broke fork isn't important.,morphology,irregular_forms,irregular_past_participle_adjectives,True,False,True,False,812,-42.140289306640625,-43.06049346923828,1
The broken glasses were white.,The broke glasses were white.,morphology,irregular_forms,irregular_past_participle_adjectives,True,False,True,False,813,-36.95088195800781,-37.862449645996094,1
The forgotten reports weren't black.,The forgot reports weren't black.,morphology,irregular_forms,irregular_past_participle_adjectives,True,False,True,False,814,-44.8725471496582,-44.22798156738281,0
The worn sweater was hidden.,The wore sweater was hidden.,morphology,irregular_forms,irregular_past_participle_adjectives,True,False,True,False,815,-39.504940032958984,-39.990535736083984,1
The hidden person isn't upset.,The hid person isn't upset.,morphology,irregular_forms,irregular_past_participle_adjectives,True,False,True,False,816,-40.86762619018555,-41.58979034423828,1
The broken bike is old.,The broke bike is old.,morphology,irregular_forms,irregular_past_participle_adjectives,True,False,True,False,817,-34.64302444458008,-36.260345458984375,1
The known children aren't fast.,The knew children aren't fast.,morphology,irregular_forms,irregular_past_participle_adjectives,True,False,True,False,818,-37.63219451904297,-37.525814056396484,0
The hidden people are unsure.,The hid people are unsure.,morphology,irregular_forms,irregular_past_participle_adjectives,True,False,True,False,819,-36.3095817565918,-37.14338302612305,1
The broken bicycles aren't cheap.,The broke bicycles aren't cheap.,morphology,irregular_forms,irregular_past_participle_adjectives,True,False,True,False,820,-44.210350036621094,-44.23130798339844,1
The hidden slope is out in the open.,The hid slope is out in the open.,morphology,irregular_forms,irregular_past_participle_adjectives,True,False,True,False,821,-53.705020904541016,-53.09272003173828,0
The broken vases aren't broken.,The broke vases aren't broken.,morphology,irregular_forms,irregular_past_participle_adjectives,True,False,True,False,822,-48.78827667236328,-49.57780456542969,1
The taken banks aren't hidden.,The took banks aren't hidden.,morphology,irregular_forms,irregular_past_participle_adjectives,True,False,True,False,823,-44.45524215698242,-43.34111785888672,0
The worn gloves were cheap.,The wore gloves were cheap.,morphology,irregular_forms,irregular_past_participle_adjectives,True,False,True,False,824,-39.41472625732422,-39.26765441894531,0
The taken shirt was new.,The took shirt was new.,morphology,irregular_forms,irregular_past_participle_adjectives,True,False,True,False,825,-37.72771072387695,-36.92835235595703,0
The forgotten actress was exposed.,The forgot actress was exposed.,morphology,irregular_forms,irregular_past_participle_adjectives,True,False,True,False,826,-39.03814697265625,-38.6628532409668,0
The hidden cactus wasn't lost.,The hid cactus wasn't lost.,morphology,irregular_forms,irregular_past_participle_adjectives,True,False,True,False,827,-51.49427032470703,-50.698524475097656,0
The hidden horses are white.,The hid horses are white.,morphology,irregular_forms,irregular_past_participle_adjectives,True,False,True,False,828,-36.017059326171875,-36.56108093261719,1
The known ladies aren't important.,The knew ladies aren't important.,morphology,irregular_forms,irregular_past_participle_adjectives,True,False,True,False,829,-41.4301872253418,-41.29447937011719,0
The worn blouse was soft.,The wore blouse was soft.,morphology,irregular_forms,irregular_past_participle_adjectives,True,False,True,False,830,-44.23588180541992,-44.010623931884766,0
The worn coat isn't yellow.,The wore coat isn't yellow.,morphology,irregular_forms,irregular_past_participle_adjectives,True,False,True,False,831,-42.32479476928711,-42.24717712402344,0
The broken skateboards weren't smooth.,The broke skateboards weren't smooth.,morphology,irregular_forms,irregular_past_participle_adjectives,True,False,True,False,832,-58.01877975463867,-57.79517364501953,0
The taken pie is bad.,The took pie is bad.,morphology,irregular_forms,irregular_past_participle_adjectives,True,False,True,False,833,-35.093814849853516,-33.72675704956055,0
The worn blouses are white.,The wore blouses are white.,morphology,irregular_forms,irregular_past_participle_adjectives,True,False,True,False,834,-47.516395568847656,-47.03068161010742,0
The broken skateboards aren't blue.,The broke skateboards aren't blue.,morphology,irregular_forms,irregular_past_participle_adjectives,True,False,True,False,835,-54.3643684387207,-54.20967102050781,0
The worn blouses were out in the open.,The wore blouses were out in the open.,morphology,irregular_forms,irregular_past_participle_adjectives,True,False,True,False,836,-60.121917724609375,-59.945068359375,0
The taken high schools were messy.,The took high schools were messy.,morphology,irregular_forms,irregular_past_participle_adjectives,True,False,True,False,837,-43.65082550048828,-42.47357177734375,0
The broken couches are important.,The broke couches are important.,morphology,irregular_forms,irregular_past_participle_adjectives,True,False,True,False,838,-44.02937316894531,-44.580078125,1
The broken cups were good.,The broke cups were good.,morphology,irregular_forms,irregular_past_participle_adjectives,True,False,True,False,839,-34.304100036621094,-34.888084411621094,1
The hidden lady was determined.,The hid lady was determined.,morphology,irregular_forms,irregular_past_participle_adjectives,True,False,True,False,840,-37.32344436645508,-37.517635345458984,1
The broken teeth were new.,The broke teeth were new.,morphology,irregular_forms,irregular_past_participle_adjectives,True,False,True,False,841,-37.43762969970703,-39.37190246582031,1
The broken convertibles are old.,The broke convertibles are old.,morphology,irregular_forms,irregular_past_participle_adjectives,True,False,True,False,842,-52.874244689941406,-52.794395446777344,0
The worn scarf is exposed.,The wore scarf is exposed.,morphology,irregular_forms,irregular_past_participle_adjectives,True,False,True,False,843,-40.750450134277344,-40.8969612121582,1
The worn skirt isn't clean.,The wore skirt isn't clean.,morphology,irregular_forms,irregular_past_participle_adjectives,True,False,True,False,844,-42.643280029296875,-42.48358917236328,0
The forgotten brochures aren't orange.,The forgot brochures aren't orange.,morphology,irregular_forms,irregular_past_participle_adjectives,True,False,True,False,845,-56.691768646240234,-55.38861846923828,0
The known child isn't content.,The knew child isn't content.,morphology,irregular_forms,irregular_past_participle_adjectives,True,False,True,False,846,-39.6297492980957,-40.25776672363281,1
The hidden mouth is bad.,The hid mouth is bad.,morphology,irregular_forms,irregular_past_participle_adjectives,True,False,True,False,847,-35.469139099121094,-36.25505447387695,1
The forgotten analyses were long.,The forgot analyses were long.,morphology,irregular_forms,irregular_past_participle_adjectives,True,False,True,False,848,-39.77526092529297,-38.9378662109375,0
The taken steps are black.,The took steps are black.,morphology,irregular_forms,irregular_past_participle_adjectives,True,False,True,False,849,-35.00940704345703,-34.55144119262695,0
The taken muffins weren't important.,The took muffins weren't important.,morphology,irregular_forms,irregular_past_participle_adjectives,True,False,True,False,850,-50.76127624511719,-49.25895690917969,0
The hidden snake is white.,The hid snake is white.,morphology,irregular_forms,irregular_past_participle_adjectives,True,False,True,False,851,-37.53421401977539,-38.30674743652344,1
The taken fungi were lost.,The took fungi were lost.,morphology,irregular_forms,irregular_past_participle_adjectives,True,False,True,False,852,-37.47368621826172,-36.272125244140625,0
The hidden ice is yellow.,The hid ice is yellow.,morphology,irregular_forms,irregular_past_participle_adjectives,True,False,True,False,853,-37.535926818847656,-37.9059944152832,1
The worn shoe is purple.,The wore shoe is purple.,morphology,irregular_forms,irregular_past_participle_adjectives,True,False,True,False,854,-39.19113540649414,-39.35139465332031,1
The known cashier wasn't clever.,The knew cashier wasn't clever.,morphology,irregular_forms,irregular_past_participle_adjectives,True,False,True,False,855,-49.49791717529297,-50.55980682373047,1
The worn hats are blue.,The wore hats are blue.,morphology,irregular_forms,irregular_past_participle_adjectives,True,False,True,False,856,-37.96056365966797,-37.907371520996094,0
The known cashier isn't good.,The knew cashier isn't good.,morphology,irregular_forms,irregular_past_participle_adjectives,True,False,True,False,857,-45.73595428466797,-46.519134521484375,1
The hidden steak is concealed.,The hid steak is concealed.,morphology,irregular_forms,irregular_past_participle_adjectives,True,False,True,False,858,-40.936527252197266,-41.22041320800781,1
The known girl wasn't lost.,The knew girl wasn't lost.,morphology,irregular_forms,irregular_past_participle_adjectives,True,False,True,False,859,-37.19024658203125,-36.69268798828125,0
The hidden cakes weren't rough.,The hid cakes weren't rough.,morphology,irregular_forms,irregular_past_participle_adjectives,True,False,True,False,860,-46.00666809082031,-46.19194030761719,1
The known adult isn't nice.,The knew adult isn't nice.,morphology,irregular_forms,irregular_past_participle_adjectives,True,False,True,False,861,-37.67600631713867,-39.41193771362305,1
The broken glasses aren't lost.,The broke glasses aren't lost.,morphology,irregular_forms,irregular_past_participle_adjectives,True,False,True,False,862,-40.03644561767578,-40.523948669433594,1
The worn skirts are hard.,The wore skirts are hard.,morphology,irregular_forms,irregular_past_participle_adjectives,True,False,True,False,863,-38.08830642700195,-37.604530334472656,0
The known actor wasn't confident.,The knew actor wasn't confident.,morphology,irregular_forms,irregular_past_participle_adjectives,True,False,True,False,864,-42.69384002685547,-44.59590530395508,1
The known drivers were excited.,The knew drivers were excited.,morphology,irregular_forms,irregular_past_participle_adjectives,True,False,True,False,865,-35.86547088623047,-36.68528747558594,1
The broken cart isn't red.,The broke cart isn't red.,morphology,irregular_forms,irregular_past_participle_adjectives,True,False,True,False,866,-38.6242790222168,-39.759212493896484,1
The worn skirts weren't black.,The wore skirts weren't black.,morphology,irregular_forms,irregular_past_participle_adjectives,True,False,True,False,867,-46.744834899902344,-45.6237907409668,0
The taken eggplant isn't fresh.,The took eggplant isn't fresh.,morphology,irregular_forms,irregular_past_participle_adjectives,True,False,True,False,868,-56.059539794921875,-54.76456832885742,0
The broken plane was popular.,The broke plane was popular.,morphology,irregular_forms,irregular_past_participle_adjectives,True,False,True,False,869,-35.866294860839844,-37.101585388183594,1
The known waiter was concealed.,The knew waiter was concealed.,morphology,irregular_forms,irregular_past_participle_adjectives,True,False,True,False,870,-38.914093017578125,-39.036834716796875,1
The forgotten dancer is troubled.,The forgot dancer is troubled.,morphology,irregular_forms,irregular_past_participle_adjectives,True,False,True,False,871,-40.70474624633789,-39.80187225341797,0
The forgotten children weren't old.,The forgot children weren't old.,morphology,irregular_forms,irregular_past_participle_adjectives,True,False,True,False,872,-41.65272521972656,-41.078887939453125,0
The broken foot isn't rough.,The broke foot isn't rough.,morphology,irregular_forms,irregular_past_participle_adjectives,True,False,True,False,873,-39.823326110839844,-41.13264846801758,1
The hidden mountain wasn't small.,The hid mountain wasn't small.,morphology,irregular_forms,irregular_past_participle_adjectives,True,False,True,False,874,-43.144752502441406,-43.98625946044922,1
The hidden plate wasn't green.,The hid plate wasn't green.,morphology,irregular_forms,irregular_past_participle_adjectives,True,False,True,False,875,-43.527503967285156,-43.86436080932617,1
The broken chairs are yellow.,The broke chairs are yellow.,morphology,irregular_forms,irregular_past_participle_adjectives,True,False,True,False,876,-36.07643127441406,-37.51593780517578,1
The broken couches were important.,The broke couches were important.,morphology,irregular_forms,irregular_past_participle_adjectives,True,False,True,False,877,-45.87908935546875,-46.111419677734375,1
The broken chairs are big.,The broke chairs are big.,morphology,irregular_forms,irregular_past_participle_adjectives,True,False,True,False,878,-35.37953567504883,-36.559844970703125,1
The known waitresses aren't hidden.,The knew waitresses aren't hidden.,morphology,irregular_forms,irregular_past_participle_adjectives,True,False,True,False,879,-53.187744140625,-53.744815826416016,1
The broken dishes aren't old.,The broke dishes aren't old.,morphology,irregular_forms,irregular_past_participle_adjectives,True,False,True,False,880,-41.4921875,-41.78504943847656,1
The worn shirt was gray.,The wore shirt was gray.,morphology,irregular_forms,irregular_past_participle_adjectives,True,False,True,False,881,-38.552799224853516,-38.99510192871094,1
The known guys aren't happy.,The knew guys aren't happy.,morphology,irregular_forms,irregular_past_participle_adjectives,True,False,True,False,882,-37.189292907714844,-36.351173400878906,0
The known women are content.,The knew women are content.,morphology,irregular_forms,irregular_past_participle_adjectives,True,False,True,False,883,-31.62362289428711,-32.82355880737305,1
The known children aren't displeased.,The knew children aren't displeased.,morphology,irregular_forms,irregular_past_participle_adjectives,True,False,True,False,884,-52.10744094848633,-52.278831481933594,1
The worn jacket isn't blue.,The wore jacket isn't blue.,morphology,irregular_forms,irregular_past_participle_adjectives,True,False,True,False,885,-41.42988967895508,-41.56629943847656,1
The broken fork was hidden.,The broke fork was hidden.,morphology,irregular_forms,irregular_past_participle_adjectives,True,False,True,False,886,-37.258522033691406,-38.086647033691406,1
The forgotten movie wasn't bad.,The forgot movie wasn't bad.,morphology,irregular_forms,irregular_past_participle_adjectives,True,False,True,False,887,-41.95680236816406,-41.16876220703125,0
The hidden deer is rough.,The hid deer is rough.,morphology,irregular_forms,irregular_past_participle_adjectives,True,False,True,False,888,-39.840187072753906,-40.47196960449219,1
The broken unicycle is whole.,The broke unicycle is whole.,morphology,irregular_forms,irregular_past_participle_adjectives,True,False,True,False,889,-48.78080749511719,-49.30537414550781,1
The hidden rug wasn't important.,The hid rug wasn't important.,morphology,irregular_forms,irregular_past_participle_adjectives,True,False,True,False,890,-45.19304656982422,-44.817970275878906,0
The broken cart is small.,The broke cart is small.,morphology,irregular_forms,irregular_past_participle_adjectives,True,False,True,False,891,-35.91924285888672,-36.595703125,1
The worn hats were orange.,The wore hats were orange.,morphology,irregular_forms,irregular_past_participle_adjectives,True,False,True,False,892,-40.117774963378906,-40.42622375488281,1
The known offspring are troubled.,The knew offspring are troubled.,morphology,irregular_forms,irregular_past_participle_adjectives,True,False,True,False,893,-37.808067321777344,-38.99846267700195,1
The known guests were busy.,The knew guests were busy.,morphology,irregular_forms,irregular_past_participle_adjectives,True,False,True,False,894,-34.04960632324219,-33.658782958984375,0
The broken bike is bad.,The broke bike is bad.,morphology,irregular_forms,irregular_past_participle_adjectives,True,False,True,False,895,-33.243221282958984,-35.02516174316406,1
The broken cars weren't big.,The broke cars weren't big.,morphology,irregular_forms,irregular_past_participle_adjectives,True,False,True,False,896,-39.944068908691406,-41.436222076416016,1
The broken carts weren't bad.,The broke carts weren't bad.,morphology,irregular_forms,irregular_past_participle_adjectives,True,False,True,False,897,-43.76436233520508,-44.27741622924805,1
The taken dresses are red.,The took dresses are red.,morphology,irregular_forms,irregular_past_participle_adjectives,True,False,True,False,898,-35.95331573486328,-35.164974212646484,0
The forgotten doctors were displeased.,The forgot doctors were displeased.,morphology,irregular_forms,irregular_past_participle_adjectives,True,False,True,False,899,-50.64383316040039,-50.604103088378906,0
The broken plane wasn't yellow.,The broke plane wasn't yellow.,morphology,irregular_forms,irregular_past_participle_adjectives,True,False,True,False,900,-40.22510528564453,-42.089759826660156,1
The known person is concealed.,The knew person is concealed.,morphology,irregular_forms,irregular_past_participle_adjectives,True,False,True,False,901,-34.700965881347656,-35.885963439941406,1
The known patient isn't lost.,The knew patient isn't lost.,morphology,irregular_forms,irregular_past_participle_adjectives,True,False,True,False,902,-38.286346435546875,-38.66063690185547,1
The broken glasses weren't new.,The broke glasses weren't new.,morphology,irregular_forms,irregular_past_participle_adjectives,True,False,True,False,903,-43.2890625,-44.214778900146484,1
The known teenagers aren't confident.,The knew teenagers aren't confident.,morphology,irregular_forms,irregular_past_participle_adjectives,True,False,True,False,904,-46.34721755981445,-45.979827880859375,0
The known students were excited.,The knew students were excited.,morphology,irregular_forms,irregular_past_participle_adjectives,True,False,True,False,905,-34.60663986206055,-35.02182388305664,1
The hidden dishes were rough.,The hid dishes were rough.,morphology,irregular_forms,irregular_past_participle_adjectives,True,False,True,False,906,-39.668701171875,-39.431129455566406,0
The known teenagers aren't small.,The knew teenagers aren't small.,morphology,irregular_forms,irregular_past_participle_adjectives,True,False,True,False,907,-44.25955581665039,-43.970985412597656,0
The hidden cucumber was exposed.,The hid cucumber was exposed.,morphology,irregular_forms,irregular_past_participle_adjectives,True,False,True,False,908,-49.40843200683594,-49.26094436645508,0
The broken unicycles weren't exposed.,The broke unicycles weren't exposed.,morphology,irregular_forms,irregular_past_participle_adjectives,True,False,True,False,909,-66.1849365234375,-66.67831420898438,1
The broken plates are brown.,The broke plates are brown.,morphology,irregular_forms,irregular_past_participle_adjectives,True,False,True,False,910,-36.1180305480957,-37.81305694580078,1
The forgotten theses are orange.,The forgot theses are orange.,morphology,irregular_forms,irregular_past_participle_adjectives,True,False,True,False,911,-45.34090805053711,-43.83595275878906,0
The broken bicycle isn't gray.,The broke bicycle isn't gray.,morphology,irregular_forms,irregular_past_participle_adjectives,True,False,True,False,912,-43.770286560058594,-44.90427780151367,1
The worn dress isn't old.,The wore dress isn't old.,morphology,irregular_forms,irregular_past_participle_adjectives,True,False,True,False,913,-42.13308334350586,-41.63454055786133,0
The worn blouse is bad.,The wore blouse is bad.,morphology,irregular_forms,irregular_past_participle_adjectives,True,False,True,False,914,-43.20996856689453,-42.85511779785156,0
The broken convertible wasn't blue.,The broke convertible wasn't blue.,morphology,irregular_forms,irregular_past_participle_adjectives,True,False,True,False,915,-42.60126876831055,-44.07170486450195,1
The known lady wasn't old.,The knew lady wasn't old.,morphology,irregular_forms,irregular_past_participle_adjectives,True,False,True,False,916,-39.39646911621094,-38.16624450683594,0
The broken couches aren't clean.,The broke couches aren't clean.,morphology,irregular_forms,irregular_past_participle_adjectives,True,False,True,False,917,-50.24512481689453,-50.95323944091797,1
The hidden alumni were concealed.,The hid alumni were concealed.,morphology,irregular_forms,irregular_past_participle_adjectives,True,False,True,False,918,-42.736061096191406,-42.81336212158203,1
The taken doors were red.,The took doors were red.,morphology,irregular_forms,irregular_past_participle_adjectives,True,False,True,False,919,-35.754913330078125,-33.88352966308594,0
The hidden plates weren't broken.,The hid plates weren't broken.,morphology,irregular_forms,irregular_past_participle_adjectives,True,False,True,False,920,-44.659114837646484,-44.868682861328125,1
The taken oases weren't blue.,The took oases weren't blue.,morphology,irregular_forms,irregular_past_participle_adjectives,True,False,True,False,921,-49.81852340698242,-48.2781982421875,0
The forgotten teenagers are important.,The forgot teenagers are important.,morphology,irregular_forms,irregular_past_participle_adjectives,True,False,True,False,922,-37.967445373535156,-37.09352493286133,0
The forgotten teacher isn't unconvinced.,The forgot teacher isn't unconvinced.,morphology,irregular_forms,irregular_past_participle_adjectives,True,False,True,False,923,-65.67047882080078,-64.84392547607422,0
The known offspring wasn't concealed.,The knew offspring wasn't concealed.,morphology,irregular_forms,irregular_past_participle_adjectives,True,False,True,False,924,-46.33412551879883,-46.30683517456055,0
The hidden apple wasn't white.,The hid apple wasn't white.,morphology,irregular_forms,irregular_past_participle_adjectives,True,False,True,False,925,-42.16886901855469,-41.70868682861328,0
The worn jackets aren't big.,The wore jackets aren't big.,morphology,irregular_forms,irregular_past_participle_adjectives,True,False,True,False,926,-45.99811553955078,-44.122039794921875,0
The forgotten waiter wasn't unemployed.,The forgot waiter wasn't unemployed.,morphology,irregular_forms,irregular_past_participle_adjectives,True,False,True,False,927,-49.38123321533203,-48.10261535644531,0
The worn socks are hidden.,The wore socks are hidden.,morphology,irregular_forms,irregular_past_participle_adjectives,True,False,True,False,928,-38.581336975097656,-38.458885192871094,0
The worn shawls aren't exposed.,The wore shawls aren't exposed.,morphology,irregular_forms,irregular_past_participle_adjectives,True,False,True,False,929,-60.333251953125,-59.8947868347168,0
The broken vase is concealed.,The broke vase is concealed.,morphology,irregular_forms,irregular_past_participle_adjectives,True,False,True,False,930,-45.352447509765625,-45.75489807128906,1
The hidden mirror was white.,The hid mirror was white.,morphology,irregular_forms,irregular_past_participle_adjectives,True,False,True,False,931,-38.723331451416016,-39.004608154296875,1
The hidden species was small.,The hid species was small.,morphology,irregular_forms,irregular_past_participle_adjectives,True,False,True,False,932,-35.983577728271484,-37.00511169433594,1
The broken screen was out in the open.,The broke screen was out in the open.,morphology,irregular_forms,irregular_past_participle_adjectives,True,False,True,False,933,-47.15596389770508,-47.91846466064453,1
The broken carriages are lost.,The broke carriages are lost.,morphology,irregular_forms,irregular_past_participle_adjectives,True,False,True,False,934,-45.4515266418457,-46.44715881347656,1
The hidden children are lucky.,The hid children are lucky.,morphology,irregular_forms,irregular_past_participle_adjectives,True,False,True,False,935,-35.04949188232422,-35.68792724609375,1
The taken carts weren't blue.,The took carts weren't blue.,morphology,irregular_forms,irregular_past_participle_adjectives,True,False,True,False,936,-43.84116744995117,-42.28341293334961,0
The broken unicycles weren't red.,The broke unicycles weren't red.,morphology,irregular_forms,irregular_past_participle_adjectives,True,False,True,False,937,-63.09234619140625,-63.668914794921875,1
The broken computers are new.,The broke computers are new.,morphology,irregular_forms,irregular_past_participle_adjectives,True,False,True,False,938,-38.04517364501953,-39.989097595214844,1
The taken teeth weren't cheap.,The took teeth weren't cheap.,morphology,irregular_forms,irregular_past_participle_adjectives,True,False,True,False,939,-43.79951477050781,-42.01002883911133,0
The hidden men are exposed.,The hid men are exposed.,morphology,irregular_forms,irregular_past_participle_adjectives,True,False,True,False,940,-34.67854690551758,-35.32391357421875,1
The broken cup is brown.,The broke cup is brown.,morphology,irregular_forms,irregular_past_participle_adjectives,True,False,True,False,941,-33.922035217285156,-35.05372619628906,1
The hidden offspring are fast.,The hid offspring are fast.,morphology,irregular_forms,irregular_past_participle_adjectives,True,False,True,False,942,-38.70953369140625,-39.17195129394531,1
The hidden casseroles aren't out in the open.,The hid casseroles aren't out in the open.,morphology,irregular_forms,irregular_past_participle_adjectives,True,False,True,False,943,-74.96910858154297,-74.08389282226562,0
The broken couches weren't hidden.,The broke couches weren't hidden.,morphology,irregular_forms,irregular_past_participle_adjectives,True,False,True,False,944,-55.9670524597168,-56.40667724609375,1
The known person is sick.,The knew person is sick.,morphology,irregular_forms,irregular_past_participle_adjectives,True,False,True,False,945,-32.31752395629883,-33.19786071777344,1
The broken glasses aren't clean.,The broke glasses aren't clean.,morphology,irregular_forms,irregular_past_participle_adjectives,True,False,True,False,946,-40.083805084228516,-40.63092803955078,1
The known boys weren't concealed.,The knew boys weren't concealed.,morphology,irregular_forms,irregular_past_participle_adjectives,True,False,True,False,947,-42.20107650756836,-42.00669860839844,0
The broken screen wasn't rough.,The broke screen wasn't rough.,morphology,irregular_forms,irregular_past_participle_adjectives,True,False,True,False,948,-42.64086151123047,-43.75288772583008,1
The hidden convertible is small.,The hid convertible is small.,morphology,irregular_forms,irregular_past_participle_adjectives,True,False,True,False,949,-40.79878616333008,-40.871036529541016,1
The forgotten senator wasn't upset.,The forgot senator wasn't upset.,morphology,irregular_forms,irregular_past_participle_adjectives,True,False,True,False,950,-46.99812698364258,-45.78828811645508,0
The known patients weren't unlucky.,The knew patients weren't unlucky.,morphology,irregular_forms,irregular_past_participle_adjectives,True,False,True,False,951,-45.16362762451172,-46.5516471862793,1
The hidden waiters weren't sick.,The hid waiters weren't sick.,morphology,irregular_forms,irregular_past_participle_adjectives,True,False,True,False,952,-51.221397399902344,-50.49781036376953,0
The broken glass wasn't messy.,The broke glass wasn't messy.,morphology,irregular_forms,irregular_past_participle_adjectives,True,False,True,False,953,-43.45520782470703,-44.184120178222656,1
The hidden oxen aren't standing.,The hid oxen aren't standing.,morphology,irregular_forms,irregular_past_participle_adjectives,True,False,True,False,954,-51.058841705322266,-50.278106689453125,0
The hidden picture wasn't important.,The hid picture wasn't important.,morphology,irregular_forms,irregular_past_participle_adjectives,True,False,True,False,955,-43.32854461669922,-43.63872146606445,1
The known boys were nice.,The knew boys were nice.,morphology,irregular_forms,irregular_past_participle_adjectives,True,False,True,False,956,-31.522844314575195,-31.042619705200195,0
The broken window was good.,The broke window was good.,morphology,irregular_forms,irregular_past_participle_adjectives,True,False,True,False,957,-32.872344970703125,-34.29309844970703,1
The hidden patients are popular.,The hid patients are popular.,morphology,irregular_forms,irregular_past_participle_adjectives,True,False,True,False,958,-37.69049835205078,-38.71816635131836,1
The worn sweaters weren't lost.,The wore sweaters weren't lost.,morphology,irregular_forms,irregular_past_participle_adjectives,True,False,True,False,959,-55.87999725341797,-55.56370162963867,0
The forgotten actor was serious.,The forgot actor was serious.,morphology,irregular_forms,irregular_past_participle_adjectives,True,False,True,False,960,-39.71657180786133,-38.932064056396484,0
The forgotten woman is young.,The forgot woman is young.,morphology,irregular_forms,irregular_past_participle_adjectives,True,False,True,False,961,-36.79814529418945,-35.45689010620117,0
The known man wasn't important.,The knew man wasn't important.,morphology,irregular_forms,irregular_past_participle_adjectives,True,False,True,False,962,-38.431663513183594,-37.81354522705078,0
The worn dress was big.,The wore dress was big.,morphology,irregular_forms,irregular_past_participle_adjectives,True,False,True,False,963,-38.53459930419922,-38.440582275390625,0
The worn dresses are white.,The wore dresses are white.,morphology,irregular_forms,irregular_past_participle_adjectives,True,False,True,False,964,-37.608612060546875,-36.8388671875,0
The worn blouse wasn't good.,The wore blouse wasn't good.,morphology,irregular_forms,irregular_past_participle_adjectives,True,False,True,False,965,-47.247230529785156,-46.95343780517578,0
The forgotten thesis isn't lost.,The forgot thesis isn't lost.,morphology,irregular_forms,irregular_past_participle_adjectives,True,False,True,False,966,-45.57430648803711,-44.62991714477539,0
The broken carriage is purple.,The broke carriage is purple.,morphology,irregular_forms,irregular_past_participle_adjectives,True,False,True,False,967,-37.00931167602539,-38.34164047241211,1
The forgotten pamphlets were black.,The forgot pamphlets were black.,morphology,irregular_forms,irregular_past_participle_adjectives,True,False,True,False,968,-52.88206100463867,-51.77528762817383,0
The broken carts were good.,The broke carts were good.,morphology,irregular_forms,irregular_past_participle_adjectives,True,False,True,False,969,-36.90740203857422,-37.38755798339844,1
The hidden cucumber was popular.,The hid cucumber was popular.,morphology,irregular_forms,irregular_past_participle_adjectives,True,False,True,False,970,-48.99694061279297,-49.2696418762207,1
The broken bicycle is hard.,The broke bicycle is hard.,morphology,irregular_forms,irregular_past_participle_adjectives,True,False,True,False,971,-34.22635269165039,-35.62886047363281,1
The hidden sketches aren't important.,The hid sketches aren't important.,morphology,irregular_forms,irregular_past_participle_adjectives,True,False,True,False,972,-46.50844192504883,-46.17387390136719,0
The forgotten movies aren't important.,The forgot movies aren't important.,morphology,irregular_forms,irregular_past_participle_adjectives,True,False,True,False,973,-45.95477294921875,-44.57395935058594,0
The worn jackets weren't cheap.,The wore jackets weren't cheap.,morphology,irregular_forms,irregular_past_participle_adjectives,True,False,True,False,974,-48.286277770996094,-47.12144088745117,0
The known actor isn't content.,The knew actor isn't content.,morphology,irregular_forms,irregular_past_participle_adjectives,True,False,True,False,975,-42.00263977050781,-44.131553649902344,1
The hidden pork is exposed.,The hid pork is exposed.,morphology,irregular_forms,irregular_past_participle_adjectives,True,False,True,False,976,-39.93817138671875,-40.71666717529297,1
The broken plate isn't bad.,The broke plate isn't bad.,morphology,irregular_forms,irregular_past_participle_adjectives,True,False,True,False,977,-37.27777862548828,-38.840816497802734,1
The taken report is long.,The took report is long.,morphology,irregular_forms,irregular_past_participle_adjectives,True,False,True,False,978,-33.85685729980469,-33.09942626953125,0
The known senators were small.,The knew senators were small.,morphology,irregular_forms,irregular_past_participle_adjectives,True,False,True,False,979,-38.346275329589844,-38.882564544677734,1
The broken feet weren't concealed.,The broke feet weren't concealed.,morphology,irregular_forms,irregular_past_participle_adjectives,True,False,True,False,980,-43.147438049316406,-44.80279541015625,1
The taken glass wasn't dirty.,The took glass wasn't dirty.,morphology,irregular_forms,irregular_past_participle_adjectives,True,False,True,False,981,-43.204315185546875,-40.88313293457031,0
The known dancer isn't popular.,The knew dancer isn't popular.,morphology,irregular_forms,irregular_past_participle_adjectives,True,False,True,False,982,-42.72709655761719,-43.80625534057617,1
The broken convertibles aren't new.,The broke convertibles aren't new.,morphology,irregular_forms,irregular_past_participle_adjectives,True,False,True,False,983,-58.446197509765625,-58.929298400878906,1
The forgotten teacher wasn't young.,The forgot teacher wasn't young.,morphology,irregular_forms,irregular_past_participle_adjectives,True,False,True,False,984,-43.919395446777344,-43.31962203979492,0
The hidden drawings aren't popular.,The hid drawings aren't popular.,morphology,irregular_forms,irregular_past_participle_adjectives,True,False,True,False,985,-47.36747741699219,-46.65385055541992,0
The known patient is big.,The knew patient is big.,morphology,irregular_forms,irregular_past_participle_adjectives,True,False,True,False,986,-34.461299896240234,-35.77855682373047,1
The taken spinach was under ripe.,The took spinach was under ripe.,morphology,irregular_forms,irregular_past_participle_adjectives,True,False,True,False,987,-49.04816436767578,-47.7877197265625,0
The known teacher isn't troubled.,The knew teacher isn't troubled.,morphology,irregular_forms,irregular_past_participle_adjectives,True,False,True,False,988,-42.95604705810547,-42.46588134765625,0
The hidden women aren't bad.,The hid women aren't bad.,morphology,irregular_forms,irregular_past_participle_adjectives,True,False,True,False,989,-39.46158218383789,-39.77214050292969,1
The hidden carriage isn't broken.,The hid carriage isn't broken.,morphology,irregular_forms,irregular_past_participle_adjectives,True,False,True,False,990,-43.27118682861328,-42.687530517578125,0
The worn glasses aren't exposed.,The wore glasses aren't exposed.,morphology,irregular_forms,irregular_past_participle_adjectives,True,False,True,False,991,-46.37872314453125,-46.053558349609375,0
The forgotten offspring were scared.,The forgot offspring were scared.,morphology,irregular_forms,irregular_past_participle_adjectives,True,False,True,False,992,-39.57286071777344,-38.5272216796875,0
The broken mirror is orange.,The broke mirror is orange.,morphology,irregular_forms,irregular_past_participle_adjectives,True,False,True,False,993,-36.62379455566406,-37.90449523925781,1
The known student isn't big.,The knew student isn't big.,morphology,irregular_forms,irregular_past_participle_adjectives,True,False,True,False,994,-39.46415328979492,-41.05976486206055,1
The broken dish was white.,The broke dish was white.,morphology,irregular_forms,irregular_past_participle_adjectives,True,False,True,False,995,-35.57583999633789,-36.64263916015625,1
The taken wheelbarrows were brown.,The took wheelbarrows were brown.,morphology,irregular_forms,irregular_past_participle_adjectives,True,False,True,False,996,-57.560691833496094,-55.23052978515625,0
The forgotten synopses aren't long.,The forgot synopses aren't long.,morphology,irregular_forms,irregular_past_participle_adjectives,True,False,True,False,997,-59.07585525512695,-57.735713958740234,0
The broken chairs weren't purple.,The broke chairs weren't purple.,morphology,irregular_forms,irregular_past_participle_adjectives,True,False,True,False,998,-44.0667724609375,-45.14398193359375,1
The broken mirror wasn't old.,The broke mirror wasn't old.,morphology,irregular_forms,irregular_past_participle_adjectives,True,False,True,False,999,-41.106056213378906,-42.04090118408203,1
