sentence_good,sentence_bad,field,linguistics_term,UID,simple_LM_method,one_prefix_method,two_prefix_method,lexically_identical,pair_id,good_prob,bad_prob,correct
Patricia had changed.,Patricia had forgotten.,syntax,argument_structure,inchoative,True,False,False,False,0,-33.384498596191406,-32.72151565551758,0
A lot of closets could fling open.,A lot of closets could buy.,syntax,argument_structure,inchoative,True,False,False,False,1,-57.63435363769531,-43.153289794921875,0
All pants loosen.,All pants brought.,syntax,argument_structure,inchoative,True,False,False,False,2,-36.25013732910156,-32.29956817626953,0
Many glasses aren't warping.,Many glasses aren't messing up.,syntax,argument_structure,inchoative,True,False,False,False,3,-46.97117614746094,-40.62999725341797,0
A screen was fading.,A screen was cleaning.,syntax,argument_structure,inchoative,True,False,False,False,4,-34.284385681152344,-34.053749084472656,0
Every mountain sells.,Every mountain climbs down.,syntax,argument_structure,inchoative,True,False,False,False,5,-31.85675621032715,-35.25444793701172,1
All rivers can't melt.,All rivers can't reveal.,syntax,argument_structure,inchoative,True,False,False,False,6,-42.65896987915039,-40.03783416748047,0
That skirt isn't unfolding.,That skirt isn't cleaning.,syntax,argument_structure,inchoative,True,False,False,False,7,-40.76879119873047,-39.48518753051758,0
That shawl shrank.,That shawl reveals.,syntax,argument_structure,inchoative,True,False,False,False,8,-51.16606140136719,-44.33732604980469,0
Those bananas are ripening.,Those bananas are cleaning.,syntax,argument_structure,inchoative,True,False,False,False,9,-40.43192672729492,-35.16656494140625,0
A lot of chairs shattered.,A lot of chairs found.,syntax,argument_structure,inchoative,True,False,False,False,10,-39.05492401123047,-34.60946273803711,0
These carriages have maneuvered.,These carriages have looked like.,syntax,argument_structure,inchoative,True,False,False,False,11,-45.16693115234375,-38.27520751953125,0
Clyde's oncologists weren't reuniting.,Clyde's oncologists weren't boring.,syntax,argument_structure,inchoative,True,False,False,False,12,-73.90705871582031,-70.003173828125,0
Benjamin's tutors spin around.,Benjamin's tutors respect.,syntax,argument_structure,inchoative,True,False,False,False,13,-64.33425903320312,-56.34104537963867,0
The sock isn't flattening.,The sock isn't wearing.,syntax,argument_structure,inchoative,True,False,False,False,14,-43.4053840637207,-36.07340621948242,0
This candle did dim.,This candle did look like.,syntax,argument_structure,inchoative,True,False,False,False,15,-41.73268127441406,-38.029109954833984,0
Rivers vaporized.,Rivers pass.,syntax,argument_structure,inchoative,True,False,False,False,16,-32.469242095947266,-27.952627182006836,0
Boys weren't assembling.,Boys weren't leaving.,syntax,argument_structure,inchoative,True,False,False,False,17,-43.137184143066406,-37.805843353271484,0
Planes accelerate.,Planes had.,syntax,argument_structure,inchoative,True,False,False,False,18,-37.03653335571289,-32.38811492919922,0
Many carriages slow.,Many carriages admire.,syntax,argument_structure,inchoative,True,False,False,False,19,-36.651424407958984,-37.350189208984375,1
Diane's granddaughters weren't worrying.,Diane's granddaughters weren't looking like.,syntax,argument_structure,inchoative,True,False,False,False,20,-66.59909057617188,-68.90853881835938,1
Some feet chip.,Some feet have.,syntax,argument_structure,inchoative,True,False,False,False,21,-31.62085723876953,-26.69736099243164,0
A lot of bananas baked.,A lot of bananas brought.,syntax,argument_structure,inchoative,True,False,False,False,22,-35.63770294189453,-37.29017639160156,1
Dennis didn't sit down.,Dennis didn't kiss.,syntax,argument_structure,inchoative,True,False,False,False,23,-37.03166580200195,-38.881961822509766,1
Most glaciers freeze.,Most glaciers look like.,syntax,argument_structure,inchoative,True,False,False,False,24,-33.302223205566406,-34.105804443359375,1
The bicycle wasn't slowing.,The bicycle wasn't revealing.,syntax,argument_structure,inchoative,True,False,False,False,25,-39.897850036621094,-40.450218200683594,1
Most children move.,Most children looked like.,syntax,argument_structure,inchoative,True,False,False,False,26,-27.166263580322266,-29.288848876953125,1
Ella's grandfathers hurt.,Ella's grandfathers reference.,syntax,argument_structure,inchoative,True,False,False,False,27,-51.49077606201172,-47.80479431152344,0
That sweater twirls.,That sweater took.,syntax,argument_structure,inchoative,True,False,False,False,28,-39.53744888305664,-31.95111656188965,0
A hat folds.,A hat saw.,syntax,argument_structure,inchoative,True,False,False,False,29,-30.87378692626953,-29.723825454711914,0
Some bicycle maneuvers.,Some bicycle had.,syntax,argument_structure,inchoative,True,False,False,False,30,-34.316524505615234,-31.990055084228516,0
A bicycle stopped.,A bicycle liked.,syntax,argument_structure,inchoative,True,False,False,False,31,-31.102706909179688,-34.29886245727539,1
What wrinkles.,What arrives at.,syntax,argument_structure,inchoative,True,False,False,False,32,-25.314851760864258,-24.930171966552734,0
All scarves fold.,All scarves admired.,syntax,argument_structure,inchoative,True,False,False,False,33,-34.85871887207031,-36.194236755371094,1
Many gloves twirl.,Many gloves revealed.,syntax,argument_structure,inchoative,True,False,False,False,34,-37.302696228027344,-35.222415924072266,0
Some river vaporizes.,Some river cleaned.,syntax,argument_structure,inchoative,True,False,False,False,35,-40.87632751464844,-32.75037384033203,0
Every father of Randolf hides.,Every father of Randolf aggravated.,syntax,argument_structure,inchoative,True,False,False,False,36,-61.851200103759766,-62.24079132080078,1
A lot of carts had slowed.,A lot of carts had looked like.,syntax,argument_structure,inchoative,True,False,False,False,37,-41.37781524658203,-44.433467864990234,1
This truck slowed.,This truck cleans.,syntax,argument_structure,inchoative,True,False,False,False,38,-30.097070693969727,-32.300933837890625,1
Some windows have flung open.,Some windows have seen.,syntax,argument_structure,inchoative,True,False,False,False,39,-41.28297424316406,-29.082382202148438,0
A coat hadn't shrunk.,A coat hadn't worn.,syntax,argument_structure,inchoative,True,False,False,False,40,-44.275054931640625,-40.1398811340332,0
Danielle's supervisor worries.,Danielle's supervisor astounded.,syntax,argument_structure,inchoative,True,False,False,False,41,-43.17627716064453,-48.17867660522461,1
The sock soaked.,The sock cleaned.,syntax,argument_structure,inchoative,True,False,False,False,42,-36.06509017944336,-34.56965637207031,0
Every candle dims.,Every candle lifted.,syntax,argument_structure,inchoative,True,False,False,False,43,-39.66394805908203,-33.231014251708984,0
The cashier's bosses worried.,The cashier's bosses aggravated.,syntax,argument_structure,inchoative,True,False,False,False,44,-47.962257385253906,-53.16266632080078,1
Those gloves had flattened.,Those gloves had looked like.,syntax,argument_structure,inchoative,True,False,False,False,45,-39.29587173461914,-38.378761291503906,0
A jacket shrank.,A jacket cleaned.,syntax,argument_structure,inchoative,True,False,False,False,46,-35.968231201171875,-31.938312530517578,0
Adam isn't healing.,Adam isn't concealing.,syntax,argument_structure,inchoative,True,False,False,False,47,-35.83491516113281,-46.0438117980957,1
That carriage chipped.,That carriage looked like.,syntax,argument_structure,inchoative,True,False,False,False,48,-40.21396255493164,-35.044036865234375,0
That vase couldn't chip.,That vase couldn't buy.,syntax,argument_structure,inchoative,True,False,False,False,49,-49.72602844238281,-41.88836669921875,0
Most coats didn't tighten.,Most coats didn't reveal.,syntax,argument_structure,inchoative,True,False,False,False,50,-41.39299774169922,-37.00465393066406,0
Those nephews of Alan marry.,Those nephews of Alan disturbed.,syntax,argument_structure,inchoative,True,False,False,False,51,-57.470436096191406,-58.44871139526367,1
That bicycle turned.,That bicycle brought.,syntax,argument_structure,inchoative,True,False,False,False,52,-34.268836975097656,-33.64098358154297,0
A shirt wrinkled.,A shirt has.,syntax,argument_structure,inchoative,True,False,False,False,53,-34.882728576660156,-25.650672912597656,0
These legislatures don't benefit.,These legislatures don't irritate.,syntax,argument_structure,inchoative,True,False,False,False,54,-41.14885330200195,-45.7493782043457,1
All windows closed.,All windows saw.,syntax,argument_structure,inchoative,True,False,False,False,55,-26.80003547668457,-27.167089462280273,1
Some plane crashed.,Some plane lifted.,syntax,argument_structure,inchoative,True,False,False,False,56,-27.659700393676758,-32.648136138916016,1
That unicycle shattered.,That unicycle had.,syntax,argument_structure,inchoative,True,False,False,False,57,-39.40132522583008,-37.3031005859375,0
The glasses are breaking.,The glasses are taking.,syntax,argument_structure,inchoative,True,False,False,False,58,-32.81315612792969,-30.52713966369629,0
Susan's grandsons assemble.,Susan's grandsons complain about.,syntax,argument_structure,inchoative,True,False,False,False,59,-53.15349578857422,-56.49760818481445,1
All candles darken.,All candles admired.,syntax,argument_structure,inchoative,True,False,False,False,60,-39.51765441894531,-34.01298904418945,0
Some lamp wasn't dimming.,Some lamp wasn't lifting.,syntax,argument_structure,inchoative,True,False,False,False,61,-49.503089904785156,-45.570552825927734,0
Stephanie hadn't trained.,Stephanie hadn't escaped from.,syntax,argument_structure,inchoative,True,False,False,False,62,-47.73878479003906,-51.09745788574219,1
Most cucumbers ripened.,Most cucumbers bought.,syntax,argument_structure,inchoative,True,False,False,False,63,-43.87137985229492,-36.26686096191406,0
Jason moves.,Jason talks to.,syntax,argument_structure,inchoative,True,False,False,False,64,-27.38554573059082,-32.79365158081055,1
All bikes won't stop.,All bikes won't like.,syntax,argument_structure,inchoative,True,False,False,False,65,-36.56024169921875,-38.9443359375,1
Adam hadn't hidden.,Adam hadn't astounded.,syntax,argument_structure,inchoative,True,False,False,False,66,-43.64033889770508,-44.927818298339844,1
Some skirt couldn't soak.,Some skirt couldn't reveal.,syntax,argument_structure,inchoative,True,False,False,False,67,-42.913639068603516,-39.10454177856445,0
Some skirts shrank.,Some skirts liked.,syntax,argument_structure,inchoative,True,False,False,False,68,-40.91191101074219,-31.824798583984375,0
These customers weren't spinning around.,These customers weren't describing.,syntax,argument_structure,inchoative,True,False,False,False,69,-40.39269256591797,-37.33452606201172,0
Kenneth's best friends reunited.,Kenneth's best friends dislike.,syntax,argument_structure,inchoative,True,False,False,False,70,-49.28749084472656,-46.52099609375,0
A lot of apples had blackened.,A lot of apples had concealed.,syntax,argument_structure,inchoative,True,False,False,False,71,-47.965267181396484,-42.62242889404297,0
A lot of peppers grow.,A lot of peppers had.,syntax,argument_structure,inchoative,True,False,False,False,72,-41.00680923461914,-40.44602584838867,0
Some books about the Great Lakes sell.,Some books about the Great Lakes bought.,syntax,argument_structure,inchoative,True,False,False,False,73,-44.955787658691406,-44.27958679199219,0
All trucks can crash.,All trucks can admire.,syntax,argument_structure,inchoative,True,False,False,False,74,-32.611690521240234,-37.39680480957031,1
Those eggplants grow.,Those eggplants brought.,syntax,argument_structure,inchoative,True,False,False,False,75,-46.79973602294922,-48.21135711669922,1
A lot of eyes have shut.,A lot of eyes have found.,syntax,argument_structure,inchoative,True,False,False,False,76,-39.03266906738281,-33.800357818603516,0
Patrick would wash.,Patrick would fire.,syntax,argument_structure,inchoative,True,False,False,False,77,-34.456600189208984,-34.30727005004883,0
That unicycle accelerated.,That unicycle liked.,syntax,argument_structure,inchoative,True,False,False,False,78,-38.9888801574707,-40.12906265258789,1
Carlos isn't waking up.,Carlos isn't hiring.,syntax,argument_structure,inchoative,True,False,False,False,79,-47.31187057495117,-45.63353729248047,0
This casserole wasn't burning.,This casserole wasn't revealing.,syntax,argument_structure,inchoative,True,False,False,False,80,-49.82573318481445,-50.95996856689453,1
Most coats stretch.,Most coats clean.,syntax,argument_structure,inchoative,True,False,False,False,81,-29.572818756103516,-28.073760986328125,0
Spinach was blackening.,Spinach was cleaning.,syntax,argument_structure,inchoative,True,False,False,False,82,-50.20124053955078,-41.865943908691406,0
Some screen hadn't faded.,Some screen hadn't concealed.,syntax,argument_structure,inchoative,True,False,False,False,83,-40.119110107421875,-42.44352340698242,1
That banana has ripened.,That banana has bought.,syntax,argument_structure,inchoative,True,False,False,False,84,-47.315250396728516,-38.33245849609375,0
Those boxes won't fling open.,Those boxes won't look like.,syntax,argument_structure,inchoative,True,False,False,False,85,-60.301517486572266,-42.94996643066406,0
Those icicles vaporize.,Those icicles revealed.,syntax,argument_structure,inchoative,True,False,False,False,86,-50.919227600097656,-43.61732482910156,0
This lamp has dimmed.,This lamp has found.,syntax,argument_structure,inchoative,True,False,False,False,87,-45.03126525878906,-32.55292510986328,0
A lot of wheelbarrows should stop.,A lot of wheelbarrows should bring.,syntax,argument_structure,inchoative,True,False,False,False,88,-57.729942321777344,-59.150299072265625,1
Mouths haven't closed.,Mouths haven't bought.,syntax,argument_structure,inchoative,True,False,False,False,89,-43.443050384521484,-42.27639389038086,0
Every truck accelerates.,Every truck admired.,syntax,argument_structure,inchoative,True,False,False,False,90,-34.608638763427734,-33.719200134277344,0
Some pants sell.,Some pants have.,syntax,argument_structure,inchoative,True,False,False,False,91,-32.40313720703125,-28.727439880371094,0
Skateboards are crashing.,Skateboards are concealing.,syntax,argument_structure,inchoative,True,False,False,False,92,-50.11334228515625,-57.565185546875,1
This shirt was stretching.,This shirt was looking like.,syntax,argument_structure,inchoative,True,False,False,False,93,-33.15470886230469,-34.165374755859375,1
Some museums benefit.,Some museums dislike.,syntax,argument_structure,inchoative,True,False,False,False,94,-31.402027130126953,-33.904747009277344,1
The box shut.,The box reveals.,syntax,argument_structure,inchoative,True,False,False,False,95,-28.604867935180664,-25.37940788269043,0
Most gloves crumpled.,Most gloves conceal.,syntax,argument_structure,inchoative,True,False,False,False,96,-45.760047912597656,-34.82109069824219,0
Books sold.,Books brought.,syntax,argument_structure,inchoative,True,False,False,False,97,-23.384050369262695,-24.814075469970703,1
Those jackets twisted.,Those jackets look like.,syntax,argument_structure,inchoative,True,False,False,False,98,-36.025421142578125,-34.60834884643555,0
Some gloves tightened.,Some gloves admire.,syntax,argument_structure,inchoative,True,False,False,False,99,-35.73698043823242,-36.42607879638672,1
That beef didn't char.,That beef didn't buy.,syntax,argument_structure,inchoative,True,False,False,False,100,-43.320072174072266,-36.245330810546875,0
Karla sits down.,Karla discussed.,syntax,argument_structure,inchoative,True,False,False,False,101,-35.928260803222656,-33.219242095947266,0
The cucumbers couldn't char.,The cucumbers couldn't lift.,syntax,argument_structure,inchoative,True,False,False,False,102,-48.914222717285156,-43.961219787597656,0
What evaporated.,What ascended.,syntax,argument_structure,inchoative,True,False,False,False,103,-26.891098022460938,-23.871061325073242,0
Bikes turn.,Bikes reveal.,syntax,argument_structure,inchoative,True,False,False,False,104,-26.596826553344727,-27.843975067138672,1
Some dress is twisting.,Some dress is finding.,syntax,argument_structure,inchoative,True,False,False,False,105,-32.077491760253906,-31.163658142089844,0
Those teachers weren't assembling.,Those teachers weren't approaching.,syntax,argument_structure,inchoative,True,False,False,False,106,-46.13193893432617,-41.37288284301758,0
Many rivers vaporize.,Many rivers respected.,syntax,argument_structure,inchoative,True,False,False,False,107,-40.2466926574707,-35.32939147949219,0
These nephews of Claire move.,These nephews of Claire discuss.,syntax,argument_structure,inchoative,True,False,False,False,108,-56.23237228393555,-56.95362091064453,1
Kimberley has changed.,Kimberley has bothered.,syntax,argument_structure,inchoative,True,False,False,False,109,-38.15960693359375,-46.24443054199219,1
A cup broke.,A cup reveals.,syntax,argument_structure,inchoative,True,False,False,False,110,-28.318370819091797,-31.658166885375977,1
Michelle hasn't trained.,Michelle hasn't observed.,syntax,argument_structure,inchoative,True,False,False,False,111,-35.802520751953125,-35.714298248291016,0
Monet doesn't hide.,Monet doesn't aggravate.,syntax,argument_structure,inchoative,True,False,False,False,112,-41.07728576660156,-44.77446365356445,1
The pork bakes.,The pork finds.,syntax,argument_structure,inchoative,True,False,False,False,113,-30.926301956176758,-31.015522003173828,1
This mushroom baked.,This mushroom bought.,syntax,argument_structure,inchoative,True,False,False,False,114,-30.14202117919922,-32.09484100341797,1
Some lamp can dim.,Some lamp can look like.,syntax,argument_structure,inchoative,True,False,False,False,115,-43.852535247802734,-38.37284851074219,0
This skirt hadn't warped.,This skirt hadn't messed up.,syntax,argument_structure,inchoative,True,False,False,False,116,-44.274024963378906,-43.3436164855957,0
That blouse hasn't shrunk.,That blouse hasn't lifted.,syntax,argument_structure,inchoative,True,False,False,False,117,-47.54433059692383,-46.935447692871094,0
Some socks shrink.,Some socks revealed.,syntax,argument_structure,inchoative,True,False,False,False,118,-35.20817565917969,-33.03520965576172,0
Peppers blacken.,Peppers found.,syntax,argument_structure,inchoative,True,False,False,False,119,-37.18305206298828,-28.785749435424805,0
Shoes flattened.,Shoes wear.,syntax,argument_structure,inchoative,True,False,False,False,120,-36.936134338378906,-30.717212677001953,0
The cars hadn't slowed.,The cars hadn't found.,syntax,argument_structure,inchoative,True,False,False,False,121,-38.720069885253906,-34.448402404785156,0
Richard spun around.,Richard talked about.,syntax,argument_structure,inchoative,True,False,False,False,122,-32.355220794677734,-26.495988845825195,0
Every teacher stands up.,Every teacher alarms.,syntax,argument_structure,inchoative,True,False,False,False,123,-32.40052795410156,-33.46483612060547,1
Some gloves fray.,Some gloves looked like.,syntax,argument_structure,inchoative,True,False,False,False,124,-34.48578643798828,-33.126220703125,0
People worry.,People hated.,syntax,argument_structure,inchoative,True,False,False,False,125,-22.262744903564453,-24.609830856323242,1
Some teachers' husband has stood up.,Some teachers' husband has approached.,syntax,argument_structure,inchoative,True,False,False,False,126,-50.93877410888672,-48.31108856201172,0
Some scarves crumple.,Some scarves bought.,syntax,argument_structure,inchoative,True,False,False,False,127,-47.2864990234375,-33.51129913330078,0
Some spotlights brighten.,Some spotlights looked like.,syntax,argument_structure,inchoative,True,False,False,False,128,-41.980255126953125,-38.53351593017578,0
Shirts have frayed.,Shirts have cleaned.,syntax,argument_structure,inchoative,True,False,False,False,129,-38.47827911376953,-33.84869384765625,0
The Clintons' podiatrist hid.,The Clintons' podiatrist hugs.,syntax,argument_structure,inchoative,True,False,False,False,130,-58.51361846923828,-55.86864471435547,0
The lady couldn't worry.,The lady couldn't love.,syntax,argument_structure,inchoative,True,False,False,False,131,-33.517364501953125,-33.03788375854492,0
Emily's bosses benefited.,Emily's bosses hugged.,syntax,argument_structure,inchoative,True,False,False,False,132,-43.647491455078125,-46.0117073059082,1
That computer couldn't tip over.,That computer couldn't admire.,syntax,argument_structure,inchoative,True,False,False,False,133,-45.8690185546875,-39.99869155883789,0
These offspring hide.,These offspring returned to.,syntax,argument_structure,inchoative,True,False,False,False,134,-31.792709350585938,-34.464115142822266,1
Most rivers vaporize.,Most rivers run around.,syntax,argument_structure,inchoative,True,False,False,False,135,-42.04103088378906,-36.09976577758789,0
Diana was moving.,Diana was upsetting.,syntax,argument_structure,inchoative,True,False,False,False,136,-30.538036346435547,-34.264068603515625,1
All sons of Laurie assemble.,All sons of Laurie irritated.,syntax,argument_structure,inchoative,True,False,False,False,137,-47.3766975402832,-51.6735954284668,1
That skateboard wasn't steering.,That skateboard wasn't concealing.,syntax,argument_structure,inchoative,True,False,False,False,138,-48.17621994018555,-58.185359954833984,1
Rivers freeze.,Rivers go to.,syntax,argument_structure,inchoative,True,False,False,False,139,-30.12286949157715,-30.54334831237793,1
The screens break.,The screens found.,syntax,argument_structure,inchoative,True,False,False,False,140,-31.157506942749023,-27.786211013793945,0
Katherine has spun around.,Katherine has criticized.,syntax,argument_structure,inchoative,True,False,False,False,141,-40.962100982666016,-37.808841705322266,0
Every gate hadn't shut.,Every gate hadn't lifted.,syntax,argument_structure,inchoative,True,False,False,False,142,-42.500160217285156,-43.063636779785156,1
Every skateboard can't maneuver.,Every skateboard can't fix.,syntax,argument_structure,inchoative,True,False,False,False,143,-48.9169807434082,-46.346099853515625,0
Many blouses won't shrink.,Many blouses won't admire.,syntax,argument_structure,inchoative,True,False,False,False,144,-48.77304458618164,-50.14303970336914,1
Every hat twisted.,Every hat liked.,syntax,argument_structure,inchoative,True,False,False,False,145,-33.69858169555664,-34.067054748535156,1
The cars roll.,The cars looked like.,syntax,argument_structure,inchoative,True,False,False,False,146,-27.59626007080078,-29.443222045898438,1
The water wasn't vaporizing.,The water wasn't revealing.,syntax,argument_structure,inchoative,True,False,False,False,147,-43.0783805847168,-35.51139831542969,0
Craig stretches.,Craig disliked.,syntax,argument_structure,inchoative,True,False,False,False,148,-26.524375915527344,-27.972660064697266,1
This mouth did close.,This mouth did conceal.,syntax,argument_structure,inchoative,True,False,False,False,149,-35.21268081665039,-40.06269073486328,1
These cars were crashing.,These cars were bringing.,syntax,argument_structure,inchoative,True,False,False,False,150,-33.17206573486328,-33.155860900878906,0
This skirt wasn't crumpling.,This skirt wasn't looking like.,syntax,argument_structure,inchoative,True,False,False,False,151,-54.215972900390625,-39.779762268066406,0
The computer broke.,The computer concealed.,syntax,argument_structure,inchoative,True,False,False,False,152,-26.592350006103516,-27.728897094726562,1
Julia healed.,Julia reveals.,syntax,argument_structure,inchoative,True,False,False,False,153,-33.677425384521484,-29.571382522583008,0
Some foot didn't crack.,Some foot didn't conceal.,syntax,argument_structure,inchoative,True,False,False,False,154,-39.446006774902344,-44.734981536865234,1
Denise stretched.,Denise finds.,syntax,argument_structure,inchoative,True,False,False,False,155,-36.67766571044922,-33.963287353515625,0
Bethany had hurt.,Bethany had scared.,syntax,argument_structure,inchoative,True,False,False,False,156,-39.10097122192383,-39.72296142578125,1
All grandfathers of Homer change.,All grandfathers of Homer liked.,syntax,argument_structure,inchoative,True,False,False,False,157,-55.125770568847656,-56.963897705078125,1
This screen faded.,This screen had.,syntax,argument_structure,inchoative,True,False,False,False,158,-30.450695037841797,-29.36334228515625,0
Linda hid away.,Linda scared.,syntax,argument_structure,inchoative,True,False,False,False,159,-36.582740783691406,-31.071014404296875,0
Nina's senators have worried.,Nina's senators have approached.,syntax,argument_structure,inchoative,True,False,False,False,160,-48.50251770019531,-48.39143753051758,0
Some chicken had baked.,Some chicken had brought.,syntax,argument_structure,inchoative,True,False,False,False,161,-33.121826171875,-34.819725036621094,1
A lot of glaciers did melt.,A lot of glaciers did discuss.,syntax,argument_structure,inchoative,True,False,False,False,162,-46.5899658203125,-47.89617919921875,1
Every screen brightens.,Every screen bought.,syntax,argument_structure,inchoative,True,False,False,False,163,-34.610774993896484,-29.134231567382812,0
This ice cream will evaporate.,This ice cream will clean.,syntax,argument_structure,inchoative,True,False,False,False,164,-37.753883361816406,-34.87100601196289,0
Thomas washed.,Thomas investigated.,syntax,argument_structure,inchoative,True,False,False,False,165,-27.812175750732422,-26.6911563873291,0
Melinda isn't sitting down.,Melinda isn't admiring.,syntax,argument_structure,inchoative,True,False,False,False,166,-41.979103088378906,-46.45942687988281,1
Laura hides.,Laura stunned.,syntax,argument_structure,inchoative,True,False,False,False,167,-28.4407958984375,-26.0234375,0
Joel had changed.,Joel had listened to.,syntax,argument_structure,inchoative,True,False,False,False,168,-27.563953399658203,-32.27568817138672,1
A lot of planes turned.,A lot of planes cleaned.,syntax,argument_structure,inchoative,True,False,False,False,169,-36.65565490722656,-34.74692153930664,0
Some bike wasn't slowing.,Some bike wasn't revealing.,syntax,argument_structure,inchoative,True,False,False,False,170,-38.88672637939453,-40.28456115722656,1
Winston Churchill wasn't hiding.,Winston Churchill wasn't irritating.,syntax,argument_structure,inchoative,True,False,False,False,171,-56.02100372314453,-58.74455261230469,1
Some shawls warp.,Some shawls brought.,syntax,argument_structure,inchoative,True,False,False,False,172,-46.777008056640625,-44.60320281982422,0
A casserole does blacken.,A casserole does reveal.,syntax,argument_structure,inchoative,True,False,False,False,173,-50.023582458496094,-45.14967346191406,0
Some banana was growing.,Some banana was buying.,syntax,argument_structure,inchoative,True,False,False,False,174,-33.773685455322266,-36.87833023071289,1
The mirrors have shattered.,The mirrors have cleaned.,syntax,argument_structure,inchoative,True,False,False,False,175,-31.87031364440918,-33.45250701904297,1
Some lakes melt.,Some lakes lift.,syntax,argument_structure,inchoative,True,False,False,False,176,-34.157283782958984,-32.560951232910156,0
Many children weren't assembling.,Many children weren't talking to.,syntax,argument_structure,inchoative,True,False,False,False,177,-39.29374694824219,-35.88909149169922,0
The river condensed.,The river explored.,syntax,argument_structure,inchoative,True,False,False,False,178,-34.636409759521484,-31.192516326904297,0
A child spins around.,A child visits.,syntax,argument_structure,inchoative,True,False,False,False,179,-33.20520782470703,-23.43825912475586,0
All glaciers haven't evaporated.,All glaciers haven't criticized.,syntax,argument_structure,inchoative,True,False,False,False,180,-46.93931579589844,-46.59703063964844,0
Hats weren't loosening.,Hats weren't finding.,syntax,argument_structure,inchoative,True,False,False,False,181,-42.247955322265625,-36.59447479248047,0
Laurie won't wake up.,Laurie won't sound like.,syntax,argument_structure,inchoative,True,False,False,False,182,-44.94124221801758,-45.782772064208984,1
Unicycles accelerated.,Unicycles clean.,syntax,argument_structure,inchoative,True,False,False,False,183,-39.74015808105469,-34.72351837158203,0
These gloves twist.,These gloves like.,syntax,argument_structure,inchoative,True,False,False,False,184,-33.194068908691406,-29.02118682861328,0
Ruth sits down.,Ruth works with.,syntax,argument_structure,inchoative,True,False,False,False,185,-35.620941162109375,-31.546253204345703,0
Winston Churchill's cousins wash.,Winston Churchill's cousins look like.,syntax,argument_structure,inchoative,True,False,False,False,186,-62.876220703125,-61.53163146972656,0
Catherine does heal.,Catherine does bore.,syntax,argument_structure,inchoative,True,False,False,False,187,-34.91878890991211,-35.132286071777344,1
That newspaper article sells.,That newspaper article brought.,syntax,argument_structure,inchoative,True,False,False,False,188,-39.148521423339844,-38.488555908203125,0
This window had opened.,This window had found.,syntax,argument_structure,inchoative,True,False,False,False,189,-31.774930953979492,-32.69129180908203,1
Becky couldn't train.,Becky couldn't disagree with.,syntax,argument_structure,inchoative,True,False,False,False,190,-36.32639694213867,-37.899444580078125,1
All screens can dim.,All screens can find.,syntax,argument_structure,inchoative,True,False,False,False,191,-38.015602111816406,-30.314212799072266,0
Every lamp has dimmed.,Every lamp has taken.,syntax,argument_structure,inchoative,True,False,False,False,192,-49.02830505371094,-32.81523895263672,0
Those glasses might tighten.,Those glasses might clean.,syntax,argument_structure,inchoative,True,False,False,False,193,-42.814979553222656,-40.126346588134766,0
Alice's plumbers assembled.,Alice's plumbers investigate.,syntax,argument_structure,inchoative,True,False,False,False,194,-47.24591827392578,-49.49095153808594,1
Wayne's fathers assembled.,Wayne's fathers dislike.,syntax,argument_structure,inchoative,True,False,False,False,195,-46.41005325317383,-45.123287200927734,0
A hat wasn't flattening.,A hat wasn't looking like.,syntax,argument_structure,inchoative,True,False,False,False,196,-47.77696990966797,-41.32838821411133,0
The plane breaks.,The plane cleans.,syntax,argument_structure,inchoative,True,False,False,False,197,-24.297710418701172,-30.998825073242188,1
Stephen changed.,Stephen annoys.,syntax,argument_structure,inchoative,True,False,False,False,198,-24.053144454956055,-33.02355194091797,1
Some ice froze.,Some ice finds.,syntax,argument_structure,inchoative,True,False,False,False,199,-31.73973846435547,-32.02924346923828,1
The ice evaporates.,The ice buys.,syntax,argument_structure,inchoative,True,False,False,False,200,-27.43863868713379,-30.035114288330078,1
Most trucks stopped.,Most trucks lifted.,syntax,argument_structure,inchoative,True,False,False,False,201,-31.677215576171875,-34.455116271972656,1
This door is shutting.,This door is lifting.,syntax,argument_structure,inchoative,True,False,False,False,202,-36.54685592651367,-32.94502258300781,0
A dress is wrinkling.,A dress is revealing.,syntax,argument_structure,inchoative,True,False,False,False,203,-36.77569580078125,-31.549287796020508,0
Diana moves.,Diana embarrasses.,syntax,argument_structure,inchoative,True,False,False,False,204,-29.301414489746094,-39.09916687011719,1
Senators had hurt.,Senators had escaped from.,syntax,argument_structure,inchoative,True,False,False,False,205,-39.4841194152832,-46.087825775146484,1
Larry spins around.,Larry bored.,syntax,argument_structure,inchoative,True,False,False,False,206,-35.66893005371094,-27.310625076293945,0
Most dresses dry.,Most dresses wear.,syntax,argument_structure,inchoative,True,False,False,False,207,-32.18782424926758,-31.47762107849121,0
Grace moves.,Grace cared for.,syntax,argument_structure,inchoative,True,False,False,False,208,-29.32835578918457,-31.73001480102539,1
These feet have cracked.,These feet have bought.,syntax,argument_structure,inchoative,True,False,False,False,209,-33.077735900878906,-32.76884460449219,0
This glacier condensed.,This glacier explored.,syntax,argument_structure,inchoative,True,False,False,False,210,-36.20671081542969,-36.37883758544922,1
That spotlight dims.,That spotlight bought.,syntax,argument_structure,inchoative,True,False,False,False,211,-44.73886489868164,-33.53780746459961,0
A lot of hats shrank.,A lot of hats found.,syntax,argument_structure,inchoative,True,False,False,False,212,-45.47515869140625,-36.76239776611328,0
The carts have stopped.,The carts have looked like.,syntax,argument_structure,inchoative,True,False,False,False,213,-33.67738723754883,-34.289451599121094,1
Maria's teacher trains.,Maria's teacher discussed.,syntax,argument_structure,inchoative,True,False,False,False,214,-38.06676483154297,-39.86004638671875,1
That person's contractors aren't sitting down.,That person's contractors aren't concealing.,syntax,argument_structure,inchoative,True,False,False,False,215,-55.219825744628906,-62.23310852050781,1
Every banana grows.,Every banana finds.,syntax,argument_structure,inchoative,True,False,False,False,216,-35.3544807434082,-35.35718536376953,1
Some fish burns.,Some fish cleaned.,syntax,argument_structure,inchoative,True,False,False,False,217,-28.9112548828125,-26.474891662597656,0
Jennifer didn't stretch.,Jennifer didn't argue about.,syntax,argument_structure,inchoative,True,False,False,False,218,-34.81627655029297,-36.524539947509766,1
Those drivers hide.,Those drivers appreciate.,syntax,argument_structure,inchoative,True,False,False,False,219,-34.907928466796875,-33.060062408447266,0
Those carriages were maneuvering.,Those carriages were bringing.,syntax,argument_structure,inchoative,True,False,False,False,220,-48.962913513183594,-41.603729248046875,0
Melissa's handymen stretch.,Melissa's handymen boasted about.,syntax,argument_structure,inchoative,True,False,False,False,221,-57.07582473754883,-64.39929962158203,1
Those eggplants burned.,Those eggplants revealed.,syntax,argument_structure,inchoative,True,False,False,False,222,-50.1995849609375,-48.788597106933594,0
Rivers aren't evaporating.,Rivers aren't exploring.,syntax,argument_structure,inchoative,True,False,False,False,223,-41.80270767211914,-37.810482025146484,0
This pork won't scorch.,This pork won't admire.,syntax,argument_structure,inchoative,True,False,False,False,224,-47.77161407470703,-44.339542388916016,0
A convertible accelerates.,A convertible finds.,syntax,argument_structure,inchoative,True,False,False,False,225,-34.045562744140625,-30.89739227294922,0
Water is hiding.,Water is finding.,syntax,argument_structure,inchoative,True,False,False,False,226,-28.612977981567383,-26.487565994262695,0
That glove was shrinking.,That glove was revealing.,syntax,argument_structure,inchoative,True,False,False,False,227,-34.86492919921875,-35.16343307495117,1
Sharon's podiatrist hides.,Sharon's podiatrist sees.,syntax,argument_structure,inchoative,True,False,False,False,228,-55.70359420776367,-51.286685943603516,0
Some shoes hadn't tightened.,Some shoes hadn't cleaned.,syntax,argument_structure,inchoative,True,False,False,False,229,-38.515201568603516,-39.2608642578125,1
Brian's dentist trains.,Brian's dentist forgets.,syntax,argument_structure,inchoative,True,False,False,False,230,-38.643314361572266,-38.12935256958008,0
Those apples grew.,Those apples found.,syntax,argument_structure,inchoative,True,False,False,False,231,-32.58026123046875,-33.28934097290039,1
Some dresses shrink.,Some dresses see.,syntax,argument_structure,inchoative,True,False,False,False,232,-35.993865966796875,-29.85628318786621,0
A lot of peppers aren't baking.,A lot of peppers aren't buying.,syntax,argument_structure,inchoative,True,False,False,False,233,-50.39476013183594,-49.20602035522461,0
Most glaciers haven't frozen.,Most glaciers haven't exited.,syntax,argument_structure,inchoative,True,False,False,False,234,-44.17839050292969,-43.738739013671875,0
A hat is shrinking.,A hat is bringing.,syntax,argument_structure,inchoative,True,False,False,False,235,-32.45779800415039,-31.58417510986328,0
A plane had chipped.,A plane had concealed.,syntax,argument_structure,inchoative,True,False,False,False,236,-37.94619369506836,-33.214599609375,0
Some skirt shrank.,Some skirt looks like.,syntax,argument_structure,inchoative,True,False,False,False,237,-38.47003173828125,-31.495777130126953,0
A jacket soaks.,A jacket admired.,syntax,argument_structure,inchoative,True,False,False,False,238,-35.95619583129883,-33.910640716552734,0
Bradley stretched.,Bradley conceals.,syntax,argument_structure,inchoative,True,False,False,False,239,-32.94520950317383,-33.357154846191406,1
These nephews of Julie hadn't hidden.,These nephews of Julie hadn't astounded.,syntax,argument_structure,inchoative,True,False,False,False,240,-70.25233459472656,-70.89871978759766,1
Every grandmother of Elaine is standing up.,Every grandmother of Elaine is observing.,syntax,argument_structure,inchoative,True,False,False,False,241,-51.738136291503906,-53.261932373046875,1
Richard's nephew hurt.,Richard's nephew disturbed.,syntax,argument_structure,inchoative,True,False,False,False,242,-39.59291076660156,-43.22066116333008,1
Lissa's dermatologists do marry.,Lissa's dermatologists do boast about.,syntax,argument_structure,inchoative,True,False,False,False,243,-56.79682159423828,-62.57733917236328,1
Most museums reunite.,Most museums biked to.,syntax,argument_structure,inchoative,True,False,False,False,244,-35.29521942138672,-46.31139373779297,1
Martin's granddaughters healed.,Martin's granddaughters like.,syntax,argument_structure,inchoative,True,False,False,False,245,-56.2939567565918,-51.77330017089844,0
Many bicycles can drop.,Many bicycles can find.,syntax,argument_structure,inchoative,True,False,False,False,246,-33.886993408203125,-30.953025817871094,0
Beef could scorch.,Beef could conceal.,syntax,argument_structure,inchoative,True,False,False,False,247,-42.99555969238281,-41.652320861816406,0
The convertible slows.,The convertible reveals.,syntax,argument_structure,inchoative,True,False,False,False,248,-33.89024353027344,-31.751808166503906,0
That eggplant isn't selling.,That eggplant isn't lifting.,syntax,argument_structure,inchoative,True,False,False,False,249,-42.15419006347656,-45.604248046875,1
Blouses weren't shrinking.,Blouses weren't cleaning.,syntax,argument_structure,inchoative,True,False,False,False,250,-44.00344467163086,-43.17811584472656,0
All men have benefited.,All men have investigated.,syntax,argument_structure,inchoative,True,False,False,False,251,-33.177223205566406,-32.221214294433594,0
Melanie's granddaughters trained.,Melanie's granddaughters disagree with.,syntax,argument_structure,inchoative,True,False,False,False,252,-56.258819580078125,-58.75017166137695,1
Many teeth weren't cracking.,Many teeth weren't messing up.,syntax,argument_structure,inchoative,True,False,False,False,253,-42.83757400512695,-42.58824157714844,0
A projector will hide.,A projector will find.,syntax,argument_structure,inchoative,True,False,False,False,254,-40.416175842285156,-36.71465301513672,0
Most shawls hadn't warped.,Most shawls hadn't looked like.,syntax,argument_structure,inchoative,True,False,False,False,255,-61.54499816894531,-56.089237213134766,0
Regina does hurt.,Regina does care for.,syntax,argument_structure,inchoative,True,False,False,False,256,-39.17643356323242,-43.85263442993164,1
Some glacier isn't freezing.,Some glacier isn't escaping from.,syntax,argument_structure,inchoative,True,False,False,False,257,-42.50151824951172,-49.60990524291992,1
Apples blackened.,Apples lift.,syntax,argument_structure,inchoative,True,False,False,False,258,-41.0719108581543,-31.031906127929688,0
What twirled.,What scans.,syntax,argument_structure,inchoative,True,False,False,False,259,-33.883689880371094,-21.9798583984375,0
Every jacket folds.,Every jacket looked like.,syntax,argument_structure,inchoative,True,False,False,False,260,-32.88262939453125,-35.47174072265625,1
Bethany hurts.,Bethany escapes from.,syntax,argument_structure,inchoative,True,False,False,False,261,-31.10569190979004,-40.227989196777344,1
This ice vaporized.,This ice admires.,syntax,argument_structure,inchoative,True,False,False,False,262,-34.94403076171875,-34.9453010559082,1
A lot of wheelbarrows rolled.,A lot of wheelbarrows fixed.,syntax,argument_structure,inchoative,True,False,False,False,263,-55.5501823425293,-52.96143341064453,0
Leslie's grandfathers stretch.,Leslie's grandfathers look like.,syntax,argument_structure,inchoative,True,False,False,False,264,-56.48527526855469,-59.58677673339844,1
Those sweaters hadn't warped.,Those sweaters hadn't admired.,syntax,argument_structure,inchoative,True,False,False,False,265,-50.732521057128906,-46.98892593383789,0
Liam spun around.,Liam complained about.,syntax,argument_structure,inchoative,True,False,False,False,266,-38.57478332519531,-37.358306884765625,0
Cheryl's dentists hadn't trained.,Cheryl's dentists hadn't talked to.,syntax,argument_structure,inchoative,True,False,False,False,267,-73.82830810546875,-74.1558837890625,1
Many hats had dried.,Many hats had seen.,syntax,argument_structure,inchoative,True,False,False,False,268,-35.97314453125,-33.164306640625,0
A blouse shrinks.,A blouse liked.,syntax,argument_structure,inchoative,True,False,False,False,269,-37.00624084472656,-36.64403533935547,0
The shoes shrink.,The shoes cleaned.,syntax,argument_structure,inchoative,True,False,False,False,270,-30.367027282714844,-28.222476959228516,0
Some light has dimmed.,Some light has lifted.,syntax,argument_structure,inchoative,True,False,False,False,271,-42.56378936767578,-35.22126388549805,0
Many gloves weren't loosening.,Many gloves weren't admiring.,syntax,argument_structure,inchoative,True,False,False,False,272,-43.02387237548828,-43.5361442565918,1
This unicycle hasn't broken.,This unicycle hasn't revealed.,syntax,argument_structure,inchoative,True,False,False,False,273,-43.00062561035156,-43.06072998046875,1
The rivers haven't melted.,The rivers haven't skated around.,syntax,argument_structure,inchoative,True,False,False,False,274,-41.835105895996094,-50.186119079589844,1
Lakes freeze.,Lakes drove to.,syntax,argument_structure,inchoative,True,False,False,False,275,-30.553726196289062,-35.54669189453125,1
A lot of dresses had soaked.,A lot of dresses had revealed.,syntax,argument_structure,inchoative,True,False,False,False,276,-46.460628509521484,-42.291282653808594,0
Claire's tutors haven't stood up.,Claire's tutors haven't scared.,syntax,argument_structure,inchoative,True,False,False,False,277,-57.20719528198242,-57.45515441894531,1
These bicycles roll.,These bicycles lift.,syntax,argument_structure,inchoative,True,False,False,False,278,-32.47815704345703,-33.359214782714844,1
Kathleen's piano teacher heals.,Kathleen's piano teacher liked.,syntax,argument_structure,inchoative,True,False,False,False,279,-65.67523193359375,-62.15550231933594,0
The wheelbarrows haven't rolled.,The wheelbarrows haven't bought.,syntax,argument_structure,inchoative,True,False,False,False,280,-62.860050201416016,-58.589271545410156,0
Grandsons of Susan could benefit.,Grandsons of Susan could flee from.,syntax,argument_structure,inchoative,True,False,False,False,281,-58.2796516418457,-68.71224975585938,1
Those bananas scorch.,Those bananas saw.,syntax,argument_structure,inchoative,True,False,False,False,282,-42.216392517089844,-34.7523193359375,0
Most icicles melt.,Most icicles reveal.,syntax,argument_structure,inchoative,True,False,False,False,283,-40.09247589111328,-36.97900390625,0
Those bikes crashed.,Those bikes buy.,syntax,argument_structure,inchoative,True,False,False,False,284,-36.98469543457031,-34.209129333496094,0
The lakes froze.,The lakes toured.,syntax,argument_structure,inchoative,True,False,False,False,285,-31.781068801879883,-31.639320373535156,0
That ice cream condenses.,That ice cream admired.,syntax,argument_structure,inchoative,True,False,False,False,286,-40.431846618652344,-37.722835540771484,0
These planes accelerate.,These planes lift.,syntax,argument_structure,inchoative,True,False,False,False,287,-36.41233444213867,-33.23298263549805,0
That projector brightens.,That projector cleaned.,syntax,argument_structure,inchoative,True,False,False,False,288,-42.422027587890625,-37.358428955078125,0
Raymond worries.,Raymond irritates.,syntax,argument_structure,inchoative,True,False,False,False,289,-34.721744537353516,-39.821136474609375,1
Sarah hadn't hidden.,Sarah hadn't returned to.,syntax,argument_structure,inchoative,True,False,False,False,290,-40.807498931884766,-37.68168258666992,0
Every apple grew.,Every apple lifts.,syntax,argument_structure,inchoative,True,False,False,False,291,-30.24798583984375,-30.83196258544922,1
That pasta blackens.,That pasta bought.,syntax,argument_structure,inchoative,True,False,False,False,292,-38.63530349731445,-31.301671981811523,0
Some glasses shrink.,Some glasses wear.,syntax,argument_structure,inchoative,True,False,False,False,293,-35.25414276123047,-30.12234115600586,0
A lot of socks haven't wrinkled.,A lot of socks haven't found.,syntax,argument_structure,inchoative,True,False,False,False,294,-50.969451904296875,-39.869163513183594,0
Cucumbers were blackening.,Cucumbers were taking.,syntax,argument_structure,inchoative,True,False,False,False,295,-52.47248077392578,-43.48621368408203,0
Many scarves soaked.,Many scarves found.,syntax,argument_structure,inchoative,True,False,False,False,296,-37.17354202270508,-31.916275024414062,0
A door isn't opening.,A door isn't taking.,syntax,argument_structure,inchoative,True,False,False,False,297,-38.97435760498047,-36.82884216308594,0
Most chairs didn't tip over.,Most chairs didn't find.,syntax,argument_structure,inchoative,True,False,False,False,298,-45.05992889404297,-32.394283294677734,0
A shirt hasn't soaked.,A shirt hasn't messed up.,syntax,argument_structure,inchoative,True,False,False,False,299,-38.87471389770508,-38.13676452636719,0
The sock shrinks.,The sock wore.,syntax,argument_structure,inchoative,True,False,False,False,300,-36.98411560058594,-33.245941162109375,0
Nancy is standing up.,Nancy is returning to.,syntax,argument_structure,inchoative,True,False,False,False,301,-30.774627685546875,-31.99571990966797,1
The Lutherans' supervisors stand up.,The Lutherans' supervisors found.,syntax,argument_structure,inchoative,True,False,False,False,302,-61.90145492553711,-55.45451354980469,0
That sock warps.,That sock admires.,syntax,argument_structure,inchoative,True,False,False,False,303,-43.67225646972656,-41.85117721557617,0
That ice freezes.,That ice revealed.,syntax,argument_structure,inchoative,True,False,False,False,304,-28.57071304321289,-31.281784057617188,1
Kathleen's brother had washed.,Kathleen's brother had returned to.,syntax,argument_structure,inchoative,True,False,False,False,305,-61.36208724975586,-62.09381103515625,1
Many wheelbarrows weren't chipping.,Many wheelbarrows weren't bringing.,syntax,argument_structure,inchoative,True,False,False,False,306,-68.02296447753906,-62.55979919433594,0
The projector brightens.,The projector looked like.,syntax,argument_structure,inchoative,True,False,False,False,307,-37.83916473388672,-35.57157897949219,0
That skirt won't dry.,That skirt won't bring.,syntax,argument_structure,inchoative,True,False,False,False,308,-39.74976348876953,-39.492103576660156,0
The skateboard crashes.,The skateboard sees.,syntax,argument_structure,inchoative,True,False,False,False,309,-33.5965690612793,-33.906707763671875,1
What is shrinking.,What is ascending.,syntax,argument_structure,inchoative,True,False,False,False,310,-22.762414932250977,-24.668371200561523,1
Every glacier wasn't vaporizing.,Every glacier wasn't arriving at.,syntax,argument_structure,inchoative,True,False,False,False,311,-55.030330657958984,-51.353302001953125,0
Many daughters of Paul have married.,Many daughters of Paul have bothered.,syntax,argument_structure,inchoative,True,False,False,False,312,-44.870025634765625,-50.06816101074219,1
Most socks shrink.,Most socks reveal.,syntax,argument_structure,inchoative,True,False,False,False,313,-34.448143005371094,-31.233144760131836,0
Nina hurt.,Nina sounds like.,syntax,argument_structure,inchoative,True,False,False,False,314,-31.256654739379883,-30.9556884765625,0
Some skateboards can maneuver.,Some skateboards can lift.,syntax,argument_structure,inchoative,True,False,False,False,315,-41.44736099243164,-40.83665084838867,0
Donna's dentist won't heal.,Donna's dentist won't dislike.,syntax,argument_structure,inchoative,True,False,False,False,316,-52.756290435791016,-53.3664665222168,1
This dress had loosened.,This dress had messed up.,syntax,argument_structure,inchoative,True,False,False,False,317,-37.414649963378906,-35.95210266113281,0
Most drivers will worry.,Most drivers will scare.,syntax,argument_structure,inchoative,True,False,False,False,318,-31.661043167114258,-34.59156036376953,1
Holly has washed.,Holly has referenced.,syntax,argument_structure,inchoative,True,False,False,False,319,-31.91956329345703,-33.26462173461914,1
Some scarf has shrunk.,Some scarf has looked like.,syntax,argument_structure,inchoative,True,False,False,False,320,-37.98851013183594,-37.012699127197266,0
Every lamp fades.,Every lamp likes.,syntax,argument_structure,inchoative,True,False,False,False,321,-33.41581726074219,-32.642940521240234,0
Sheila wasn't moving.,Sheila wasn't irritating.,syntax,argument_structure,inchoative,True,False,False,False,322,-40.804161071777344,-43.42005157470703,1
That fish doesn't hide.,That fish doesn't conceal.,syntax,argument_structure,inchoative,True,False,False,False,323,-39.053001403808594,-42.36598205566406,1
All doors had opened.,All doors had bought.,syntax,argument_structure,inchoative,True,False,False,False,324,-32.5752067565918,-33.753273010253906,1
Heather's nephews had worried.,Heather's nephews had bored.,syntax,argument_structure,inchoative,True,False,False,False,325,-57.04829788208008,-56.07727813720703,0
Most cucumbers blacken.,Most cucumbers clean.,syntax,argument_structure,inchoative,True,False,False,False,326,-47.71678161621094,-33.993370056152344,0
That woman spins around.,That woman loved.,syntax,argument_structure,inchoative,True,False,False,False,327,-36.100215911865234,-26.9141845703125,0
Some convertible hasn't cracked.,Some convertible hasn't lifted.,syntax,argument_structure,inchoative,True,False,False,False,328,-42.49025344848633,-45.534812927246094,1
All skateboards accelerate.,All skateboards conceal.,syntax,argument_structure,inchoative,True,False,False,False,329,-42.89738464355469,-43.459022521972656,1
That plane chips.,That plane fixed.,syntax,argument_structure,inchoative,True,False,False,False,330,-28.73564910888672,-28.53215789794922,0
The coats tighten.,The coats lift.,syntax,argument_structure,inchoative,True,False,False,False,331,-34.56591796875,-32.580848693847656,0
Most sweaters are unfolding.,Most sweaters are cleaning.,syntax,argument_structure,inchoative,True,False,False,False,332,-36.53008270263672,-33.44376754760742,0
Those wheelbarrows didn't steer.,Those wheelbarrows didn't bring.,syntax,argument_structure,inchoative,True,False,False,False,333,-67.11771392822266,-62.08637237548828,0
The blouses loosen.,The blouses cleaned.,syntax,argument_structure,inchoative,True,False,False,False,334,-41.894981384277344,-38.34187316894531,0
The blouse loosens.,The blouse finds.,syntax,argument_structure,inchoative,True,False,False,False,335,-41.89219284057617,-33.12854766845703,0
All shawls flattened.,All shawls took.,syntax,argument_structure,inchoative,True,False,False,False,336,-49.418739318847656,-44.18517303466797,0
The peppers burn.,The peppers took.,syntax,argument_structure,inchoative,True,False,False,False,337,-36.04983139038086,-33.721275329589844,0
Many carriages turn.,Many carriages fix.,syntax,argument_structure,inchoative,True,False,False,False,338,-34.93707275390625,-36.114410400390625,1
Every dish dropped.,Every dish had.,syntax,argument_structure,inchoative,True,False,False,False,339,-31.325336456298828,-29.309444427490234,0
That cilantro isn't burning.,That cilantro isn't taking.,syntax,argument_structure,inchoative,True,False,False,False,340,-42.589717864990234,-41.19170379638672,0
This river condensed.,This river had.,syntax,argument_structure,inchoative,True,False,False,False,341,-36.70999526977539,-29.999698638916016,0
A lot of jackets shouldn't wrinkle.,A lot of jackets shouldn't find.,syntax,argument_structure,inchoative,True,False,False,False,342,-56.7154426574707,-47.918731689453125,0
Martha's cousins marry.,Martha's cousins saw.,syntax,argument_structure,inchoative,True,False,False,False,343,-53.441497802734375,-49.6094856262207,0
Derek couldn't worry.,Derek couldn't disturb.,syntax,argument_structure,inchoative,True,False,False,False,344,-35.06352233886719,-42.26551055908203,1
Sheila's associates have married.,Sheila's associates have confused.,syntax,argument_structure,inchoative,True,False,False,False,345,-50.37830352783203,-52.765655517578125,1
This truck hasn't turned.,This truck hasn't bought.,syntax,argument_structure,inchoative,True,False,False,False,346,-37.304603576660156,-34.93518829345703,0
That fish burns.,That fish reveals.,syntax,argument_structure,inchoative,True,False,False,False,347,-31.62496566772461,-32.154178619384766,1
Noah wouldn't spin around.,Noah wouldn't admire.,syntax,argument_structure,inchoative,True,False,False,False,348,-50.685325622558594,-45.10660934448242,0
These girls' cousin wasn't washing.,These girls' cousin wasn't confusing.,syntax,argument_structure,inchoative,True,False,False,False,349,-55.13692092895508,-53.02977752685547,0
Many gloves have dried.,Many gloves have looked like.,syntax,argument_structure,inchoative,True,False,False,False,350,-34.86621856689453,-34.103641510009766,0
Laura spins around.,Laura boasted about.,syntax,argument_structure,inchoative,True,False,False,False,351,-34.96891403198242,-33.74244689941406,0
Many pies burn.,Many pies admired.,syntax,argument_structure,inchoative,True,False,False,False,352,-35.70943069458008,-38.065460205078125,1
This carriage has stopped.,This carriage has found.,syntax,argument_structure,inchoative,True,False,False,False,353,-32.72627258300781,-32.250274658203125,0
These coats weren't shrinking.,These coats weren't revealing.,syntax,argument_structure,inchoative,True,False,False,False,354,-41.07358169555664,-40.59495544433594,0
This shirt unfolds.,This shirt sees.,syntax,argument_structure,inchoative,True,False,False,False,355,-28.485843658447266,-28.60450553894043,1
The carriages were turning.,The carriages were admiring.,syntax,argument_structure,inchoative,True,False,False,False,356,-36.05405044555664,-42.31929016113281,1
This rice burns.,This rice lifted.,syntax,argument_structure,inchoative,True,False,False,False,357,-33.70008087158203,-36.28626251220703,1
The convertible wasn't crashing.,The convertible wasn't fixing.,syntax,argument_structure,inchoative,True,False,False,False,358,-40.55574035644531,-42.46940612792969,1
These computers hadn't broken.,These computers hadn't brought.,syntax,argument_structure,inchoative,True,False,False,False,359,-41.24222946166992,-40.943763732910156,0
Some broccoli scorches.,Some broccoli reveals.,syntax,argument_structure,inchoative,True,False,False,False,360,-39.03924560546875,-34.50157928466797,0
That broccoli didn't grow.,That broccoli didn't see.,syntax,argument_structure,inchoative,True,False,False,False,361,-37.55329132080078,-35.94602966308594,0
The bike rolls.,The bike finds.,syntax,argument_structure,inchoative,True,False,False,False,362,-26.185266494750977,-29.886789321899414,1
Every wheelbarrow hadn't broken.,Every wheelbarrow hadn't bought.,syntax,argument_structure,inchoative,True,False,False,False,363,-56.80851364135742,-55.66748046875,0
Most jackets can warp.,Most jackets can have.,syntax,argument_structure,inchoative,True,False,False,False,364,-36.83354949951172,-31.3536376953125,0
Wheelbarrows roll.,Wheelbarrows revealed.,syntax,argument_structure,inchoative,True,False,False,False,365,-47.141868591308594,-48.0952033996582,1
These bicycles had steered.,These bicycles had bought.,syntax,argument_structure,inchoative,True,False,False,False,366,-41.95582962036133,-35.79785919189453,0
These shoes haven't shrunk.,These shoes haven't bought.,syntax,argument_structure,inchoative,True,False,False,False,367,-39.208984375,-34.35896682739258,0
Some cake had burned.,Some cake had admired.,syntax,argument_structure,inchoative,True,False,False,False,368,-33.21356201171875,-34.7754020690918,1
Every cucumber has ripened.,Every cucumber has concealed.,syntax,argument_structure,inchoative,True,False,False,False,369,-47.0715217590332,-41.469444274902344,0
Every pie can't burn.,Every pie can't find.,syntax,argument_structure,inchoative,True,False,False,False,370,-39.712032318115234,-36.541587829589844,0
Sandra was training.,Sandra was curing.,syntax,argument_structure,inchoative,True,False,False,False,371,-28.0576171875,-31.677326202392578,1
The car tipped over.,The car fixes.,syntax,argument_structure,inchoative,True,False,False,False,372,-32.261016845703125,-26.05149269104004,0
What isn't twisting.,What isn't ascending.,syntax,argument_structure,inchoative,True,False,False,False,373,-31.13722038269043,-30.487899780273438,0
Melinda hid.,Melinda cares for.,syntax,argument_structure,inchoative,True,False,False,False,374,-34.560543060302734,-36.94712829589844,1
These rivers vaporize.,These rivers clean.,syntax,argument_structure,inchoative,True,False,False,False,375,-42.709877014160156,-31.924701690673828,0
Tanya hadn't hurt.,Tanya hadn't disliked.,syntax,argument_structure,inchoative,True,False,False,False,376,-38.99053192138672,-45.41559600830078,1
That jacket does tighten.,That jacket does conceal.,syntax,argument_structure,inchoative,True,False,False,False,377,-40.88737487792969,-39.857486724853516,0
Many hats soaked.,Many hats conceal.,syntax,argument_structure,inchoative,True,False,False,False,378,-36.30491256713867,-35.459877014160156,0
Julie stood up.,Julie worked with.,syntax,argument_structure,inchoative,True,False,False,False,379,-27.553791046142578,-29.781620025634766,1
Some bikes would crash.,Some bikes would bring.,syntax,argument_structure,inchoative,True,False,False,False,380,-33.81665802001953,-33.274497985839844,0
Most trucks rolled.,Most trucks liked.,syntax,argument_structure,inchoative,True,False,False,False,381,-33.682281494140625,-33.78123474121094,1
This carriage hasn't rolled.,This carriage hasn't bought.,syntax,argument_structure,inchoative,True,False,False,False,382,-42.271854400634766,-38.47342300415039,0
Matt's friend changes.,Matt's friend loves.,syntax,argument_structure,inchoative,True,False,False,False,383,-35.1107177734375,-33.28629684448242,0
Tonya sat down.,Tonya observes.,syntax,argument_structure,inchoative,True,False,False,False,384,-29.784725189208984,-28.54608917236328,0
What was evaporating.,What was exiting.,syntax,argument_structure,inchoative,True,False,False,False,385,-30.003313064575195,-25.5886173248291,0
Every student trains.,Every student appreciates.,syntax,argument_structure,inchoative,True,False,False,False,386,-28.63896942138672,-28.153358459472656,0
Edward's nieces can't worry.,Edward's nieces can't find.,syntax,argument_structure,inchoative,True,False,False,False,387,-51.176239013671875,-50.22318649291992,0
These blouses are wrinkling.,These blouses are revealing.,syntax,argument_structure,inchoative,True,False,False,False,388,-43.495033264160156,-40.1134033203125,0
Pants shouldn't warp.,Pants shouldn't look like.,syntax,argument_structure,inchoative,True,False,False,False,389,-40.678001403808594,-38.22928237915039,0
Many socks had twisted.,Many socks had seen.,syntax,argument_structure,inchoative,True,False,False,False,390,-35.91442108154297,-32.238258361816406,0
Janet's ex-wives assemble.,Janet's ex-wives upset.,syntax,argument_structure,inchoative,True,False,False,False,391,-61.23448181152344,-58.55158233642578,0
Most ladies sit down.,Most ladies approach.,syntax,argument_structure,inchoative,True,False,False,False,392,-30.740570068359375,-30.864648818969727,1
Some niece of Sarah couldn't wake up.,Some niece of Sarah couldn't talk to.,syntax,argument_structure,inchoative,True,False,False,False,393,-56.737648010253906,-56.41138458251953,0
Jason is washing.,Jason is working with.,syntax,argument_structure,inchoative,True,False,False,False,394,-31.500621795654297,-31.45269012451172,0
Every popsicle was freezing.,Every popsicle was cleaning.,syntax,argument_structure,inchoative,True,False,False,False,395,-47.3817253112793,-48.23719024658203,1
Most fathers of Kevin benefit.,Most fathers of Kevin worked with.,syntax,argument_structure,inchoative,True,False,False,False,396,-50.78059005737305,-49.16054153442383,0
Some glaciers vaporize.,Some glaciers insult.,syntax,argument_structure,inchoative,True,False,False,False,397,-42.20297622680664,-38.61104965209961,0
The glacier would melt.,The glacier would find.,syntax,argument_structure,inchoative,True,False,False,False,398,-36.131996154785156,-34.404991149902344,0
A lamp fades.,A lamp admires.,syntax,argument_structure,inchoative,True,False,False,False,399,-31.63589859008789,-36.53591537475586,1
A box is flinging open.,A box is taking.,syntax,argument_structure,inchoative,True,False,False,False,400,-38.96387481689453,-27.033340454101562,0
This icicle wasn't condensing.,This icicle wasn't taking.,syntax,argument_structure,inchoative,True,False,False,False,401,-59.63015365600586,-51.04601287841797,0
Sisters of Erin aren't benefiting.,Sisters of Erin aren't admiring.,syntax,argument_structure,inchoative,True,False,False,False,402,-63.8017463684082,-65.68480682373047,1
Some dress dries.,Some dress messed up.,syntax,argument_structure,inchoative,True,False,False,False,403,-32.18781280517578,-34.01756286621094,1
Those pants haven't folded.,Those pants haven't taken.,syntax,argument_structure,inchoative,True,False,False,False,404,-45.433631896972656,-42.052101135253906,0
Offspring wake up.,Offspring visit.,syntax,argument_structure,inchoative,True,False,False,False,405,-40.39565658569336,-33.4234619140625,0
Some nieces of every teenager didn't marry.,Some nieces of every teenager didn't kiss.,syntax,argument_structure,inchoative,True,False,False,False,406,-66.58846282958984,-70.27799987792969,1
Sketches hide.,Sketches looked like.,syntax,argument_structure,inchoative,True,False,False,False,407,-36.94661331176758,-39.59775924682617,1
Unicycles did steer.,Unicycles did reveal.,syntax,argument_structure,inchoative,True,False,False,False,408,-48.77021789550781,-44.7242431640625,0
Some candles wouldn't dim.,Some candles wouldn't find.,syntax,argument_structure,inchoative,True,False,False,False,409,-43.2425537109375,-34.9483642578125,0
Elizabeth's best friend hurt.,Elizabeth's best friend examines.,syntax,argument_structure,inchoative,True,False,False,False,410,-37.51220703125,-39.39186096191406,1
Some organization had worried.,Some organization had irritated.,syntax,argument_structure,inchoative,True,False,False,False,411,-33.75678253173828,-36.67474365234375,1
Raymond washes.,Raymond annoys.,syntax,argument_structure,inchoative,True,False,False,False,412,-33.94049835205078,-40.72650909423828,1
Some gloves weren't warping.,Some gloves weren't buying.,syntax,argument_structure,inchoative,True,False,False,False,413,-43.777992248535156,-35.25439453125,0
Many glasses tip over.,Many glasses fix.,syntax,argument_structure,inchoative,True,False,False,False,414,-39.14623260498047,-32.414512634277344,0
Some vases haven't dropped.,Some vases haven't cleaned.,syntax,argument_structure,inchoative,True,False,False,False,415,-44.767208099365234,-44.30561828613281,0
Some bicycle breaks.,Some bicycle admires.,syntax,argument_structure,inchoative,True,False,False,False,416,-30.16965675354004,-40.419456481933594,1
Every couch chipped.,Every couch fixed.,syntax,argument_structure,inchoative,True,False,False,False,417,-35.70935821533203,-30.384479522705078,0
This alumnus can't train.,This alumnus can't disturb.,syntax,argument_structure,inchoative,True,False,False,False,418,-52.46379852294922,-52.9367790222168,1
This ice cream was vaporizing.,This ice cream was lifting.,syntax,argument_structure,inchoative,True,False,False,False,419,-45.49770736694336,-39.711021423339844,0
Brenda wakes up.,Brenda admires.,syntax,argument_structure,inchoative,True,False,False,False,420,-30.007665634155273,-36.824974060058594,1
A door is shutting.,A door is taking.,syntax,argument_structure,inchoative,True,False,False,False,421,-36.61980056762695,-30.884235382080078,0
These lakes melted.,These lakes walked through.,syntax,argument_structure,inchoative,True,False,False,False,422,-36.47746276855469,-38.34112548828125,1
That closet closes.,That closet criticized.,syntax,argument_structure,inchoative,True,False,False,False,423,-31.809911727905273,-41.370826721191406,1
All skirts fold.,All skirts lifted.,syntax,argument_structure,inchoative,True,False,False,False,424,-35.23777770996094,-37.739051818847656,1
A jacket isn't twisting.,A jacket isn't concealing.,syntax,argument_structure,inchoative,True,False,False,False,425,-39.32105255126953,-48.53280258178711,1
Russell was training.,Russell was insulting.,syntax,argument_structure,inchoative,True,False,False,False,426,-31.282485961914062,-32.306785583496094,1
Some mushroom could blacken.,Some mushroom could look like.,syntax,argument_structure,inchoative,True,False,False,False,427,-49.383949279785156,-40.1205940246582,0
The coat is loosening.,The coat is taking.,syntax,argument_structure,inchoative,True,False,False,False,428,-32.491146087646484,-28.935237884521484,0
That blouse frayed.,That blouse looks like.,syntax,argument_structure,inchoative,True,False,False,False,429,-42.67999267578125,-37.24366760253906,0
Every wheelbarrow couldn't shatter.,Every wheelbarrow couldn't find.,syntax,argument_structure,inchoative,True,False,False,False,430,-56.24760055541992,-49.387943267822266,0
This box wasn't opening.,This box wasn't taking.,syntax,argument_structure,inchoative,True,False,False,False,431,-36.821895599365234,-34.48259735107422,0
That patient could worry.,That patient could talk to.,syntax,argument_structure,inchoative,True,False,False,False,432,-35.17691421508789,-39.08203887939453,1
That glove should crumple.,That glove should admire.,syntax,argument_structure,inchoative,True,False,False,False,433,-56.05195617675781,-40.608177185058594,0
Some icicle won't condense.,Some icicle won't buy.,syntax,argument_structure,inchoative,True,False,False,False,434,-60.99031066894531,-48.24555206298828,0
Planes would steer.,Planes would lift.,syntax,argument_structure,inchoative,True,False,False,False,435,-41.295448303222656,-39.89104080200195,0
Most unicycles turn.,Most unicycles lift.,syntax,argument_structure,inchoative,True,False,False,False,436,-45.41676330566406,-46.279239654541016,1
Every unicycle doesn't roll.,Every unicycle doesn't lift.,syntax,argument_structure,inchoative,True,False,False,False,437,-45.629981994628906,-44.968509674072266,0
Those mouths open.,Those mouths clean.,syntax,argument_structure,inchoative,True,False,False,False,438,-34.205604553222656,-35.606449127197266,1
The eggplant baked.,The eggplant saw.,syntax,argument_structure,inchoative,True,False,False,False,439,-30.365646362304688,-30.353355407714844,0
James heals.,James appreciated.,syntax,argument_structure,inchoative,True,False,False,False,440,-23.897951126098633,-23.117385864257812,0
Wendy's granddaughters benefited.,Wendy's granddaughters returned to.,syntax,argument_structure,inchoative,True,False,False,False,441,-62.67210388183594,-61.663551330566406,0
This niece of Florence had stretched.,This niece of Florence had criticized.,syntax,argument_structure,inchoative,True,False,False,False,442,-52.02297592163086,-54.44196701049805,1
Some blouse unfolded.,Some blouse cleans.,syntax,argument_structure,inchoative,True,False,False,False,443,-38.01218795776367,-40.00521469116211,1
Every cake wouldn't blacken.,Every cake wouldn't look like.,syntax,argument_structure,inchoative,True,False,False,False,444,-48.925697326660156,-38.95250701904297,0
Those teeth might shatter.,Those teeth might clean.,syntax,argument_structure,inchoative,True,False,False,False,445,-43.14332580566406,-39.16320037841797,0
Every muffin burned.,Every muffin admires.,syntax,argument_structure,inchoative,True,False,False,False,446,-37.62880325317383,-43.48093032836914,1
Feet drop.,Feet find.,syntax,argument_structure,inchoative,True,False,False,False,447,-32.04472351074219,-29.685617446899414,0
A banana hadn't baked.,A banana hadn't cleaned.,syntax,argument_structure,inchoative,True,False,False,False,448,-42.42131042480469,-43.93022155761719,1
Those teeth drop.,Those teeth cleaned.,syntax,argument_structure,inchoative,True,False,False,False,449,-36.96078109741211,-34.37725067138672,0
Some tomatoes do burn.,Some tomatoes do bring.,syntax,argument_structure,inchoative,True,False,False,False,450,-37.177467346191406,-37.069889068603516,0
That truck might slow.,That truck might take.,syntax,argument_structure,inchoative,True,False,False,False,451,-35.807044982910156,-33.304908752441406,0
That lamp wasn't darkening.,That lamp wasn't buying.,syntax,argument_structure,inchoative,True,False,False,False,452,-47.45942687988281,-41.01408004760742,0
All carriages steer.,All carriages saw.,syntax,argument_structure,inchoative,True,False,False,False,453,-40.06316375732422,-35.97100830078125,0
Every pie hasn't blackened.,Every pie hasn't admired.,syntax,argument_structure,inchoative,True,False,False,False,454,-50.101234436035156,-42.45288848876953,0
That sock could unfold.,That sock could admire.,syntax,argument_structure,inchoative,True,False,False,False,455,-39.00477600097656,-41.166229248046875,1
Many guests aren't sitting down.,Many guests aren't disturbing.,syntax,argument_structure,inchoative,True,False,False,False,456,-38.40147399902344,-38.097740173339844,0
The rivers wouldn't vaporize.,The rivers wouldn't skate around.,syntax,argument_structure,inchoative,True,False,False,False,457,-52.47452926635742,-50.428794860839844,0
Some ice cream isn't melting.,Some ice cream isn't concealing.,syntax,argument_structure,inchoative,True,False,False,False,458,-40.19530487060547,-51.53034591674805,1
A skirt was folding.,A skirt was admiring.,syntax,argument_structure,inchoative,True,False,False,False,459,-35.31938934326172,-40.06956100463867,1
All universities are benefiting.,All universities are bothering.,syntax,argument_structure,inchoative,True,False,False,False,460,-34.2952766418457,-35.175567626953125,1
The plane did roll.,The plane did have.,syntax,argument_structure,inchoative,True,False,False,False,461,-34.15834045410156,-30.53961181640625,0
Many windows had tipped over.,Many windows had seen.,syntax,argument_structure,inchoative,True,False,False,False,462,-37.49268341064453,-31.29036521911621,0
A friend of Rhonda is healing.,A friend of Rhonda is scanning.,syntax,argument_structure,inchoative,True,False,False,False,463,-44.31709289550781,-46.77645492553711,1
These spotlights will dim.,These spotlights will find.,syntax,argument_structure,inchoative,True,False,False,False,464,-46.45686340332031,-37.83460998535156,0
This skirt shrinks.,This skirt cleaned.,syntax,argument_structure,inchoative,True,False,False,False,465,-34.32744216918945,-32.537479400634766,0
Leslie wasn't spinning around.,Leslie wasn't referencing.,syntax,argument_structure,inchoative,True,False,False,False,466,-50.79450225830078,-49.707786560058594,0
Some bicycle wasn't shattering.,Some bicycle wasn't bringing.,syntax,argument_structure,inchoative,True,False,False,False,467,-49.370697021484375,-43.28986358642578,0
Those socks have twirled.,Those socks have cleaned.,syntax,argument_structure,inchoative,True,False,False,False,468,-51.47380828857422,-38.00457763671875,0
Many lights sell.,Many lights buy.,syntax,argument_structure,inchoative,True,False,False,False,469,-28.880218505859375,-30.64956283569336,1
The sweater stretches.,The sweater concealed.,syntax,argument_structure,inchoative,True,False,False,False,470,-29.081634521484375,-32.784488677978516,1
A patient's lawyer isn't changing.,A patient's lawyer isn't hiring.,syntax,argument_structure,inchoative,True,False,False,False,471,-46.75691223144531,-49.33445739746094,1
The blouse did shrink.,The blouse did see.,syntax,argument_structure,inchoative,True,False,False,False,472,-41.49229431152344,-37.57597351074219,0
Some blouse frays.,Some blouse wore.,syntax,argument_structure,inchoative,True,False,False,False,473,-39.1915283203125,-37.338706970214844,0
The chairs broke.,The chairs liked.,syntax,argument_structure,inchoative,True,False,False,False,474,-30.924354553222656,-30.77165985107422,0
Some hat dried.,Some hat lifts.,syntax,argument_structure,inchoative,True,False,False,False,475,-34.992279052734375,-32.30687713623047,0
George shouldn't spin around.,George shouldn't stun.,syntax,argument_structure,inchoative,True,False,False,False,476,-42.82259750366211,-39.33855056762695,0
The pork wasn't baking.,The pork wasn't lifting.,syntax,argument_structure,inchoative,True,False,False,False,477,-41.239601135253906,-43.730499267578125,1
Most eyes shut.,Most eyes found.,syntax,argument_structure,inchoative,True,False,False,False,478,-30.53325653076172,-28.170896530151367,0
Blouses stretched.,Blouses saw.,syntax,argument_structure,inchoative,True,False,False,False,479,-35.465797424316406,-32.25905990600586,0
This unicycle had rolled.,This unicycle had looked like.,syntax,argument_structure,inchoative,True,False,False,False,480,-44.087921142578125,-44.12266159057617,1
An eye opened.,An eye lifts.,syntax,argument_structure,inchoative,True,False,False,False,481,-30.095355987548828,-26.9278621673584,0
Laurie's associates wake up.,Laurie's associates fire.,syntax,argument_structure,inchoative,True,False,False,False,482,-52.844783782958984,-50.5078010559082,0
Skirts don't loosen.,Skirts don't conceal.,syntax,argument_structure,inchoative,True,False,False,False,483,-45.67571258544922,-46.60337829589844,1
Pasta wasn't burning.,Pasta wasn't looking like.,syntax,argument_structure,inchoative,True,False,False,False,484,-39.56694030761719,-40.337890625,1
Most carriages crash.,Most carriages brought.,syntax,argument_structure,inchoative,True,False,False,False,485,-34.45480728149414,-35.916072845458984,1
Some car is crashing.,Some car is looking like.,syntax,argument_structure,inchoative,True,False,False,False,486,-31.647674560546875,-33.459251403808594,1
Some mouths opened.,Some mouths buy.,syntax,argument_structure,inchoative,True,False,False,False,487,-32.57182312011719,-33.17262268066406,1
The couches chipped.,The couches fixed.,syntax,argument_structure,inchoative,True,False,False,False,488,-39.71725082397461,-34.70588684082031,0
Planes break.,Planes see.,syntax,argument_structure,inchoative,True,False,False,False,489,-33.76027297973633,-34.01123046875,1
Matt changed.,Matt investigated.,syntax,argument_structure,inchoative,True,False,False,False,490,-21.667720794677734,-26.953609466552734,1
Gloves shrink.,Gloves clean.,syntax,argument_structure,inchoative,True,False,False,False,491,-38.107208251953125,-34.542320251464844,0
The box isn't flinging open.,The box isn't bringing.,syntax,argument_structure,inchoative,True,False,False,False,492,-45.39593505859375,-33.379615783691406,0
All tomatoes can ripen.,All tomatoes can look like.,syntax,argument_structure,inchoative,True,False,False,False,493,-39.9682502746582,-35.05115509033203,0
Most shirts would twist.,Most shirts would find.,syntax,argument_structure,inchoative,True,False,False,False,494,-38.44085693359375,-32.307090759277344,0
Most lights fade.,Most lights clean.,syntax,argument_structure,inchoative,True,False,False,False,495,-28.959930419921875,-27.314945220947266,0
A lot of unicycles rolled.,A lot of unicycles look like.,syntax,argument_structure,inchoative,True,False,False,False,496,-53.4531364440918,-52.133460998535156,0
That water isn't condensing.,That water isn't buying.,syntax,argument_structure,inchoative,True,False,False,False,497,-40.928871154785156,-33.090980529785156,0
Cucumbers couldn't grow.,Cucumbers couldn't like.,syntax,argument_structure,inchoative,True,False,False,False,498,-48.246131896972656,-48.69921112060547,1
The glasses won't twist.,The glasses won't wear.,syntax,argument_structure,inchoative,True,False,False,False,499,-40.33964538574219,-36.830833435058594,0
This couch chipped.,This couch took.,syntax,argument_structure,inchoative,True,False,False,False,500,-34.32122039794922,-30.992809295654297,0
Carlos hides.,Carlos hugged.,syntax,argument_structure,inchoative,True,False,False,False,501,-42.526939392089844,-42.78132629394531,1
Every light was darkening.,Every light was concealing.,syntax,argument_structure,inchoative,True,False,False,False,502,-37.154579162597656,-42.008060455322266,1
That apple was growing.,That apple was looking like.,syntax,argument_structure,inchoative,True,False,False,False,503,-32.240318298339844,-38.415367126464844,1
Every man couldn't hide away.,Every man couldn't irritate.,syntax,argument_structure,inchoative,True,False,False,False,504,-38.2178955078125,-38.19145202636719,0
What freezes.,What visited.,syntax,argument_structure,inchoative,True,False,False,False,505,-23.608238220214844,-24.123899459838867,1
Those windows flung open.,Those windows see.,syntax,argument_structure,inchoative,True,False,False,False,506,-46.19819641113281,-33.19060516357422,0
Most guys worry.,Most guys disturb.,syntax,argument_structure,inchoative,True,False,False,False,507,-26.744068145751953,-34.65028762817383,1
Some mushrooms might ripen.,Some mushrooms might buy.,syntax,argument_structure,inchoative,True,False,False,False,508,-43.776004791259766,-38.97221374511719,0
Those rivers melt.,Those rivers brought.,syntax,argument_structure,inchoative,True,False,False,False,509,-37.16010284423828,-36.27423858642578,0
These convertibles shouldn't chip.,These convertibles shouldn't buy.,syntax,argument_structure,inchoative,True,False,False,False,510,-58.16766357421875,-50.050018310546875,0
Trucks were crashing.,Trucks were looking like.,syntax,argument_structure,inchoative,True,False,False,False,511,-40.4450569152832,-42.72438049316406,1
Jill's ex-wives have benefited.,Jill's ex-wives have talked about.,syntax,argument_structure,inchoative,True,False,False,False,512,-59.086753845214844,-56.192108154296875,0
That cat does sell.,That cat does reveal.,syntax,argument_structure,inchoative,True,False,False,False,513,-35.84027099609375,-35.44532775878906,0
Jane's plumber is healing.,Jane's plumber is arguing about.,syntax,argument_structure,inchoative,True,False,False,False,514,-43.59311294555664,-54.28594207763672,1
These boys' piano teacher heals.,These boys' piano teacher astounds.,syntax,argument_structure,inchoative,True,False,False,False,515,-54.214256286621094,-58.279354095458984,1
The unicycle hadn't steered.,The unicycle hadn't brought.,syntax,argument_structure,inchoative,True,False,False,False,516,-50.162071228027344,-44.71098709106445,0
Those committees had benefited.,Those committees had astounded.,syntax,argument_structure,inchoative,True,False,False,False,517,-39.06403350830078,-42.99651336669922,1
The broccoli wasn't blackening.,The broccoli wasn't finding.,syntax,argument_structure,inchoative,True,False,False,False,518,-46.190940856933594,-38.84535598754883,0
Those mushrooms grew.,Those mushrooms looked like.,syntax,argument_structure,inchoative,True,False,False,False,519,-35.866878509521484,-38.82173538208008,1
Coats aren't crumpling.,Coats aren't revealing.,syntax,argument_structure,inchoative,True,False,False,False,520,-50.851680755615234,-38.84077453613281,0
Most bicycles slow.,Most bicycles saw.,syntax,argument_structure,inchoative,True,False,False,False,521,-31.568607330322266,-31.329801559448242,0
These glasses tightened.,These glasses see.,syntax,argument_structure,inchoative,True,False,False,False,522,-35.60745620727539,-30.317337036132812,0
Some mirror hasn't cracked.,Some mirror hasn't fixed.,syntax,argument_structure,inchoative,True,False,False,False,523,-43.51288986206055,-41.39323806762695,0
A shawl had loosened.,A shawl had concealed.,syntax,argument_structure,inchoative,True,False,False,False,524,-50.31041717529297,-47.98318862915039,0
This cilantro blackened.,This cilantro reveals.,syntax,argument_structure,inchoative,True,False,False,False,525,-42.07737350463867,-38.721534729003906,0
All brothers of Stephen reunite.,All brothers of Stephen irritated.,syntax,argument_structure,inchoative,True,False,False,False,526,-47.26323318481445,-49.77556228637695,1
Every child hides.,Every child respected.,syntax,argument_structure,inchoative,True,False,False,False,527,-28.726898193359375,-27.40240478515625,0
These icicles melt.,These icicles took.,syntax,argument_structure,inchoative,True,False,False,False,528,-40.91746520996094,-39.55912399291992,0
The blouses shrank.,The blouses bought.,syntax,argument_structure,inchoative,True,False,False,False,529,-42.522796630859375,-36.20307159423828,0
Most hats had twirled.,Most hats had found.,syntax,argument_structure,inchoative,True,False,False,False,530,-47.51982879638672,-33.75136184692383,0
Most fish sell.,Most fish saw.,syntax,argument_structure,inchoative,True,False,False,False,531,-27.439481735229492,-27.493473052978516,1
The mouths do open.,The mouths do bring.,syntax,argument_structure,inchoative,True,False,False,False,532,-36.55224609375,-37.22446823120117,1
That truck broke.,That truck likes.,syntax,argument_structure,inchoative,True,False,False,False,533,-29.57886505126953,-31.349159240722656,1
This unicycle would steer.,This unicycle would take.,syntax,argument_structure,inchoative,True,False,False,False,534,-43.662254333496094,-37.434730529785156,0
Florence worries.,Florence looks like.,syntax,argument_structure,inchoative,True,False,False,False,535,-38.57849884033203,-43.45927429199219,1
Some mouth has flung open.,Some mouth has found.,syntax,argument_structure,inchoative,True,False,False,False,536,-45.244476318359375,-34.42495346069336,0
These committees could reunite.,These committees could investigate.,syntax,argument_structure,inchoative,True,False,False,False,537,-43.00206756591797,-36.174888610839844,0
Amy stood up.,Amy discusses.,syntax,argument_structure,inchoative,True,False,False,False,538,-24.960975646972656,-22.652233123779297,0
That dish cracks.,That dish revealed.,syntax,argument_structure,inchoative,True,False,False,False,539,-35.10952377319336,-32.017635345458984,0
Planes have broken.,Planes have admired.,syntax,argument_structure,inchoative,True,False,False,False,540,-35.47103500366211,-37.23828887939453,1
All guests haven't sat down.,All guests haven't kissed.,syntax,argument_structure,inchoative,True,False,False,False,541,-40.0199089050293,-43.087100982666016,1
Those wheelbarrows can't stop.,Those wheelbarrows can't buy.,syntax,argument_structure,inchoative,True,False,False,False,542,-60.85820388793945,-62.66504669189453,1
A lot of cakes charred.,A lot of cakes admired.,syntax,argument_structure,inchoative,True,False,False,False,543,-42.40782928466797,-40.92647933959961,0
Every mouth was hiding.,Every mouth was taking.,syntax,argument_structure,inchoative,True,False,False,False,544,-34.921783447265625,-33.949485778808594,0
Every computer cracked.,Every computer looked like.,syntax,argument_structure,inchoative,True,False,False,False,545,-29.562820434570312,-32.57761764526367,1
Veronica's grandmother could hide.,Veronica's grandmother could complain about.,syntax,argument_structure,inchoative,True,False,False,False,546,-50.29039764404297,-53.66089630126953,1
A lot of men haven't hidden.,A lot of men haven't concealed.,syntax,argument_structure,inchoative,True,False,False,False,547,-47.89788818359375,-46.34986114501953,0
Some car hadn't accelerated.,Some car hadn't fixed.,syntax,argument_structure,inchoative,True,False,False,False,548,-43.052459716796875,-38.04153823852539,0
This unicycle hasn't steered.,This unicycle hasn't looked like.,syntax,argument_structure,inchoative,True,False,False,False,549,-49.23941421508789,-43.2509880065918,0
Stephen's hairdresser hid.,Stephen's hairdresser shocks.,syntax,argument_structure,inchoative,True,False,False,False,550,-50.92005920410156,-48.21466827392578,0
A lot of cups cracked.,A lot of cups admire.,syntax,argument_structure,inchoative,True,False,False,False,551,-37.356536865234375,-41.283260345458984,1
This truck was accelerating.,This truck was taking.,syntax,argument_structure,inchoative,True,False,False,False,552,-33.894432067871094,-31.491477966308594,0
These windows aren't shattering.,These windows aren't cleaning.,syntax,argument_structure,inchoative,True,False,False,False,553,-45.10638427734375,-38.43938446044922,0
This pasta has blackened.,This pasta has revealed.,syntax,argument_structure,inchoative,True,False,False,False,554,-41.90495300292969,-35.265586853027344,0
These doors shut.,These doors looked like.,syntax,argument_structure,inchoative,True,False,False,False,555,-32.95030212402344,-33.157562255859375,1
Most lakes freeze.,Most lakes leave.,syntax,argument_structure,inchoative,True,False,False,False,556,-33.09953689575195,-31.01070785522461,0
This gate opens.,This gate liked.,syntax,argument_structure,inchoative,True,False,False,False,557,-25.225505828857422,-32.03562545776367,1
These shoes hadn't wrinkled.,These shoes hadn't bought.,syntax,argument_structure,inchoative,True,False,False,False,558,-46.35400390625,-37.18480682373047,0
Angela's classmates sit down.,Angela's classmates praise.,syntax,argument_structure,inchoative,True,False,False,False,559,-50.323631286621094,-47.697818756103516,0
These blouses hadn't tightened.,These blouses hadn't worn.,syntax,argument_structure,inchoative,True,False,False,False,560,-48.80265808105469,-46.753700256347656,0
The muffin wasn't scorching.,The muffin wasn't admiring.,syntax,argument_structure,inchoative,True,False,False,False,561,-46.78703689575195,-48.36745834350586,1
All closets shut.,All closets conceal.,syntax,argument_structure,inchoative,True,False,False,False,562,-35.880859375,-35.34626007080078,0
Kendra isn't hiding.,Kendra isn't leaving.,syntax,argument_structure,inchoative,True,False,False,False,563,-39.5321044921875,-39.08713912963867,0
Brian's handymen are marrying.,Brian's handymen are visiting.,syntax,argument_structure,inchoative,True,False,False,False,564,-58.159339904785156,-50.31353759765625,0
Customers hide.,Customers cared for.,syntax,argument_structure,inchoative,True,False,False,False,565,-30.73359489440918,-31.347631454467773,1
That cart had accelerated.,That cart had seen.,syntax,argument_structure,inchoative,True,False,False,False,566,-39.35185241699219,-35.26628494262695,0
Bread isn't blackening.,Bread isn't admiring.,syntax,argument_structure,inchoative,True,False,False,False,567,-44.777549743652344,-42.21922302246094,0
Marcus might heal.,Marcus might remember.,syntax,argument_structure,inchoative,True,False,False,False,568,-36.05799102783203,-31.290422439575195,0
Most lights dim.,Most lights reveal.,syntax,argument_structure,inchoative,True,False,False,False,569,-31.618396759033203,-28.557342529296875,0
Some students sit down.,Some students saw.,syntax,argument_structure,inchoative,True,False,False,False,570,-27.561731338500977,-25.167232513427734,0
Every mushroom is growing.,Every mushroom is bringing.,syntax,argument_structure,inchoative,True,False,False,False,571,-36.18279266357422,-40.140106201171875,1
Dawn's doctors sit down.,Dawn's doctors observed.,syntax,argument_structure,inchoative,True,False,False,False,572,-45.610687255859375,-44.14092254638672,0
Wendy shouldn't wake up.,Wendy shouldn't distract.,syntax,argument_structure,inchoative,True,False,False,False,573,-42.230098724365234,-45.15794372558594,1
A bike slowed.,A bike cleans.,syntax,argument_structure,inchoative,True,False,False,False,574,-29.45525360107422,-31.931713104248047,1
The cart won't break.,The cart won't conceal.,syntax,argument_structure,inchoative,True,False,False,False,575,-39.675811767578125,-46.549964904785156,1
All pants haven't unfolded.,All pants haven't messed up.,syntax,argument_structure,inchoative,True,False,False,False,576,-45.78352737426758,-41.78347396850586,0
A lot of casseroles weren't blackening.,A lot of casseroles weren't finding.,syntax,argument_structure,inchoative,True,False,False,False,577,-61.073280334472656,-51.73057174682617,0
Meredith didn't wash.,Meredith didn't disagree with.,syntax,argument_structure,inchoative,True,False,False,False,578,-40.8173828125,-43.35639190673828,1
These mushrooms bake.,These mushrooms looked like.,syntax,argument_structure,inchoative,True,False,False,False,579,-33.336830139160156,-36.08214569091797,1
Chicken hasn't scorched.,Chicken hasn't lifted.,syntax,argument_structure,inchoative,True,False,False,False,580,-43.18567657470703,-42.58415222167969,0
Kevin's nieces heal.,Kevin's nieces listened to.,syntax,argument_structure,inchoative,True,False,False,False,581,-48.72100067138672,-50.53046417236328,1
A closet flings open.,A closet cleaned.,syntax,argument_structure,inchoative,True,False,False,False,582,-40.72631072998047,-31.375518798828125,0
A person's guests shouldn't assemble.,A person's guests shouldn't sound like.,syntax,argument_structure,inchoative,True,False,False,False,583,-52.57057571411133,-52.20417785644531,0
Every box flung open.,Every box admires.,syntax,argument_structure,inchoative,True,False,False,False,584,-41.30767059326172,-36.210655212402344,0
Every dancer's spouse has spun around.,Every dancer's spouse has kissed.,syntax,argument_structure,inchoative,True,False,False,False,585,-53.98268508911133,-53.704193115234375,0
Bradley has changed.,Bradley has concealed.,syntax,argument_structure,inchoative,True,False,False,False,586,-25.286231994628906,-32.13184356689453,1
Some cilantro grew.,Some cilantro bought.,syntax,argument_structure,inchoative,True,False,False,False,587,-35.907310485839844,-33.901214599609375,0
Andrea wasn't worrying.,Andrea wasn't visiting.,syntax,argument_structure,inchoative,True,False,False,False,588,-38.749637603759766,-38.9946403503418,1
Skirts were twirling.,Skirts were wearing.,syntax,argument_structure,inchoative,True,False,False,False,589,-44.58723449707031,-37.21012878417969,0
That library worried.,That library embarrasses.,syntax,argument_structure,inchoative,True,False,False,False,590,-37.057987213134766,-45.635955810546875,1
Some screen cracked.,Some screen admires.,syntax,argument_structure,inchoative,True,False,False,False,591,-31.630226135253906,-35.443294525146484,1
James's nieces worried.,James's nieces embarrass.,syntax,argument_structure,inchoative,True,False,False,False,592,-45.91667938232422,-49.55276107788086,1
Some glacier evaporated.,Some glacier arrived at.,syntax,argument_structure,inchoative,True,False,False,False,593,-38.283058166503906,-40.428043365478516,1
Some carriage hadn't broken.,Some carriage hadn't found.,syntax,argument_structure,inchoative,True,False,False,False,594,-42.821983337402344,-39.13425827026367,0
That popsicle freezes.,That popsicle saw.,syntax,argument_structure,inchoative,True,False,False,False,595,-40.5309944152832,-40.656524658203125,1
This steak scorches.,This steak took.,syntax,argument_structure,inchoative,True,False,False,False,596,-39.13935852050781,-31.827007293701172,0
This sweater crumpled.,This sweater buys.,syntax,argument_structure,inchoative,True,False,False,False,597,-45.106666564941406,-34.28961181640625,0
Kristen's brothers reunite.,Kristen's brothers disgust.,syntax,argument_structure,inchoative,True,False,False,False,598,-47.738868713378906,-47.811370849609375,1
The doctors spun around.,The doctors criticized.,syntax,argument_structure,inchoative,True,False,False,False,599,-35.646217346191406,-30.459125518798828,0
Most candles dimmed.,Most candles find.,syntax,argument_structure,inchoative,True,False,False,False,600,-38.632713317871094,-29.796417236328125,0
Those shawls had tightened.,Those shawls had brought.,syntax,argument_structure,inchoative,True,False,False,False,601,-51.400794982910156,-47.50292205810547,0
Every cake blackens.,Every cake sees.,syntax,argument_structure,inchoative,True,False,False,False,602,-39.07902526855469,-30.169513702392578,0
Clyde's ex-wives weren't assembling.,Clyde's ex-wives weren't visiting.,syntax,argument_structure,inchoative,True,False,False,False,603,-72.9996337890625,-68.4139175415039,0
A screen dims.,A screen finds.,syntax,argument_structure,inchoative,True,False,False,False,604,-37.45059585571289,-30.390113830566406,0
Douglas won't stretch.,Douglas won't embarrass.,syntax,argument_structure,inchoative,True,False,False,False,605,-40.40156173706055,-40.86573028564453,1
Some convertible shouldn't slow.,Some convertible shouldn't take.,syntax,argument_structure,inchoative,True,False,False,False,606,-44.107723236083984,-41.72100830078125,0
Unicycles maneuver.,Unicycles look like.,syntax,argument_structure,inchoative,True,False,False,False,607,-43.48601531982422,-38.15843200683594,0
Vases did tip over.,Vases did lift.,syntax,argument_structure,inchoative,True,False,False,False,608,-45.36249923706055,-37.77256774902344,0
Carmen trained.,Carmen annoys.,syntax,argument_structure,inchoative,True,False,False,False,609,-34.505462646484375,-40.184326171875,1
A lot of hats have frayed.,A lot of hats have lifted.,syntax,argument_structure,inchoative,True,False,False,False,610,-47.94738006591797,-43.31001663208008,0
The child's handymen sit down.,The child's handymen returned to.,syntax,argument_structure,inchoative,True,False,False,False,611,-52.234764099121094,-55.46055603027344,1
They had assembled.,They had annoyed.,syntax,argument_structure,inchoative,True,False,False,False,612,-25.166316986083984,-24.32610511779785,0
This rice baked.,This rice took.,syntax,argument_structure,inchoative,True,False,False,False,613,-28.78119468688965,-32.35438537597656,1
This wheelbarrow maneuvers.,This wheelbarrow took.,syntax,argument_structure,inchoative,True,False,False,False,614,-46.01744842529297,-45.06907653808594,0
Every shirt wasn't unfolding.,Every shirt wasn't cleaning.,syntax,argument_structure,inchoative,True,False,False,False,615,-40.64378356933594,-38.96473693847656,0
Some lamp has darkened.,Some lamp has found.,syntax,argument_structure,inchoative,True,False,False,False,616,-39.25545883178711,-35.30069351196289,0
Those candles haven't faded.,Those candles haven't revealed.,syntax,argument_structure,inchoative,True,False,False,False,617,-43.09453201293945,-41.23518371582031,0
Clyde couldn't hurt.,Clyde couldn't like.,syntax,argument_structure,inchoative,True,False,False,False,618,-41.46059036254883,-43.22698974609375,1
That glass wasn't dropping.,That glass wasn't looking like.,syntax,argument_structure,inchoative,True,False,False,False,619,-40.83379364013672,-39.919166564941406,0
This casserole wouldn't blacken.,This casserole wouldn't have.,syntax,argument_structure,inchoative,True,False,False,False,620,-58.535057067871094,-44.771209716796875,0
Some drawings of that truck sell.,Some drawings of that truck clean.,syntax,argument_structure,inchoative,True,False,False,False,621,-50.21120834350586,-51.84885025024414,1
That plane was accelerating.,That plane was taking.,syntax,argument_structure,inchoative,True,False,False,False,622,-32.44879913330078,-30.310379028320312,0
Jeffrey should hurt.,Jeffrey should confuse.,syntax,argument_structure,inchoative,True,False,False,False,623,-36.81512451171875,-37.42988586425781,1
Some waiters were marrying.,Some waiters were observing.,syntax,argument_structure,inchoative,True,False,False,False,624,-44.95782470703125,-41.928585052490234,0
Sara's partner hid.,Sara's partner sees.,syntax,argument_structure,inchoative,True,False,False,False,625,-42.11153793334961,-38.20233917236328,0
George hadn't hidden.,George hadn't distracted.,syntax,argument_structure,inchoative,True,False,False,False,626,-41.9407958984375,-40.36048889160156,0
A lot of glasses wrinkled.,A lot of glasses lifted.,syntax,argument_structure,inchoative,True,False,False,False,627,-42.959259033203125,-39.76873016357422,0
Janice hasn't trained.,Janice hasn't criticized.,syntax,argument_structure,inchoative,True,False,False,False,628,-45.61341094970703,-48.71697235107422,1
The plane stops.,The plane has.,syntax,argument_structure,inchoative,True,False,False,False,629,-24.560401916503906,-25.159385681152344,1
Many carts weren't slowing.,Many carts weren't concealing.,syntax,argument_structure,inchoative,True,False,False,False,630,-41.28896713256836,-52.002174377441406,1
Some dress had shrunk.,Some dress had cleaned.,syntax,argument_structure,inchoative,True,False,False,False,631,-39.44361114501953,-35.891090393066406,0
Some pants folded.,Some pants admire.,syntax,argument_structure,inchoative,True,False,False,False,632,-30.931291580200195,-35.76611328125,1
That glove unfolds.,That glove took.,syntax,argument_structure,inchoative,True,False,False,False,633,-30.842275619506836,-30.507015228271484,0
Many carts did stop.,Many carts did find.,syntax,argument_structure,inchoative,True,False,False,False,634,-37.63206481933594,-37.226497650146484,0
These pies weren't blackening.,These pies weren't bringing.,syntax,argument_structure,inchoative,True,False,False,False,635,-51.44496154785156,-43.30279541015625,0
This skateboard broke.,This skateboard cleans.,syntax,argument_structure,inchoative,True,False,False,False,636,-35.16521453857422,-38.53685760498047,1
What was stretching.,What was dropping by.,syntax,argument_structure,inchoative,True,False,False,False,637,-26.20734977722168,-27.118772506713867,1
Skateboards stopped.,Skateboards clean.,syntax,argument_structure,inchoative,True,False,False,False,638,-45.477508544921875,-43.57748794555664,0
The screen has brightened.,The screen has taken.,syntax,argument_structure,inchoative,True,False,False,False,639,-35.79791259765625,-26.981924057006836,0
Travis would move.,Travis would forget.,syntax,argument_structure,inchoative,True,False,False,False,640,-36.41372299194336,-35.29914093017578,0
Stacy had hidden.,Stacy had disturbed.,syntax,argument_structure,inchoative,True,False,False,False,641,-38.724342346191406,-41.43617248535156,1
Some shirt warped.,Some shirt concealed.,syntax,argument_structure,inchoative,True,False,False,False,642,-35.43885803222656,-32.065223693847656,0
A popsicle vaporized.,A popsicle had.,syntax,argument_structure,inchoative,True,False,False,False,643,-46.22410202026367,-41.28718566894531,0
Children don't benefit.,Children don't shock.,syntax,argument_structure,inchoative,True,False,False,False,644,-29.535751342773438,-34.43487548828125,1
All fathers of Carmen worried.,All fathers of Carmen stun.,syntax,argument_structure,inchoative,True,False,False,False,645,-52.355926513671875,-52.507423400878906,1
Those actors' ex-wives hurt.,Those actors' ex-wives disturbed.,syntax,argument_structure,inchoative,True,False,False,False,646,-64.86517333984375,-67.63314819335938,1
All coats haven't loosened.,All coats haven't brought.,syntax,argument_structure,inchoative,True,False,False,False,647,-45.383338928222656,-40.08836364746094,0
That candle darkened.,That candle looks like.,syntax,argument_structure,inchoative,True,False,False,False,648,-34.70915603637695,-34.006866455078125,0
Every patient's mothers can't reunite.,Every patient's mothers can't observe.,syntax,argument_structure,inchoative,True,False,False,False,649,-57.532928466796875,-49.772972106933594,0
Those girls marry.,Those girls disgust.,syntax,argument_structure,inchoative,True,False,False,False,650,-33.55757141113281,-35.154273986816406,1
Most glaciers condense.,Most glaciers go to.,syntax,argument_structure,inchoative,True,False,False,False,651,-41.80845642089844,-34.22771453857422,0
Some cucumbers blackened.,Some cucumbers revealed.,syntax,argument_structure,inchoative,True,False,False,False,652,-46.91510772705078,-41.70814514160156,0
Most screens darkened.,Most screens lift.,syntax,argument_structure,inchoative,True,False,False,False,653,-34.72126007080078,-31.883686065673828,0
The closets were closing.,The closets were criticizing.,syntax,argument_structure,inchoative,True,False,False,False,654,-35.69597625732422,-41.039878845214844,1
Those scarves aren't warping.,Those scarves aren't lifting.,syntax,argument_structure,inchoative,True,False,False,False,655,-52.39862060546875,-48.95835876464844,0
That convertible breaks.,That convertible lifts.,syntax,argument_structure,inchoative,True,False,False,False,656,-34.5715217590332,-35.052757263183594,1
These spotlights darkened.,These spotlights concealed.,syntax,argument_structure,inchoative,True,False,False,False,657,-40.681644439697266,-41.097816467285156,1
All guys had spun around.,All guys had disagreed with.,syntax,argument_structure,inchoative,True,False,False,False,658,-37.026641845703125,-39.82218933105469,1
This shawl had shrunk.,This shawl had worn.,syntax,argument_structure,inchoative,True,False,False,False,659,-50.61507034301758,-45.544227600097656,0
The socks hadn't shrunk.,The socks hadn't admired.,syntax,argument_structure,inchoative,True,False,False,False,660,-42.394020080566406,-41.20476531982422,0
Many cars had maneuvered.,Many cars had fixed.,syntax,argument_structure,inchoative,True,False,False,False,661,-41.36810302734375,-29.29888916015625,0
All hats dry.,All hats cleaned.,syntax,argument_structure,inchoative,True,False,False,False,662,-32.91310119628906,-32.7135124206543,0
William heals.,William aggravated.,syntax,argument_structure,inchoative,True,False,False,False,663,-26.03825569152832,-27.491439819335938,1
These scarves shrink.,These scarves clean.,syntax,argument_structure,inchoative,True,False,False,False,664,-37.477272033691406,-31.839916229248047,0
That shawl unfolds.,That shawl looked like.,syntax,argument_structure,inchoative,True,False,False,False,665,-43.87706756591797,-44.466800689697266,1
Some mouths were flinging open.,Some mouths were taking.,syntax,argument_structure,inchoative,True,False,False,False,666,-45.765380859375,-33.29505920410156,0
Clyde sat down.,Clyde confuses.,syntax,argument_structure,inchoative,True,False,False,False,667,-39.76978302001953,-43.491397857666016,1
Most shoes sell.,Most shoes buy.,syntax,argument_structure,inchoative,True,False,False,False,668,-27.456912994384766,-28.21506118774414,1
Most boys married.,Most boys disagreed with.,syntax,argument_structure,inchoative,True,False,False,False,669,-27.932348251342773,-38.136451721191406,1
A window was shutting.,A window was concealing.,syntax,argument_structure,inchoative,True,False,False,False,670,-36.856529235839844,-42.28527069091797,1
Dana worries.,Dana scared.,syntax,argument_structure,inchoative,True,False,False,False,671,-28.465499877929688,-31.17109489440918,1
Some tomatoes burn.,Some tomatoes see.,syntax,argument_structure,inchoative,True,False,False,False,672,-32.64685821533203,-31.877696990966797,0
This lake melted.,This lake remembers.,syntax,argument_structure,inchoative,True,False,False,False,673,-34.082977294921875,-31.26043128967285,0
This sock flattens.,This sock cleans.,syntax,argument_structure,inchoative,True,False,False,False,674,-39.637794494628906,-35.711734771728516,0
A scarf shrinks.,A scarf finds.,syntax,argument_structure,inchoative,True,False,False,False,675,-35.0528564453125,-30.56254768371582,0
The projector dims.,The projector revealed.,syntax,argument_structure,inchoative,True,False,False,False,676,-37.17301940917969,-33.77655029296875,0
That company hadn't worried.,That company hadn't astounded.,syntax,argument_structure,inchoative,True,False,False,False,677,-39.610443115234375,-47.43785095214844,1
The gate has closed.,The gate has bought.,syntax,argument_structure,inchoative,True,False,False,False,678,-28.178930282592773,-31.86056137084961,1
Those cucumbers ripen.,Those cucumbers lift.,syntax,argument_structure,inchoative,True,False,False,False,679,-44.81237030029297,-42.482906341552734,0
A mouth does open.,A mouth does take.,syntax,argument_structure,inchoative,True,False,False,False,680,-33.77027893066406,-34.798545837402344,1
Most sweaters hadn't shrunk.,Most sweaters hadn't worn.,syntax,argument_structure,inchoative,True,False,False,False,681,-45.201080322265625,-41.62199401855469,0
Those convertibles were crashing.,Those convertibles were buying.,syntax,argument_structure,inchoative,True,False,False,False,682,-53.4189567565918,-51.734554290771484,0
Some shawl unfolds.,Some shawl found.,syntax,argument_structure,inchoative,True,False,False,False,683,-45.29899597167969,-42.11223220825195,0
Some tomato blackens.,Some tomato cleans.,syntax,argument_structure,inchoative,True,False,False,False,684,-38.539756774902344,-32.667701721191406,0
Many projectors fade.,Many projectors lift.,syntax,argument_structure,inchoative,True,False,False,False,685,-43.53905487060547,-41.226531982421875,0
This banana grows.,This banana bought.,syntax,argument_structure,inchoative,True,False,False,False,686,-35.413063049316406,-31.989578247070312,0
Beverly's nephew might hide away.,Beverly's nephew might fire.,syntax,argument_structure,inchoative,True,False,False,False,687,-59.774192810058594,-60.602901458740234,1
Every truck slows.,Every truck has.,syntax,argument_structure,inchoative,True,False,False,False,688,-30.88906478881836,-26.61911964416504,0
John hurts.,John astounded.,syntax,argument_structure,inchoative,True,False,False,False,689,-25.15833854675293,-29.89398193359375,1
Many blouses could crumple.,Many blouses could have.,syntax,argument_structure,inchoative,True,False,False,False,690,-60.75304412841797,-38.71961212158203,0
That customer hurts.,That customer approaches.,syntax,argument_structure,inchoative,True,False,False,False,691,-29.07901954650879,-29.83930206298828,1
Most wheelbarrows shouldn't chip.,Most wheelbarrows shouldn't have.,syntax,argument_structure,inchoative,True,False,False,False,692,-66.96336364746094,-57.20786666870117,0
Most wheelbarrows might steer.,Most wheelbarrows might take.,syntax,argument_structure,inchoative,True,False,False,False,693,-59.29163360595703,-54.67555618286133,0
Sandra stands up.,Sandra disgusts.,syntax,argument_structure,inchoative,True,False,False,False,694,-27.913372039794922,-39.331661224365234,1
Many peppers ripen.,Many peppers concealed.,syntax,argument_structure,inchoative,True,False,False,False,695,-38.078224182128906,-38.35022735595703,1
Some ice cream hasn't evaporated.,Some ice cream hasn't taken.,syntax,argument_structure,inchoative,True,False,False,False,696,-45.62909698486328,-40.65817642211914,0
That pork chars.,That pork looks like.,syntax,argument_structure,inchoative,True,False,False,False,697,-41.346702575683594,-32.097923278808594,0
The candles brightened.,The candles liked.,syntax,argument_structure,inchoative,True,False,False,False,698,-36.65458679199219,-30.77730369567871,0
This river hasn't condensed.,This river hasn't boycotted.,syntax,argument_structure,inchoative,True,False,False,False,699,-44.28337478637695,-63.364295959472656,1
This jacket soaks.,This jacket cleans.,syntax,argument_structure,inchoative,True,False,False,False,700,-35.13066101074219,-31.420944213867188,0
Many dresses twist.,Many dresses look like.,syntax,argument_structure,inchoative,True,False,False,False,701,-35.785057067871094,-31.065505981445312,0
A lot of wheelbarrows tipped over.,A lot of wheelbarrows admire.,syntax,argument_structure,inchoative,True,False,False,False,702,-57.841434478759766,-58.0248908996582,1
Deborah's sisters married.,Deborah's sisters disgust.,syntax,argument_structure,inchoative,True,False,False,False,703,-48.82638168334961,-54.743099212646484,1
The skateboards roll.,The skateboards have.,syntax,argument_structure,inchoative,True,False,False,False,704,-37.29787826538086,-31.4130859375,0
Some closet flings open.,Some closet returns to.,syntax,argument_structure,inchoative,True,False,False,False,705,-44.434669494628906,-40.004661560058594,0
That cart is turning.,That cart is revealing.,syntax,argument_structure,inchoative,True,False,False,False,706,-35.19097900390625,-36.95989227294922,1
A plane does slow.,A plane does clean.,syntax,argument_structure,inchoative,True,False,False,False,707,-34.044342041015625,-35.47513198852539,1
That skirt crumples.,That skirt looks like.,syntax,argument_structure,inchoative,True,False,False,False,708,-44.888763427734375,-29.980806350708008,0
Regina's grandsons change.,Regina's grandsons work with.,syntax,argument_structure,inchoative,True,False,False,False,709,-57.44721221923828,-59.081966400146484,1
All waitresses' mentors should stretch.,All waitresses' mentors should reference.,syntax,argument_structure,inchoative,True,False,False,False,710,-67.79533386230469,-65.52468872070312,0
The grandmother of Travis did stretch.,The grandmother of Travis did embarrass.,syntax,argument_structure,inchoative,True,False,False,False,711,-52.747127532958984,-55.896236419677734,1
Every plate hasn't tipped over.,Every plate hasn't looked like.,syntax,argument_structure,inchoative,True,False,False,False,712,-40.150901794433594,-38.2675666809082,0
Catherine's brother hid.,Catherine's brother concealed.,syntax,argument_structure,inchoative,True,False,False,False,713,-43.194671630859375,-42.882774353027344,0
All pants haven't loosened.,All pants haven't messed up.,syntax,argument_structure,inchoative,True,False,False,False,714,-45.833160400390625,-41.78347396850586,0
This pepper scorched.,This pepper lifts.,syntax,argument_structure,inchoative,True,False,False,False,715,-38.601806640625,-32.77482604980469,0
These mothers of ladies haven't woken up.,These mothers of ladies haven't hugged.,syntax,argument_structure,inchoative,True,False,False,False,716,-63.397315979003906,-62.926177978515625,0
A lot of tomatoes char.,A lot of tomatoes clean.,syntax,argument_structure,inchoative,True,False,False,False,717,-42.851051330566406,-36.448509216308594,0
These hats weren't shrinking.,These hats weren't taking.,syntax,argument_structure,inchoative,True,False,False,False,718,-40.47425079345703,-38.18698501586914,0
This window shuts.,This window finds.,syntax,argument_structure,inchoative,True,False,False,False,719,-28.948638916015625,-29.320270538330078,1
Margaret can't hurt.,Margaret can't argue about.,syntax,argument_structure,inchoative,True,False,False,False,720,-38.505855560302734,-46.2547607421875,1
Some boxes opened.,Some boxes conceal.,syntax,argument_structure,inchoative,True,False,False,False,721,-29.314176559448242,-33.95400619506836,1
This light brightened.,This light conceals.,syntax,argument_structure,inchoative,True,False,False,False,722,-31.92680549621582,-35.42326354980469,1
Water vaporized.,Water revealed.,syntax,argument_structure,inchoative,True,False,False,False,723,-30.78784942626953,-26.414649963378906,0
A lot of dresses dry.,A lot of dresses saw.,syntax,argument_structure,inchoative,True,False,False,False,724,-38.378150939941406,-38.76380157470703,1
Many bikes have steered.,Many bikes have bought.,syntax,argument_structure,inchoative,True,False,False,False,725,-36.988868713378906,-29.81074333190918,0
Mark worries.,Mark praised.,syntax,argument_structure,inchoative,True,False,False,False,726,-24.888826370239258,-27.44788932800293,1
Tracy's guests worry.,Tracy's guests fired.,syntax,argument_structure,inchoative,True,False,False,False,727,-51.10881805419922,-52.354854583740234,1
Some spinach is growing.,Some spinach is buying.,syntax,argument_structure,inchoative,True,False,False,False,728,-33.17759323120117,-36.09918212890625,1
What unfolded.,What discussed.,syntax,argument_structure,inchoative,True,False,False,False,729,-24.287696838378906,-22.498722076416016,0
The jacket hasn't twirled.,The jacket hasn't looked like.,syntax,argument_structure,inchoative,True,False,False,False,730,-55.22000503540039,-37.95502853393555,0
Beverly hadn't stood up.,Beverly hadn't approached.,syntax,argument_structure,inchoative,True,False,False,False,731,-48.147605895996094,-46.52268600463867,0
Alice washes.,Alice aggravated.,syntax,argument_structure,inchoative,True,False,False,False,732,-26.235170364379883,-30.231412887573242,1
Those governments reunited.,Those governments bother.,syntax,argument_structure,inchoative,True,False,False,False,733,-40.60674285888672,-38.77928924560547,0
A car stopped.,A car concealed.,syntax,argument_structure,inchoative,True,False,False,False,734,-26.159339904785156,-27.548320770263672,1
All pies hadn't baked.,All pies hadn't admired.,syntax,argument_structure,inchoative,True,False,False,False,735,-45.281307220458984,-46.669010162353516,1
The mushrooms scorch.,The mushrooms took.,syntax,argument_structure,inchoative,True,False,False,False,736,-37.15829849243164,-32.613582611083984,0
Some gate hasn't shut.,Some gate hasn't lifted.,syntax,argument_structure,inchoative,True,False,False,False,737,-39.80282974243164,-41.943115234375,1
Some pants twirl.,Some pants wore.,syntax,argument_structure,inchoative,True,False,False,False,738,-34.504268646240234,-33.44048309326172,0
A sweater had unfolded.,A sweater had seen.,syntax,argument_structure,inchoative,True,False,False,False,739,-42.137847900390625,-33.962833404541016,0
Feet crack.,Feet lifted.,syntax,argument_structure,inchoative,True,False,False,False,740,-30.340761184692383,-32.860809326171875,1
That carriage turns.,That carriage conceals.,syntax,argument_structure,inchoative,True,False,False,False,741,-33.333927154541016,-39.917335510253906,1
Unicycles slow.,Unicycles find.,syntax,argument_structure,inchoative,True,False,False,False,742,-38.02265930175781,-38.59616470336914,1
The guys are reuniting.,The guys are criticizing.,syntax,argument_structure,inchoative,True,False,False,False,743,-31.587116241455078,-31.778684616088867,1
Marla's contractors hide away.,Marla's contractors see.,syntax,argument_structure,inchoative,True,False,False,False,744,-54.325923919677734,-49.22170639038086,0
All glasses had dried.,All glasses had admired.,syntax,argument_structure,inchoative,True,False,False,False,745,-36.82809066772461,-37.529823303222656,1
Candles hadn't brightened.,Candles hadn't lifted.,syntax,argument_structure,inchoative,True,False,False,False,746,-52.11664581298828,-47.765262603759766,0
A lot of gloves shrink.,A lot of gloves liked.,syntax,argument_structure,inchoative,True,False,False,False,747,-39.883140563964844,-39.08897399902344,0
These snakes wake up.,These snakes admired.,syntax,argument_structure,inchoative,True,False,False,False,748,-38.050811767578125,-36.18043899536133,0
Every window flung open.,Every window lifted.,syntax,argument_structure,inchoative,True,False,False,False,749,-39.38911819458008,-31.107704162597656,0
A hat has wrinkled.,A hat has found.,syntax,argument_structure,inchoative,True,False,False,False,750,-39.566017150878906,-32.131778717041016,0
Catherine worries.,Catherine stuns.,syntax,argument_structure,inchoative,True,False,False,False,751,-27.963531494140625,-34.687782287597656,1
Allison will wash.,Allison will love.,syntax,argument_structure,inchoative,True,False,False,False,752,-33.82583236694336,-30.431957244873047,0
Every eggplant bakes.,Every eggplant saw.,syntax,argument_structure,inchoative,True,False,False,False,753,-38.302635192871094,-35.3445930480957,0
Dennis should stretch.,Dennis should reveal.,syntax,argument_structure,inchoative,True,False,False,False,754,-36.44248962402344,-34.443077087402344,0
What crumples.,What scanned.,syntax,argument_structure,inchoative,True,False,False,False,755,-36.12110137939453,-24.41706085205078,0
Some men have worried.,Some men have referenced.,syntax,argument_structure,inchoative,True,False,False,False,756,-31.518692016601562,-33.111717224121094,1
Every door didn't open.,Every door didn't like.,syntax,argument_structure,inchoative,True,False,False,False,757,-35.65018844604492,-37.02304458618164,1
Debra hurts.,Debra annoyed.,syntax,argument_structure,inchoative,True,False,False,False,758,-34.091064453125,-36.641517639160156,1
Water hasn't sold.,Water hasn't bought.,syntax,argument_structure,inchoative,True,False,False,False,759,-31.79680633544922,-32.48891067504883,1
Some unicycles tipped over.,Some unicycles had.,syntax,argument_structure,inchoative,True,False,False,False,760,-49.34900665283203,-42.98139190673828,0
Jennifer's ex-wives have married.,Jennifer's ex-wives have left.,syntax,argument_structure,inchoative,True,False,False,False,761,-55.84428405761719,-55.035888671875,0
Most mirrors hadn't broken.,Most mirrors hadn't seen.,syntax,argument_structure,inchoative,True,False,False,False,762,-41.808372497558594,-35.27594757080078,0
Many eggplants ripen.,Many eggplants conceal.,syntax,argument_structure,inchoative,True,False,False,False,763,-50.860511779785156,-49.360565185546875,0
Some spotlights will brighten.,Some spotlights will see.,syntax,argument_structure,inchoative,True,False,False,False,764,-44.007171630859375,-37.00524139404297,0
A lot of teeth shatter.,A lot of teeth looked like.,syntax,argument_structure,inchoative,True,False,False,False,765,-39.57231903076172,-40.62933349609375,1
The truck crashes.,The truck bought.,syntax,argument_structure,inchoative,True,False,False,False,766,-25.316783905029297,-24.98186492919922,0
A lot of candles were brightening.,A lot of candles were taking.,syntax,argument_structure,inchoative,True,False,False,False,767,-43.55522155761719,-39.328392028808594,0
A cart turned.,A cart conceals.,syntax,argument_structure,inchoative,True,False,False,False,768,-32.322227478027344,-36.48090362548828,1
Shawls aren't fraying.,Shawls aren't finding.,syntax,argument_structure,inchoative,True,False,False,False,769,-58.533897399902344,-49.4018669128418,0
Coats aren't soaking.,Coats aren't wearing.,syntax,argument_structure,inchoative,True,False,False,False,770,-40.54621887207031,-36.56422424316406,0
The ice cream wasn't melting.,The ice cream wasn't admiring.,syntax,argument_structure,inchoative,True,False,False,False,771,-40.74189376831055,-47.17149353027344,1
A river wasn't freezing.,A river wasn't visiting.,syntax,argument_structure,inchoative,True,False,False,False,772,-37.147056579589844,-38.57080841064453,1
Some carriage slows.,Some carriage saw.,syntax,argument_structure,inchoative,True,False,False,False,773,-35.564273834228516,-31.39398956298828,0
Bikes are turning.,Bikes are admiring.,syntax,argument_structure,inchoative,True,False,False,False,774,-30.085914611816406,-32.85431671142578,1
A lamp darkens.,A lamp found.,syntax,argument_structure,inchoative,True,False,False,False,775,-38.63629913330078,-29.654743194580078,0
Nicole won't stretch.,Nicole won't flee from.,syntax,argument_structure,inchoative,True,False,False,False,776,-40.93833923339844,-47.257057189941406,1
This blouse wasn't folding.,This blouse wasn't taking.,syntax,argument_structure,inchoative,True,False,False,False,777,-45.86602783203125,-42.314918518066406,0
That museum shouldn't assemble.,That museum shouldn't remember.,syntax,argument_structure,inchoative,True,False,False,False,778,-45.637298583984375,-40.91960906982422,0
That blouse crumples.,That blouse likes.,syntax,argument_structure,inchoative,True,False,False,False,779,-50.160667419433594,-36.7735595703125,0
An icicle has evaporated.,An icicle has taken.,syntax,argument_structure,inchoative,True,False,False,False,780,-46.93779754638672,-41.429344177246094,0
Some coat folded.,Some coat admired.,syntax,argument_structure,inchoative,True,False,False,False,781,-30.95562744140625,-34.807559967041016,1
The coat flattens.,The coat likes.,syntax,argument_structure,inchoative,True,False,False,False,782,-34.506568908691406,-28.91561508178711,0
These gloves folded.,These gloves cleaned.,syntax,argument_structure,inchoative,True,False,False,False,783,-33.059932708740234,-30.04067611694336,0
Those glaciers freeze.,Those glaciers walked through.,syntax,argument_structure,inchoative,True,False,False,False,784,-38.37240219116211,-40.82521438598633,1
Most blouses crumple.,Most blouses look like.,syntax,argument_structure,inchoative,True,False,False,False,785,-54.188995361328125,-38.91554641723633,0
Every glacier melts.,Every glacier conceals.,syntax,argument_structure,inchoative,True,False,False,False,786,-36.785186767578125,-39.7091064453125,1
Every lamp wasn't dimming.,Every lamp wasn't concealing.,syntax,argument_structure,inchoative,True,False,False,False,787,-50.29033279418945,-53.900230407714844,1
Some shoe frays.,Some shoe admires.,syntax,argument_structure,inchoative,True,False,False,False,788,-34.26038360595703,-37.720787048339844,1
Every scarf shrank.,Every scarf bought.,syntax,argument_structure,inchoative,True,False,False,False,789,-37.54159164428711,-32.06623458862305,0
These peppers charred.,These peppers look like.,syntax,argument_structure,inchoative,True,False,False,False,790,-39.80778503417969,-37.073219299316406,0
The eggplants don't bake.,The eggplants don't buy.,syntax,argument_structure,inchoative,True,False,False,False,791,-48.660606384277344,-44.141204833984375,0
Gates flung open.,Gates clean.,syntax,argument_structure,inchoative,True,False,False,False,792,-37.826194763183594,-27.697193145751953,0
Every truck rolled.,Every truck cleaned.,syntax,argument_structure,inchoative,True,False,False,False,793,-31.66988754272461,-27.20783805847168,0
The plane was steering.,The plane was looking like.,syntax,argument_structure,inchoative,True,False,False,False,794,-29.220462799072266,-33.24384307861328,1
The cars do maneuver.,The cars do bring.,syntax,argument_structure,inchoative,True,False,False,False,795,-35.895896911621094,-33.367652893066406,0
Many students reunite.,Many students hug.,syntax,argument_structure,inchoative,True,False,False,False,796,-31.458253860473633,-30.495492935180664,0
The casserole burns.,The casserole sees.,syntax,argument_structure,inchoative,True,False,False,False,797,-36.795928955078125,-38.740478515625,1
Those girls hurt.,Those girls investigate.,syntax,argument_structure,inchoative,True,False,False,False,798,-33.902008056640625,-34.18345642089844,1
Andrew's associates might hide.,Andrew's associates might hate.,syntax,argument_structure,inchoative,True,False,False,False,799,-46.79114532470703,-44.6262092590332,0
Guy's friends wash.,Guy's friends argued about.,syntax,argument_structure,inchoative,True,False,False,False,800,-36.52217483520508,-47.911842346191406,1
The skateboard rolls.,The skateboard concealed.,syntax,argument_structure,inchoative,True,False,False,False,801,-34.006343841552734,-38.02473449707031,1
That sweater has wrinkled.,That sweater has worn.,syntax,argument_structure,inchoative,True,False,False,False,802,-44.88359451293945,-34.8742790222168,0
Computers have chipped.,Computers have fixed.,syntax,argument_structure,inchoative,True,False,False,False,803,-37.97509002685547,-30.30816650390625,0
Some shoe dries.,Some shoe has.,syntax,argument_structure,inchoative,True,False,False,False,804,-33.078861236572266,-28.318958282470703,0
Most trucks won't accelerate.,Most trucks won't clean.,syntax,argument_structure,inchoative,True,False,False,False,805,-40.38214111328125,-40.11854553222656,0
The cups break.,The cups cleaned.,syntax,argument_structure,inchoative,True,False,False,False,806,-30.29618263244629,-28.855152130126953,0
Closets opened.,Closets concealed.,syntax,argument_structure,inchoative,True,False,False,False,807,-37.333526611328125,-41.40508270263672,1
All cups drop.,All cups fixed.,syntax,argument_structure,inchoative,True,False,False,False,808,-29.956157684326172,-30.9108943939209,1
Ellen could hide away.,Ellen could see.,syntax,argument_structure,inchoative,True,False,False,False,809,-37.184024810791016,-32.28792190551758,0
The Borgias had married.,The Borgias had investigated.,syntax,argument_structure,inchoative,True,False,False,False,810,-47.269290924072266,-49.91817092895508,1
All planes tipped over.,All planes admired.,syntax,argument_structure,inchoative,True,False,False,False,811,-36.624168395996094,-35.74962615966797,0
Those dresses can't fray.,Those dresses can't bring.,syntax,argument_structure,inchoative,True,False,False,False,812,-44.726646423339844,-42.34589385986328,0
A pie charred.,A pie brought.,syntax,argument_structure,inchoative,True,False,False,False,813,-32.047637939453125,-32.69679260253906,1
A bike did break.,A bike did like.,syntax,argument_structure,inchoative,True,False,False,False,814,-35.643959045410156,-35.57072448730469,0
Patricia's husband washes.,Patricia's husband hugged.,syntax,argument_structure,inchoative,True,False,False,False,815,-46.430519104003906,-51.7030143737793,1
Dan hadn't hurt.,Dan hadn't described.,syntax,argument_structure,inchoative,True,False,False,False,816,-34.687808990478516,-35.20977020263672,1
That river freezes.,That river disliked.,syntax,argument_structure,inchoative,True,False,False,False,817,-33.76160430908203,-36.90214157104492,1
Windows break.,Windows buy.,syntax,argument_structure,inchoative,True,False,False,False,818,-24.55600357055664,-25.303539276123047,1
A glacier hadn't frozen.,A glacier hadn't seen.,syntax,argument_structure,inchoative,True,False,False,False,819,-46.85820770263672,-38.77942657470703,0
Some truck accelerates.,Some truck took.,syntax,argument_structure,inchoative,True,False,False,False,820,-35.54555892944336,-29.814624786376953,0
Those bikes accelerate.,Those bikes find.,syntax,argument_structure,inchoative,True,False,False,False,821,-38.54209899902344,-33.149627685546875,0
A lot of bicycles crack.,A lot of bicycles took.,syntax,argument_structure,inchoative,True,False,False,False,822,-39.472679138183594,-36.01107406616211,0
Lamps fade.,Lamps conceal.,syntax,argument_structure,inchoative,True,False,False,False,823,-32.171051025390625,-33.87822723388672,1
Those bikes turn.,Those bikes admire.,syntax,argument_structure,inchoative,True,False,False,False,824,-33.54624938964844,-37.563262939453125,1
Most glaciers did evaporate.,Most glaciers did respect.,syntax,argument_structure,inchoative,True,False,False,False,825,-41.39068603515625,-43.019466400146484,1
Sweaters warp.,Sweaters see.,syntax,argument_structure,inchoative,True,False,False,False,826,-40.298194885253906,-36.402381896972656,0
Those eyes closed.,Those eyes revealed.,syntax,argument_structure,inchoative,True,False,False,False,827,-32.88593673706055,-33.55786895751953,1
That popsicle can't freeze.,That popsicle can't find.,syntax,argument_structure,inchoative,True,False,False,False,828,-49.46131896972656,-45.1094970703125,0
That lamp fades.,That lamp saw.,syntax,argument_structure,inchoative,True,False,False,False,829,-32.195335388183594,-31.282577514648438,0
Some muffins bake.,Some muffins find.,syntax,argument_structure,inchoative,True,False,False,False,830,-31.842493057250977,-29.780166625976562,0
Some tomatoes ripened.,Some tomatoes saw.,syntax,argument_structure,inchoative,True,False,False,False,831,-39.494110107421875,-31.839447021484375,0
Mary hadn't trained.,Mary hadn't embarrassed.,syntax,argument_structure,inchoative,True,False,False,False,832,-36.21369171142578,-38.62870788574219,1
The plates are chipping.,The plates are messing up.,syntax,argument_structure,inchoative,True,False,False,False,833,-37.775634765625,-38.1617546081543,1
Eric wasn't hiding.,Eric wasn't distracting.,syntax,argument_structure,inchoative,True,False,False,False,834,-34.6328125,-35.059043884277344,1
Deborah's colleagues heal.,Deborah's colleagues dislike.,syntax,argument_structure,inchoative,True,False,False,False,835,-53.495140075683594,-55.186180114746094,1
Many gates flung open.,Many gates have.,syntax,argument_structure,inchoative,True,False,False,False,836,-46.84718322753906,-29.160585403442383,0
Gina's students wash.,Gina's students shocked.,syntax,argument_structure,inchoative,True,False,False,False,837,-43.48374938964844,-44.67387771606445,1
Gregory benefits.,Gregory listened to.,syntax,argument_structure,inchoative,True,False,False,False,838,-36.12329864501953,-39.910614013671875,1
Hats twirl.,Hats look like.,syntax,argument_structure,inchoative,True,False,False,False,839,-34.625640869140625,-30.46107292175293,0
Every jacket shrinks.,Every jacket found.,syntax,argument_structure,inchoative,True,False,False,False,840,-37.51420593261719,-31.78006362915039,0
Many bikes turned.,Many bikes cleaned.,syntax,argument_structure,inchoative,True,False,False,False,841,-31.519384384155273,-29.207584381103516,0
The unicycle wouldn't tip over.,The unicycle wouldn't clean.,syntax,argument_structure,inchoative,True,False,False,False,842,-50.7604866027832,-43.29231643676758,0
Eric's cousins reunited.,Eric's cousins remembered.,syntax,argument_structure,inchoative,True,False,False,False,843,-41.85997009277344,-40.620269775390625,0
Every glove folds.,Every glove liked.,syntax,argument_structure,inchoative,True,False,False,False,844,-30.15566635131836,-32.771785736083984,1
Those bicycles haven't turned.,Those bicycles haven't seen.,syntax,argument_structure,inchoative,True,False,False,False,845,-45.803123474121094,-39.082489013671875,0
The door closed.,The door conceals.,syntax,argument_structure,inchoative,True,False,False,False,846,-26.149311065673828,-33.331268310546875,1
This mother of the Borgias wakes up.,This mother of the Borgias praised.,syntax,argument_structure,inchoative,True,False,False,False,847,-58.365135192871094,-57.95628356933594,0
That cart could slow.,That cart could find.,syntax,argument_structure,inchoative,True,False,False,False,848,-33.998802185058594,-33.89850997924805,0
Many coats weren't twisting.,Many coats weren't wearing.,syntax,argument_structure,inchoative,True,False,False,False,849,-42.28154754638672,-38.10490036010742,0
Nicole hides.,Nicole upset.,syntax,argument_structure,inchoative,True,False,False,False,850,-32.352203369140625,-32.16971206665039,0
That ice cream hadn't evaporated.,That ice cream hadn't admired.,syntax,argument_structure,inchoative,True,False,False,False,851,-46.3951416015625,-44.49836349487305,0
Every coat shrinks.,Every coat found.,syntax,argument_structure,inchoative,True,False,False,False,852,-37.41999816894531,-31.46263313293457,0
Gary had stretched.,Gary had talked about.,syntax,argument_structure,inchoative,True,False,False,False,853,-32.621910095214844,-32.056739807128906,0
Melanie's grandson has hidden away.,Melanie's grandson has disliked.,syntax,argument_structure,inchoative,True,False,False,False,854,-50.86216354370117,-53.99029541015625,1
The windows chip.,The windows admire.,syntax,argument_structure,inchoative,True,False,False,False,855,-28.207942962646484,-30.84213638305664,1
All waitresses benefit.,All waitresses worked with.,syntax,argument_structure,inchoative,True,False,False,False,856,-42.19829177856445,-45.986045837402344,1
The men benefit.,The men kissed.,syntax,argument_structure,inchoative,True,False,False,False,857,-27.066287994384766,-30.806047439575195,1
A blouse tightened.,A blouse conceals.,syntax,argument_structure,inchoative,True,False,False,False,858,-38.152984619140625,-42.07062530517578,1
Laurie's granddaughters benefit.,Laurie's granddaughters bored.,syntax,argument_structure,inchoative,True,False,False,False,859,-63.67938232421875,-64.55598449707031,1
Some sisters of Carolyn had married.,Some sisters of Carolyn had disagreed with.,syntax,argument_structure,inchoative,True,False,False,False,860,-46.798851013183594,-57.791542053222656,1
Some cake should scorch.,Some cake should have.,syntax,argument_structure,inchoative,True,False,False,False,861,-40.67039489746094,-29.272348403930664,0
Melissa worries.,Melissa cares for.,syntax,argument_structure,inchoative,True,False,False,False,862,-31.457361221313477,-32.93013000488281,1
A lot of lamps darken.,A lot of lamps admire.,syntax,argument_structure,inchoative,True,False,False,False,863,-45.97349166870117,-41.69243621826172,0
Claire hurts.,Claire sounds like.,syntax,argument_structure,inchoative,True,False,False,False,864,-30.22690773010254,-32.843658447265625,1
Most women assembled.,Most women cured.,syntax,argument_structure,inchoative,True,False,False,False,865,-28.286128997802734,-31.811479568481445,1
All bikes hadn't dropped.,All bikes hadn't taken.,syntax,argument_structure,inchoative,True,False,False,False,866,-40.97492980957031,-38.622581481933594,0
Some customer wasn't healing.,Some customer wasn't arguing about.,syntax,argument_structure,inchoative,True,False,False,False,867,-40.53262710571289,-41.07879638671875,1
These screens do brighten.,These screens do buy.,syntax,argument_structure,inchoative,True,False,False,False,868,-43.44005584716797,-36.10820770263672,0
This car rolls.,This car cleans.,syntax,argument_structure,inchoative,True,False,False,False,869,-26.841346740722656,-30.643583297729492,1
A lot of planes can't tip over.,A lot of planes can't see.,syntax,argument_structure,inchoative,True,False,False,False,870,-51.72348403930664,-40.931575775146484,0
This spinach was blackening.,This spinach was taking.,syntax,argument_structure,inchoative,True,False,False,False,871,-43.668968200683594,-36.754844665527344,0
A truck was accelerating.,A truck was fixing.,syntax,argument_structure,inchoative,True,False,False,False,872,-32.922393798828125,-33.72359848022461,1
Some cars accelerate.,Some cars admired.,syntax,argument_structure,inchoative,True,False,False,False,873,-31.18560218811035,-31.52178955078125,1
That chair cracks.,That chair saw.,syntax,argument_structure,inchoative,True,False,False,False,874,-36.03963851928711,-31.096920013427734,0
The children were benefiting.,The children were hugging.,syntax,argument_structure,inchoative,True,False,False,False,875,-32.15583801269531,-30.697546005249023,0
That truck steers.,That truck finds.,syntax,argument_structure,inchoative,True,False,False,False,876,-34.57963562011719,-32.216773986816406,0
Some steak wasn't scorching.,Some steak wasn't lifting.,syntax,argument_structure,inchoative,True,False,False,False,877,-45.956809997558594,-43.96299743652344,0
These lamps are darkening.,These lamps are cleaning.,syntax,argument_structure,inchoative,True,False,False,False,878,-39.10009002685547,-34.13956069946289,0
Steven healed.,Steven left.,syntax,argument_structure,inchoative,True,False,False,False,879,-27.5794734954834,-23.15707015991211,0
The shirts would fold.,The shirts would find.,syntax,argument_structure,inchoative,True,False,False,False,880,-35.18305969238281,-31.485105514526367,0
These muffins could bake.,These muffins could like.,syntax,argument_structure,inchoative,True,False,False,False,881,-36.41674041748047,-35.472686767578125,0
Valerie's employees couldn't wake up.,Valerie's employees couldn't love.,syntax,argument_structure,inchoative,True,False,False,False,882,-55.62164306640625,-54.41716003417969,0
Those scarves didn't dry.,Those scarves didn't conceal.,syntax,argument_structure,inchoative,True,False,False,False,883,-45.219730377197266,-50.775596618652344,1
Lucille hid.,Lucille visits.,syntax,argument_structure,inchoative,True,False,False,False,884,-38.21379089355469,-35.514381408691406,0
That sock wrinkles.,That sock found.,syntax,argument_structure,inchoative,True,False,False,False,885,-37.69535446166992,-34.220401763916016,0
Some rivers hadn't melted.,Some rivers hadn't exited.,syntax,argument_structure,inchoative,True,False,False,False,886,-47.347415924072266,-47.56357192993164,1
This lake should melt.,This lake should clean.,syntax,argument_structure,inchoative,True,False,False,False,887,-36.047386169433594,-36.096534729003906,1
A pepper ripened.,A pepper cleans.,syntax,argument_structure,inchoative,True,False,False,False,888,-36.80813217163086,-31.089584350585938,0
Many carts weren't rolling.,Many carts weren't concealing.,syntax,argument_structure,inchoative,True,False,False,False,889,-41.77998733520508,-52.002174377441406,1
A glove loosened.,A glove conceals.,syntax,argument_structure,inchoative,True,False,False,False,890,-33.28581237792969,-38.851165771484375,1
This actress's teacher heals.,This actress's teacher hugged.,syntax,argument_structure,inchoative,True,False,False,False,891,-46.941673278808594,-48.881492614746094,1
Every skateboard hadn't cracked.,Every skateboard hadn't fixed.,syntax,argument_structure,inchoative,True,False,False,False,892,-51.306365966796875,-49.34994125366211,0
Gerald was standing up.,Gerald was discussing.,syntax,argument_structure,inchoative,True,False,False,False,893,-34.46837615966797,-36.30923080444336,1
The blouse had twisted.,The blouse had admired.,syntax,argument_structure,inchoative,True,False,False,False,894,-38.08756637573242,-39.95863723754883,1
This wheelbarrow could maneuver.,This wheelbarrow could see.,syntax,argument_structure,inchoative,True,False,False,False,895,-51.898719787597656,-48.59001922607422,0
Many lights were darkening.,Many lights were lifting.,syntax,argument_structure,inchoative,True,False,False,False,896,-39.69162368774414,-36.28268051147461,0
What hadn't folded.,What hadn't descended.,syntax,argument_structure,inchoative,True,False,False,False,897,-34.88429260253906,-36.473777770996094,1
That couch broke.,That couch liked.,syntax,argument_structure,inchoative,True,False,False,False,898,-34.40839385986328,-33.28285598754883,0
Melinda isn't standing up.,Melinda isn't upsetting.,syntax,argument_structure,inchoative,True,False,False,False,899,-42.20194625854492,-40.565040588378906,0
Some river freezes.,Some river has.,syntax,argument_structure,inchoative,True,False,False,False,900,-34.16217041015625,-30.235136032104492,0
Some popsicle froze.,Some popsicle has.,syntax,argument_structure,inchoative,True,False,False,False,901,-42.342079162597656,-37.42242431640625,0
These trucks drop.,These trucks lifted.,syntax,argument_structure,inchoative,True,False,False,False,902,-33.64472961425781,-35.256866455078125,1
This unicycle wasn't accelerating.,This unicycle wasn't lifting.,syntax,argument_structure,inchoative,True,False,False,False,903,-44.935516357421875,-45.15123748779297,1
These lakes are freezing.,These lakes are insulting.,syntax,argument_structure,inchoative,True,False,False,False,904,-33.15744400024414,-36.85016632080078,1
That vase shatters.,That vase reveals.,syntax,argument_structure,inchoative,True,False,False,False,905,-38.71143341064453,-34.0091552734375,0
All glasses won't twirl.,All glasses won't have.,syntax,argument_structure,inchoative,True,False,False,False,906,-48.80693054199219,-33.930992126464844,0
These forks shattered.,These forks conceal.,syntax,argument_structure,inchoative,True,False,False,False,907,-38.36491775512695,-36.01317596435547,0
Some carts might drop.,Some carts might conceal.,syntax,argument_structure,inchoative,True,False,False,False,908,-36.59490203857422,-40.89387512207031,1
That skirt is flattening.,That skirt is buying.,syntax,argument_structure,inchoative,True,False,False,False,909,-39.2275276184082,-34.90434646606445,0
All shawls hadn't loosened.,All shawls hadn't taken.,syntax,argument_structure,inchoative,True,False,False,False,910,-63.59577178955078,-55.0583610534668,0
All couches broke.,All couches buy.,syntax,argument_structure,inchoative,True,False,False,False,911,-37.50436019897461,-37.20503234863281,0
Andrea was waking up.,Andrea was escaping from.,syntax,argument_structure,inchoative,True,False,False,False,912,-33.524452209472656,-39.9848747253418,1
Diana's grandfather has washed.,Diana's grandfather has cared for.,syntax,argument_structure,inchoative,True,False,False,False,913,-47.86477279663086,-45.78056716918945,0
Kirsten couldn't spin around.,Kirsten couldn't forget.,syntax,argument_structure,inchoative,True,False,False,False,914,-53.56061935424805,-43.8077507019043,0
Some hats had dried.,Some hats had taken.,syntax,argument_structure,inchoative,True,False,False,False,915,-34.21376037597656,-32.50275421142578,0
Mary hasn't worried.,Mary hasn't embarrassed.,syntax,argument_structure,inchoative,True,False,False,False,916,-34.074134826660156,-36.71884536743164,1
A lot of doors aren't shutting.,A lot of doors aren't looking like.,syntax,argument_structure,inchoative,True,False,False,False,917,-48.481842041015625,-45.20074462890625,0
That shoe was soaking.,That shoe was taking.,syntax,argument_structure,inchoative,True,False,False,False,918,-38.84076690673828,-33.21527862548828,0
Every hat might fray.,Every hat might find.,syntax,argument_structure,inchoative,True,False,False,False,919,-40.20976257324219,-35.57424545288086,0
Kristen has healed.,Kristen has fired.,syntax,argument_structure,inchoative,True,False,False,False,920,-36.24199676513672,-34.161800384521484,0
This rice scorches.,This rice saw.,syntax,argument_structure,inchoative,True,False,False,False,921,-38.2679443359375,-32.476749420166016,0
Many gloves shrank.,Many gloves looked like.,syntax,argument_structure,inchoative,True,False,False,False,922,-38.96025085449219,-33.86943054199219,0
Every icicle might freeze.,Every icicle might have.,syntax,argument_structure,inchoative,True,False,False,False,923,-46.457252502441406,-42.61549377441406,0
Douglas had woken up.,Douglas had disagreed with.,syntax,argument_structure,inchoative,True,False,False,False,924,-39.778568267822266,-44.03838348388672,1
This lamp brightens.,This lamp admired.,syntax,argument_structure,inchoative,True,False,False,False,925,-35.94561004638672,-33.5186767578125,0
This ice melts.,This ice cleans.,syntax,argument_structure,inchoative,True,False,False,False,926,-27.74751091003418,-29.274179458618164,1
Mirrors drop.,Mirrors lift.,syntax,argument_structure,inchoative,True,False,False,False,927,-33.697265625,-33.48234939575195,0
These bikes can't slow.,These bikes can't clean.,syntax,argument_structure,inchoative,True,False,False,False,928,-37.9731330871582,-37.62486267089844,0
Sara can train.,Sara can hate.,syntax,argument_structure,inchoative,True,False,False,False,929,-34.007102966308594,-33.51319885253906,0
The couches tip over.,The couches admired.,syntax,argument_structure,inchoative,True,False,False,False,930,-42.629756927490234,-37.350990295410156,0
A glove shrinks.,A glove bought.,syntax,argument_structure,inchoative,True,False,False,False,931,-34.78770446777344,-31.146942138671875,0
A lot of cups haven't broken.,A lot of cups haven't admired.,syntax,argument_structure,inchoative,True,False,False,False,932,-45.96217346191406,-47.95798110961914,1
That shoe shrank.,That shoe found.,syntax,argument_structure,inchoative,True,False,False,False,933,-37.8782844543457,-31.999446868896484,0
Joseph healed.,Joseph embarrassed.,syntax,argument_structure,inchoative,True,False,False,False,934,-30.080177307128906,-31.478248596191406,1
The shirts have frayed.,The shirts have admired.,syntax,argument_structure,inchoative,True,False,False,False,935,-36.527748107910156,-31.447336196899414,0
Every sweater shouldn't tighten.,Every sweater shouldn't look like.,syntax,argument_structure,inchoative,True,False,False,False,936,-47.64915084838867,-43.789920806884766,0
Deanna's tutors stretch.,Deanna's tutors find.,syntax,argument_structure,inchoative,True,False,False,False,937,-57.37164306640625,-56.485931396484375,0
Deborah isn't waking up.,Deborah isn't escaping from.,syntax,argument_structure,inchoative,True,False,False,False,938,-46.15753173828125,-51.675025939941406,1
Some shirt stretched.,Some shirt messed up.,syntax,argument_structure,inchoative,True,False,False,False,939,-32.37855529785156,-35.108253479003906,1
That ice evaporates.,That ice likes.,syntax,argument_structure,inchoative,True,False,False,False,940,-31.226057052612305,-30.430635452270508,0
Every dress unfolds.,Every dress likes.,syntax,argument_structure,inchoative,True,False,False,False,941,-28.686725616455078,-31.430320739746094,1
Natalie's dentists could move.,Natalie's dentists could escape from.,syntax,argument_structure,inchoative,True,False,False,False,942,-54.39360809326172,-57.846961975097656,1
Lisa's guests move.,Lisa's guests looked like.,syntax,argument_structure,inchoative,True,False,False,False,943,-36.151283264160156,-38.182044982910156,1
Every skateboard sells.,Every skateboard bought.,syntax,argument_structure,inchoative,True,False,False,False,944,-34.74473190307617,-36.060916900634766,1
Some guests' guest worried.,Some guests' guest cared for.,syntax,argument_structure,inchoative,True,False,False,False,945,-44.41758728027344,-44.560306549072266,1
Charles worries.,Charles liked.,syntax,argument_structure,inchoative,True,False,False,False,946,-27.281341552734375,-26.381555557250977,0
Some chicken was baking.,Some chicken was revealing.,syntax,argument_structure,inchoative,True,False,False,False,947,-31.882295608520508,-34.44428253173828,1
A shawl wasn't selling.,A shawl wasn't wearing.,syntax,argument_structure,inchoative,True,False,False,False,948,-52.24723815917969,-51.55394744873047,0
Stephen's friends hadn't worried.,Stephen's friends hadn't returned to.,syntax,argument_structure,inchoative,True,False,False,False,949,-46.52238082885742,-46.89903259277344,1
This hat was flattening.,This hat was cleaning.,syntax,argument_structure,inchoative,True,False,False,False,950,-41.94163131713867,-34.059871673583984,0
Diana's ex-boyfriends assembled.,Diana's ex-boyfriends stun.,syntax,argument_structure,inchoative,True,False,False,False,951,-62.31288146972656,-62.33393096923828,1
All tomatoes grew.,All tomatoes admired.,syntax,argument_structure,inchoative,True,False,False,False,952,-30.646102905273438,-35.34999084472656,1
Some window couldn't break.,Some window couldn't conceal.,syntax,argument_structure,inchoative,True,False,False,False,953,-36.628379821777344,-41.79477310180664,1
Marla wouldn't wash.,Marla wouldn't shock.,syntax,argument_structure,inchoative,True,False,False,False,954,-47.21674346923828,-45.713443756103516,0
Every waiter didn't stand up.,Every waiter didn't fire.,syntax,argument_structure,inchoative,True,False,False,False,955,-37.41413497924805,-38.583213806152344,1
Every skirt can't tighten.,Every skirt can't find.,syntax,argument_structure,inchoative,True,False,False,False,956,-46.55265426635742,-38.85422134399414,0
Many jackets flatten.,Many jackets clean.,syntax,argument_structure,inchoative,True,False,False,False,957,-39.719852447509766,-32.27480697631836,0
Many lakes evaporate.,Many lakes reveal.,syntax,argument_structure,inchoative,True,False,False,False,958,-34.69895935058594,-31.62726402282715,0
Every eggplant isn't baking.,Every eggplant isn't bringing.,syntax,argument_structure,inchoative,True,False,False,False,959,-43.33751678466797,-44.000526428222656,1
Some candle hasn't faded.,Some candle hasn't lifted.,syntax,argument_structure,inchoative,True,False,False,False,960,-43.03875732421875,-44.72154235839844,1
These jackets stretch.,These jackets wore.,syntax,argument_structure,inchoative,True,False,False,False,961,-31.771387100219727,-33.53378677368164,1
Tomatoes have charred.,Tomatoes have looked like.,syntax,argument_structure,inchoative,True,False,False,False,962,-40.00285339355469,-34.81779098510742,0
That spinach won't ripen.,That spinach won't lift.,syntax,argument_structure,inchoative,True,False,False,False,963,-46.35360336303711,-42.57661819458008,0
All doors fling open.,All doors looked like.,syntax,argument_structure,inchoative,True,False,False,False,964,-42.571922302246094,-32.67488479614258,0
Claire doesn't stand up.,Claire doesn't disgust.,syntax,argument_structure,inchoative,True,False,False,False,965,-36.998512268066406,-43.298851013183594,1
A lot of bicycles accelerate.,A lot of bicycles cleaned.,syntax,argument_structure,inchoative,True,False,False,False,966,-40.59007263183594,-34.702537536621094,0
Many blouses are soaking.,Many blouses are buying.,syntax,argument_structure,inchoative,True,False,False,False,967,-43.30007553100586,-38.466129302978516,0
That cucumber might grow.,That cucumber might like.,syntax,argument_structure,inchoative,True,False,False,False,968,-38.65314865112305,-39.08957290649414,1
A sock had stretched.,A sock had concealed.,syntax,argument_structure,inchoative,True,False,False,False,969,-39.00461959838867,-38.78416061401367,0
Most daughters of Robert had sat down.,Most daughters of Robert had upset.,syntax,argument_structure,inchoative,True,False,False,False,970,-48.390464782714844,-50.81409454345703,1
Mushrooms blacken.,Mushrooms had.,syntax,argument_structure,inchoative,True,False,False,False,971,-51.468482971191406,-42.35944366455078,0
All sisters of Kayla worry.,All sisters of Kayla upset.,syntax,argument_structure,inchoative,True,False,False,False,972,-47.26585006713867,-51.397789001464844,1
George hasn't moved.,George hasn't respected.,syntax,argument_structure,inchoative,True,False,False,False,973,-34.05957794189453,-35.527183532714844,1
An eye opens.,An eye admires.,syntax,argument_structure,inchoative,True,False,False,False,974,-27.94463348388672,-35.3275032043457,1
Most glasses would break.,Most glasses would see.,syntax,argument_structure,inchoative,True,False,False,False,975,-37.146018981933594,-34.01815414428711,0
Broccoli blackens.,Broccoli admires.,syntax,argument_structure,inchoative,True,False,False,False,976,-39.685699462890625,-35.357398986816406,0
Those waitresses are hurting.,Those waitresses are describing.,syntax,argument_structure,inchoative,True,False,False,False,977,-42.872596740722656,-47.896385192871094,1
That muffin hasn't baked.,That muffin hasn't seen.,syntax,argument_structure,inchoative,True,False,False,False,978,-45.54559326171875,-40.237274169921875,0
The Clintons couldn't worry.,The Clintons couldn't talk about.,syntax,argument_structure,inchoative,True,False,False,False,979,-40.42311477661133,-39.923336029052734,0
Gina's lawyer hid.,Gina's lawyer hates.,syntax,argument_structure,inchoative,True,False,False,False,980,-46.83610916137695,-46.995445251464844,1
Some spotlight hides.,Some spotlight saw.,syntax,argument_structure,inchoative,True,False,False,False,981,-36.85607147216797,-34.07542037963867,0
Some son of Paula worried.,Some son of Paula likes.,syntax,argument_structure,inchoative,True,False,False,False,982,-46.14984893798828,-41.50140380859375,0
A lot of icicles vaporize.,A lot of icicles look like.,syntax,argument_structure,inchoative,True,False,False,False,983,-54.02394485473633,-44.494842529296875,0
Every river melted.,Every river likes.,syntax,argument_structure,inchoative,True,False,False,False,984,-34.27090072631836,-33.59505844116211,0
Stephen's bosses aren't hiding.,Stephen's bosses aren't annoying.,syntax,argument_structure,inchoative,True,False,False,False,985,-45.55779266357422,-43.77603530883789,0
Those wheelbarrows rolled.,Those wheelbarrows found.,syntax,argument_structure,inchoative,True,False,False,False,986,-56.006202697753906,-51.352020263671875,0
A lot of bikes crash.,A lot of bikes liked.,syntax,argument_structure,inchoative,True,False,False,False,987,-36.07012176513672,-36.91763687133789,1
This plate cracks.,This plate admired.,syntax,argument_structure,inchoative,True,False,False,False,988,-32.309654235839844,-32.43703842163086,1
Feet couldn't chip.,Feet couldn't clean.,syntax,argument_structure,inchoative,True,False,False,False,989,-44.96042251586914,-40.44565963745117,0
Jessica had woken up.,Jessica had kissed.,syntax,argument_structure,inchoative,True,False,False,False,990,-36.917701721191406,-35.44072723388672,0
All mushrooms scorch.,All mushrooms found.,syntax,argument_structure,inchoative,True,False,False,False,991,-39.221954345703125,-32.73622512817383,0
Those planes were slowing.,Those planes were looking like.,syntax,argument_structure,inchoative,True,False,False,False,992,-37.22452926635742,-39.652503967285156,1
Some grocery stores hadn't sold.,Some grocery stores hadn't exited.,syntax,argument_structure,inchoative,True,False,False,False,993,-42.248207092285156,-47.16746520996094,1
Every glove twirled.,Every glove saw.,syntax,argument_structure,inchoative,True,False,False,False,994,-42.34773635864258,-30.95025634765625,0
Some screens have broken.,Some screens have revealed.,syntax,argument_structure,inchoative,True,False,False,False,995,-31.221067428588867,-32.70697021484375,1
That gate opens.,That gate buys.,syntax,argument_structure,inchoative,True,False,False,False,996,-27.50548553466797,-33.184017181396484,1
Every glove wasn't warping.,Every glove wasn't bringing.,syntax,argument_structure,inchoative,True,False,False,False,997,-46.58298873901367,-39.872230529785156,0
Guy hides.,Guy sees.,syntax,argument_structure,inchoative,True,False,False,False,998,-30.55711555480957,-27.69103240966797,0
What hadn't frozen.,What hadn't explored.,syntax,argument_structure,inchoative,True,False,False,False,999,-35.448097229003906,-34.33513641357422,0
