sentence_good,sentence_bad,field,linguistics_term,UID,simple_LM_method,one_prefix_method,two_prefix_method,lexically_identical,pair_id,good_prob,bad_prob,correct
William has declared there to be no guests getting fired.,William has obliged there to be no guests getting fired.,syntax_semantics,control_raising,existential_there_object_raising,True,False,True,False,0,-61.86481857299805,-66.01280975341797,1
Richard believed there to be many boxes stunning Ellen.,Richard sways there to be many boxes stunning Ellen.,syntax_semantics,control_raising,existential_there_object_raising,True,False,True,False,1,-69.58697509765625,-80.02236938476562,1
Teresa finds there to be many bananas stunning Claire.,Teresa swayed there to be many bananas stunning Claire.,syntax_semantics,control_raising,existential_there_object_raising,True,False,True,False,2,-85.54463195800781,-89.50920104980469,1
Mary can declare there to be some ladders falling.,Mary can entreat there to be some ladders falling.,syntax_semantics,control_raising,existential_there_object_raising,True,False,True,False,3,-62.58352279663086,-67.45571899414062,1
An actress wouldn't declare there to be a print looking like that ice.,An actress wouldn't command there to be a print looking like that ice.,syntax_semantics,control_raising,existential_there_object_raising,True,False,True,False,4,-86.07756042480469,-86.9561767578125,1
Christina anticipates there to be many coats tightening.,Christina urged there to be many coats tightening.,syntax_semantics,control_raising,existential_there_object_raising,True,False,True,False,5,-78.14364624023438,-66.14591979980469,0
Gregory is declaring there to be a movie irritating Douglas.,Gregory is pushing there to be a movie irritating Douglas.,syntax_semantics,control_raising,existential_there_object_raising,True,False,True,False,6,-73.20231628417969,-70.3100357055664,0
Dana hasn't declared there to be a unicycle dropping.,Dana hasn't ordered there to be a unicycle dropping.,syntax_semantics,control_raising,existential_there_object_raising,True,False,True,False,7,-79.54019165039062,-79.51716613769531,0
Frank judged there to be a photograph of Michael looking like Sherry.,Frank compelled there to be a photograph of Michael looking like Sherry.,syntax_semantics,control_raising,existential_there_object_raising,True,False,True,False,8,-78.74698638916016,-78.87229919433594,1
Sarah was judging there to be a cashier exiting that mountain.,Sarah was enticing there to be a cashier exiting that mountain.,syntax_semantics,control_raising,existential_there_object_raising,True,False,True,False,9,-76.31362915039062,-80.4657974243164,1
Cynthia believed there to be a lot of apples boring Kevin.,Cynthia advised there to be a lot of apples boring Kevin.,syntax_semantics,control_raising,existential_there_object_raising,True,False,True,False,10,-86.93073272705078,-89.80218505859375,1
Many organizations have believed there to be no stories distracting some company.,Many organizations have induced there to be no stories distracting some company.,syntax_semantics,control_raising,existential_there_object_raising,True,False,True,False,11,-82.34673309326172,-85.37881469726562,1
Ann hadn't believed there to be no birds disappearing.,Ann hadn't urged there to be no birds disappearing.,syntax_semantics,control_raising,existential_there_object_raising,True,False,True,False,12,-66.2066650390625,-69.59354400634766,1
Anna's best friend believes there to be more than three cashiers helping Bruce.,Anna's best friend prompted there to be more than three cashiers helping Bruce.,syntax_semantics,control_raising,existential_there_object_raising,True,False,True,False,13,-94.27764892578125,-97.26002502441406,1
Steven's tutors wouldn't expect there to be a father of some women pressing that waitress to study.,Steven's tutors wouldn't advise there to be a father of some women pressing that waitress to study.,syntax_semantics,control_raising,existential_there_object_raising,True,False,True,False,14,-124.55186462402344,-127.22647857666016,1
Ella couldn't ascertain there to be many drivers daring Carlos to stun Charles.,Ella couldn't obligate there to be many drivers daring Carlos to stun Charles.,syntax_semantics,control_raising,existential_there_object_raising,True,False,True,False,15,-121.45182800292969,-131.84555053710938,1
Some dancer judged there to be a light scaring Scott.,Some dancer advises there to be a light scaring Scott.,syntax_semantics,control_raising,existential_there_object_raising,True,False,True,False,16,-75.60124969482422,-81.65283203125,1
Some cousins of Debra haven't ascertained there to be fewer than three governments inducing Kendra to argue.,Some cousins of Debra haven't spurred there to be fewer than three governments inducing Kendra to argue.,syntax_semantics,control_raising,existential_there_object_raising,True,False,True,False,17,-155.7217254638672,-152.93829345703125,0
Victoria declares there to be commentaries confusing a lot of customers.,Victoria advised there to be commentaries confusing a lot of customers.,syntax_semantics,control_raising,existential_there_object_raising,True,False,True,False,18,-85.97088623046875,-85.72100830078125,0
Every association had needed there to be many grocery stores stunning Colleen.,Every association had pushed there to be many grocery stores stunning Colleen.,syntax_semantics,control_raising,existential_there_object_raising,True,False,True,False,19,-107.48265838623047,-106.9091796875,0
Janice predicts there to be many lamps disturbing Ella.,Janice prods there to be many lamps disturbing Ella.,syntax_semantics,control_raising,existential_there_object_raising,True,False,True,False,20,-86.73090362548828,-92.69451904296875,1
Kathleen hadn't found there to be a committee describing Kristen.,Kathleen hadn't advised there to be a committee describing Kristen.,syntax_semantics,control_raising,existential_there_object_raising,True,False,True,False,21,-93.03510284423828,-98.39752960205078,1
Irene's granddaughters prefer there to be more than three plates falling.,Irene's granddaughters required there to be more than three plates falling.,syntax_semantics,control_raising,existential_there_object_raising,True,False,True,False,22,-108.17794036865234,-106.99989318847656,0
Becca will ascertain there to be museums reuniting.,Becca will sway there to be museums reuniting.,syntax_semantics,control_raising,existential_there_object_raising,True,False,True,False,23,-78.95641326904297,-80.66093444824219,1
The library didn't discover there to be an art gallery disappearing.,The library didn't prompt there to be an art gallery disappearing.,syntax_semantics,control_raising,existential_there_object_raising,True,False,True,False,24,-79.23452758789062,-83.10697174072266,1
Most banks believed there to be a lot of waiters discussing Phillip.,Most banks encourage there to be a lot of waiters discussing Phillip.,syntax_semantics,control_raising,existential_there_object_raising,True,False,True,False,25,-89.45545959472656,-95.20932006835938,1
Dawn can declare there to be few waitresses working hard.,Dawn can command there to be few waitresses working hard.,syntax_semantics,control_raising,existential_there_object_raising,True,False,True,False,26,-92.540771484375,-93.19113159179688,1
David had judged there to be a lot of mouths irritating some girls.,David had spurred there to be a lot of mouths irritating some girls.,syntax_semantics,control_raising,existential_there_object_raising,True,False,True,False,27,-78.78102111816406,-82.082763671875,1
The museums judge there to be an icicle condensing.,The museums persuade there to be an icicle condensing.,syntax_semantics,control_raising,existential_there_object_raising,True,False,True,False,28,-84.72549438476562,-87.85633850097656,1
The customers needed there to be an art gallery irritating Stacy.,The customers convince there to be an art gallery irritating Stacy.,syntax_semantics,control_raising,existential_there_object_raising,True,False,True,False,29,-89.23632049560547,-94.23724365234375,1
An organization will judge there to be a drawing looking like every dog.,An organization will oblige there to be a drawing looking like every dog.,syntax_semantics,control_raising,existential_there_object_raising,True,False,True,False,30,-81.21157836914062,-89.05375671386719,1
Danielle didn't find there to be a cashier compromising.,Danielle didn't implore there to be a cashier compromising.,syntax_semantics,control_raising,existential_there_object_raising,True,False,True,False,31,-72.41732788085938,-86.69035339355469,1
Some teacher's plumbers anticipated there to be some slopes wasting away.,Some teacher's plumbers implored there to be some slopes wasting away.,syntax_semantics,control_raising,existential_there_object_raising,True,False,True,False,32,-99.93838500976562,-105.56786346435547,1
Some boys predicted there to be a cashier swaying a lot of boys' mothers to conspire.,Some boys advise there to be a cashier swaying a lot of boys' mothers to conspire.,syntax_semantics,control_raising,existential_there_object_raising,True,False,True,False,33,-125.1879653930664,-126.75099182128906,1
A lot of synopses weren't discovering there to be no rugs confusing Frank.,A lot of synopses weren't obligating there to be no rugs confusing Frank.,syntax_semantics,control_raising,existential_there_object_raising,True,False,True,False,34,-118.01765441894531,-129.71705627441406,1
This child ascertained there to be no documentaries about Winston Churchill hurting Douglas.,This child tempted there to be no documentaries about Winston Churchill hurting Douglas.,syntax_semantics,control_raising,existential_there_object_raising,True,False,True,False,35,-120.05989074707031,-113.01374816894531,0
Donna hasn't expected there to be a plate worrying Alice.,Donna hasn't obliged there to be a plate worrying Alice.,syntax_semantics,control_raising,existential_there_object_raising,True,False,True,False,36,-76.31574249267578,-78.3477554321289,1
Most fathers of Frank prefer there to be some dogs breaking the computer.,Most fathers of Frank induce there to be some dogs breaking the computer.,syntax_semantics,control_raising,existential_there_object_raising,True,False,True,False,37,-86.1912841796875,-87.87265014648438,1
Most grandsons of Christina declared there to be a commentary about the Impressionists worrying Irene.,Most grandsons of Christina push there to be a commentary about the Impressionists worrying Irene.,syntax_semantics,control_raising,existential_there_object_raising,True,False,True,False,38,-145.0850372314453,-148.64837646484375,1
Some library considers there to be few pictures of Nancy hurting Winston Churchill.,Some library required there to be few pictures of Nancy hurting Winston Churchill.,syntax_semantics,control_raising,existential_there_object_raising,True,False,True,False,39,-109.73558807373047,-106.7303466796875,0
Guy isn't ascertaining there to be no associations appearing to boycott all cafes.,Guy isn't enticing there to be no associations appearing to boycott all cafes.,syntax_semantics,control_raising,existential_there_object_raising,True,False,True,False,40,-109.96725463867188,-105.07293701171875,0
A lot of museums needed there to be a lot of drivers lifting that fish.,A lot of museums pressure there to be a lot of drivers lifting that fish.,syntax_semantics,control_raising,existential_there_object_raising,True,False,True,False,41,-91.26063537597656,-91.45101928710938,1
Craig's lawyers were needing there to be fish irritating a lot of actors.,Craig's lawyers were motivating there to be fish irritating a lot of actors.,syntax_semantics,control_raising,existential_there_object_raising,True,False,True,False,42,-91.12739562988281,-94.6040267944336,1
Gregory has expected there to be some skirts loosening.,Gregory has encouraged there to be some skirts loosening.,syntax_semantics,control_raising,existential_there_object_raising,True,False,True,False,43,-72.09280395507812,-75.44569396972656,1
Edward didn't need there to be a company arguing.,Edward didn't sway there to be a company arguing.,syntax_semantics,control_raising,existential_there_object_raising,True,False,True,False,44,-53.87040710449219,-60.661643981933594,1
Julie won't want there to be fewer than three legislatures irritating Brad.,Julie won't compel there to be fewer than three legislatures irritating Brad.,syntax_semantics,control_raising,existential_there_object_raising,True,False,True,False,45,-96.06671142578125,-104.30690002441406,1
Danielle considers there to be many cups impressing Lucille.,Danielle obligated there to be many cups impressing Lucille.,syntax_semantics,control_raising,existential_there_object_raising,True,False,True,False,46,-92.58647155761719,-96.02497100830078,1
Libraries needed there to be a woman persuading those girls to learn.,Libraries require there to be a woman persuading those girls to learn.,syntax_semantics,control_raising,existential_there_object_raising,True,False,True,False,47,-95.70909118652344,-97.73212432861328,1
Alexander hadn't declared there to be a library hurting Marie.,Alexander hadn't ordered there to be a library hurting Marie.,syntax_semantics,control_raising,existential_there_object_raising,True,False,True,False,48,-77.03152465820312,-76.62446594238281,0
Every waiter hadn't believed there to be some eyes aggravating Erin.,Every waiter hadn't convinced there to be some eyes aggravating Erin.,syntax_semantics,control_raising,existential_there_object_raising,True,False,True,False,49,-93.67010498046875,-93.82388305664062,1
Kathleen's electricians were expecting there to be a company persuading Joseph's ex-wife to compromise.,Kathleen's electricians were tempting there to be a company persuading Joseph's ex-wife to compromise.,syntax_semantics,control_raising,existential_there_object_raising,True,False,True,False,50,-151.92947387695312,-153.75262451171875,1
John considered there to be a casserole shocking Samantha.,John encourages there to be a casserole shocking Samantha.,syntax_semantics,control_raising,existential_there_object_raising,True,False,True,False,51,-80.05622100830078,-82.37057495117188,1
Cheryl isn't believing there to be a college campus existing.,Cheryl isn't asking there to be a college campus existing.,syntax_semantics,control_raising,existential_there_object_raising,True,False,True,False,52,-89.71855163574219,-92.05532836914062,1
Todd wanted there to be a closet worrying William.,Todd convinces there to be a closet worrying William.,syntax_semantics,control_raising,existential_there_object_raising,True,False,True,False,53,-61.42865753173828,-73.44046020507812,1
The Borgias' brothers need there to be more than three cafes existing.,The Borgias' brothers pressed there to be more than three cafes existing.,syntax_semantics,control_raising,existential_there_object_raising,True,False,True,False,54,-105.90113830566406,-107.5843505859375,1
Those sisters of Tammy wanted there to be fewer than three companies tempting some pedestrian to drive to that library.,Those sisters of Tammy require there to be fewer than three companies tempting some pedestrian to drive to that library.,syntax_semantics,control_raising,existential_there_object_raising,True,False,True,False,55,-141.59275817871094,-146.79623413085938,1
All nephews of Teresa judged there to be a commentary confusing Daniel.,All nephews of Teresa ask there to be a commentary confusing Daniel.,syntax_semantics,control_raising,existential_there_object_raising,True,False,True,False,56,-101.83026123046875,-101.25706481933594,0
Monet's classmates can prefer there to be some movie theaters alarming the Clintons.,Monet's classmates can ask there to be some movie theaters alarming the Clintons.,syntax_semantics,control_raising,existential_there_object_raising,True,False,True,False,57,-114.85256958007812,-111.19276428222656,0
Lawrence hasn't wanted there to be no shows about Spain astounding Robert.,Lawrence hasn't compelled there to be no shows about Spain astounding Robert.,syntax_semantics,control_raising,existential_there_object_raising,True,False,True,False,58,-105.79149627685547,-106.93367004394531,1
Paul's ex-wives discover there to be a grocery store confusing this government.,Paul's ex-wives obligate there to be a grocery store confusing this government.,syntax_semantics,control_raising,existential_there_object_raising,True,False,True,False,59,-102.43421936035156,-113.01310729980469,1
Colleen's mothers predict there to be a lot of screens vanishing.,Colleen's mothers oblige there to be a lot of screens vanishing.,syntax_semantics,control_raising,existential_there_object_raising,True,False,True,False,60,-90.40347290039062,-92.83561706542969,1
James hadn't anticipated there to be some pictures stunning Brad.,James hadn't induced there to be some pictures stunning Brad.,syntax_semantics,control_raising,existential_there_object_raising,True,False,True,False,61,-82.78689575195312,-83.9884262084961,1
Sherry finds there to be some children listening to Lawrence.,Sherry begs there to be some children listening to Lawrence.,syntax_semantics,control_raising,existential_there_object_raising,True,False,True,False,62,-69.55146026611328,-71.58587646484375,1
Lawrence will expect there to be many shoes twisting.,Lawrence will entreat there to be many shoes twisting.,syntax_semantics,control_raising,existential_there_object_raising,True,False,True,False,63,-70.95052337646484,-75.5634765625,1
Jerry's grandsons wanted there to be a car worrying Rhonda.,Jerry's grandsons urge there to be a car worrying Rhonda.,syntax_semantics,control_raising,existential_there_object_raising,True,False,True,False,64,-99.64866638183594,-103.41352844238281,1
This boy's bosses prefer there to be no drivers falling asleep.,This boy's bosses pressed there to be no drivers falling asleep.,syntax_semantics,control_raising,existential_there_object_raising,True,False,True,False,65,-84.27616882324219,-82.99500274658203,0
A lot of guests' contractor wanted there to be many pedestrians anticipating an association to reply.,A lot of guests' contractor prompted there to be many pedestrians anticipating an association to reply.,syntax_semantics,control_raising,existential_there_object_raising,True,False,True,False,66,-127.85693359375,-130.91732788085938,1
Alexander was believing there to be more than three prints of that muffin irritating those students.,Alexander was imploring there to be more than three prints of that muffin irritating those students.,syntax_semantics,control_raising,existential_there_object_raising,True,False,True,False,67,-106.06041717529297,-114.19007110595703,1
Donna has declared there to be a niece of Alice appearing to embrace.,Donna has forced there to be a niece of Alice appearing to embrace.,syntax_semantics,control_raising,existential_there_object_raising,True,False,True,False,68,-87.51482391357422,-90.95616149902344,1
The Borgias' nieces need there to be a lot of grandmothers of Sonia admiring Colleen.,The Borgias' nieces advised there to be a lot of grandmothers of Sonia admiring Colleen.,syntax_semantics,control_raising,existential_there_object_raising,True,False,True,False,69,-154.39297485351562,-157.95982360839844,1
Bill's senator had ascertained there to be a lot of carts stopping.,Bill's senator had spurred there to be a lot of carts stopping.,syntax_semantics,control_raising,existential_there_object_raising,True,False,True,False,70,-84.44163513183594,-82.21318054199219,0
Dan's boyfriend predicted there to be fewer than three grocery stores wasting away.,Dan's boyfriend convinced there to be fewer than three grocery stores wasting away.,syntax_semantics,control_raising,existential_there_object_raising,True,False,True,False,71,-100.4730224609375,-99.25479125976562,0
Dennis judges there to be some lakes scaring Irene.,Dennis pushes there to be some lakes scaring Irene.,syntax_semantics,control_raising,existential_there_object_raising,True,False,True,False,72,-82.5223617553711,-79.73700714111328,0
Chad's ex-wives weren't judging there to be a restaurant astounding Tiffany.,Chad's ex-wives weren't imploring there to be a restaurant astounding Tiffany.,syntax_semantics,control_raising,existential_there_object_raising,True,False,True,False,73,-108.36909484863281,-114.4994888305664,1
Amelia will expect there to be a lot of women waving.,Amelia will commission there to be a lot of women waving.,syntax_semantics,control_raising,existential_there_object_raising,True,False,True,False,74,-67.17144775390625,-70.82325744628906,1
Marie wasn't preferring there to be steps vanishing.,Marie wasn't advising there to be steps vanishing.,syntax_semantics,control_raising,existential_there_object_raising,True,False,True,False,75,-68.6261978149414,-66.51146697998047,0
These men declare there to be fewer than three women advising Benjamin's oncologist to talk about Matt.,These men commissioned there to be fewer than three women advising Benjamin's oncologist to talk about Matt.,syntax_semantics,control_raising,existential_there_object_raising,True,False,True,False,76,-139.09571838378906,-139.8587188720703,1
Dancers' senators need there to be a lot of commentaries scaring Lawrence.,Dancers' senators urge there to be a lot of commentaries scaring Lawrence.,syntax_semantics,control_raising,existential_there_object_raising,True,False,True,False,77,-116.95547485351562,-122.69999694824219,1
Some senators' tutor does consider there to be few horses stunning Andrew.,Some senators' tutor does entreat there to be few horses stunning Andrew.,syntax_semantics,control_raising,existential_there_object_raising,True,False,True,False,78,-109.82754516601562,-113.673828125,1
Adam's handymen weren't believing there to be a hat aggravating Kayla.,Adam's handymen weren't pressuring there to be a hat aggravating Kayla.,syntax_semantics,control_raising,existential_there_object_raising,True,False,True,False,79,-104.42745208740234,-111.55939483642578,1
Some cousins of Wayne might expect there to be some guests lifting the projector.,Some cousins of Wayne might convince there to be some guests lifting the projector.,syntax_semantics,control_raising,existential_there_object_raising,True,False,True,False,80,-98.86972045898438,-101.4918212890625,1
Dawn ascertained there to be some teenagers meeting.,Dawn advised there to be some teenagers meeting.,syntax_semantics,control_raising,existential_there_object_raising,True,False,True,False,81,-73.42681884765625,-65.93460083007812,0
Caroline discovers there to be an apple burning.,Caroline swayed there to be an apple burning.,syntax_semantics,control_raising,existential_there_object_raising,True,False,True,False,82,-57.95214080810547,-60.38153839111328,1
A lot of men's students did anticipate there to be more than three grandfathers of Raymond realizing who wasn't slumping over.,A lot of men's students did entice there to be more than three grandfathers of Raymond realizing who wasn't slumping over.,syntax_semantics,control_raising,existential_there_object_raising,True,False,True,False,83,-162.2091064453125,-164.01351928710938,1
Victoria's wife wasn't considering there to be a hill stunning Bill.,Victoria's wife wasn't spurring there to be a hill stunning Bill.,syntax_semantics,control_raising,existential_there_object_raising,True,False,True,False,84,-80.16484069824219,-90.33790588378906,1
Donna is wanting there to be no high schools alarming Kayla.,Donna is swaying there to be no high schools alarming Kayla.,syntax_semantics,control_raising,existential_there_object_raising,True,False,True,False,85,-94.4958724975586,-96.3416748046875,1
Some grandmother of Nancy had needed there to be a person hoping to clean some art gallery.,Some grandmother of Nancy had pressured there to be a person hoping to clean some art gallery.,syntax_semantics,control_raising,existential_there_object_raising,True,False,True,False,86,-109.6102294921875,-113.27279663085938,1
Russell isn't expecting there to be a drawing of Tonya shocking Heidi.,Russell isn't pressing there to be a drawing of Tonya shocking Heidi.,syntax_semantics,control_raising,existential_there_object_raising,True,False,True,False,87,-95.10664367675781,-95.53629302978516,1
Janice's students had judged there to be a picture worrying some driver.,Janice's students had pressed there to be a picture worrying some driver.,syntax_semantics,control_raising,existential_there_object_raising,True,False,True,False,88,-92.25009155273438,-91.34553527832031,0
Mitchell is considering there to be bread appearing.,Mitchell is enticing there to be bread appearing.,syntax_semantics,control_raising,existential_there_object_raising,True,False,True,False,89,-66.3241958618164,-73.11448669433594,1
Bill's senator was preferring there to be a report boring Brenda.,Bill's senator was compelling there to be a report boring Brenda.,syntax_semantics,control_raising,existential_there_object_raising,True,False,True,False,90,-88.42635345458984,-86.8492431640625,0
Natalie's lawyers expect there to be few teenagers profiting.,Natalie's lawyers swayed there to be few teenagers profiting.,syntax_semantics,control_raising,existential_there_object_raising,True,False,True,False,91,-93.80907440185547,-94.00770568847656,1
These waiters declare there to be a mountain worrying those banks.,These waiters commission there to be a mountain worrying those banks.,syntax_semantics,control_raising,existential_there_object_raising,True,False,True,False,92,-89.948486328125,-90.78335571289062,1
Andrew hasn't expected there to be a screen annoying Bill.,Andrew hasn't dared there to be a screen annoying Bill.,syntax_semantics,control_raising,existential_there_object_raising,True,False,True,False,93,-73.37803649902344,-75.01970672607422,1
Many friends of Ellen haven't discovered there to be many shawls folding.,Many friends of Ellen haven't persuaded there to be many shawls folding.,syntax_semantics,control_raising,existential_there_object_raising,True,False,True,False,94,-99.581298828125,-101.0206069946289,1
Bill isn't finding there to be pork stunning Kendra.,Bill isn't advising there to be pork stunning Kendra.,syntax_semantics,control_raising,existential_there_object_raising,True,False,True,False,95,-84.31324005126953,-88.51703643798828,1
The friends of Allison are discovering there to be a lot of mountains astounding Monet.,The friends of Allison are entreating there to be a lot of mountains astounding Monet.,syntax_semantics,control_raising,existential_there_object_raising,True,False,True,False,96,-106.85972595214844,-119.45892333984375,1
Andrea's brother is finding there to be a cucumber alarming Kirsten.,Andrea's brother is imploring there to be a cucumber alarming Kirsten.,syntax_semantics,control_raising,existential_there_object_raising,True,False,True,False,97,-97.13137817382812,-107.42900085449219,1
Sabrina couldn't consider there to be a grocery store alarming Samantha.,Sabrina couldn't advise there to be a grocery store alarming Samantha.,syntax_semantics,control_raising,existential_there_object_raising,True,False,True,False,98,-88.91180419921875,-90.50578308105469,1
Some customers won't judge there to be few gates alarming Gina.,Some customers won't sway there to be few gates alarming Gina.,syntax_semantics,control_raising,existential_there_object_raising,True,False,True,False,99,-95.29153442382812,-98.44746398925781,1
Stephen did consider there to be no mirrors bothering every dancer.,Stephen did entreat there to be no mirrors bothering every dancer.,syntax_semantics,control_raising,existential_there_object_raising,True,False,True,False,100,-81.01953887939453,-84.81285095214844,1
Kendra has found there to be a face falling.,Kendra has prompted there to be a face falling.,syntax_semantics,control_raising,existential_there_object_raising,True,False,True,False,101,-58.72761535644531,-65.79752349853516,1
Ellen wanted there to be a scarf crumpling.,Ellen persuades there to be a scarf crumpling.,syntax_semantics,control_raising,existential_there_object_raising,True,False,True,False,102,-66.20854187011719,-78.34168243408203,1
Eva considers there to be fewer than three cakes aggravating this organization.,Eva encourages there to be fewer than three cakes aggravating this organization.,syntax_semantics,control_raising,existential_there_object_raising,True,False,True,False,103,-91.41868591308594,-91.82250213623047,1
Helen found there to be a mountain stunning Clyde.,Helen commissions there to be a mountain stunning Clyde.,syntax_semantics,control_raising,existential_there_object_raising,True,False,True,False,104,-63.58894348144531,-71.84883117675781,1
Victoria hadn't wanted there to be spinach annoying Wendy.,Victoria hadn't badgered there to be spinach annoying Wendy.,syntax_semantics,control_raising,existential_there_object_raising,True,False,True,False,105,-78.44119262695312,-88.80801391601562,1
This mother of Bill can't find there to be a convertible falling.,This mother of Bill can't induce there to be a convertible falling.,syntax_semantics,control_raising,existential_there_object_raising,True,False,True,False,106,-75.6102294921875,-82.34727478027344,1
Sandra is discovering there to be a guest discovering who has brought this horse.,Sandra is badgering there to be a guest discovering who has brought this horse.,syntax_semantics,control_raising,existential_there_object_raising,True,False,True,False,107,-95.36141967773438,-108.97674560546875,1
All nephews of Eva haven't predicted there to be a lot of trucks existing.,All nephews of Eva haven't spurred there to be a lot of trucks existing.,syntax_semantics,control_raising,existential_there_object_raising,True,False,True,False,108,-103.10162353515625,-105.23236083984375,1
This cashier's students anticipated there to be few grandfathers of Christine confusing Martha.,This cashier's students require there to be few grandfathers of Christine confusing Martha.,syntax_semantics,control_raising,existential_there_object_raising,True,False,True,False,109,-131.42044067382812,-129.1739501953125,0
Theresa finds there to be few adults bringing many restaurants.,Theresa dares there to be few adults bringing many restaurants.,syntax_semantics,control_raising,existential_there_object_raising,True,False,True,False,110,-86.11332702636719,-93.57783508300781,1
Wayne was finding there to be a mall alarming Bradley.,Wayne was obliging there to be a mall alarming Bradley.,syntax_semantics,control_raising,existential_there_object_raising,True,False,True,False,111,-74.58943176269531,-80.56990814208984,1
Winston Churchill expects there to be a cousin of Marla believing Becca to resemble a lot of sketches.,Winston Churchill spurred there to be a cousin of Marla believing Becca to resemble a lot of sketches.,syntax_semantics,control_raising,existential_there_object_raising,True,False,True,False,112,-142.80224609375,-143.448486328125,1
Jill considered there to be a lot of books worrying many senators.,Jill pressed there to be a lot of books worrying many senators.,syntax_semantics,control_raising,existential_there_object_raising,True,False,True,False,113,-83.77873229980469,-83.47335815429688,0
Ronald prefers there to be few legislatures corresponding.,Ronald prods there to be few legislatures corresponding.,syntax_semantics,control_raising,existential_there_object_raising,True,False,True,False,114,-77.07179260253906,-84.00724792480469,1
This granddaughter of Kevin wants there to be a carriage slipping.,This granddaughter of Kevin encouraged there to be a carriage slipping.,syntax_semantics,control_raising,existential_there_object_raising,True,False,True,False,115,-74.49472045898438,-77.51866149902344,1
The patient can't declare there to be a high school embarrassing Thomas.,The patient can't oblige there to be a high school embarrassing Thomas.,syntax_semantics,control_raising,existential_there_object_raising,True,False,True,False,116,-78.34513092041016,-81.33504486083984,1
Melanie hasn't wanted there to be hats tightening.,Melanie hasn't encouraged there to be hats tightening.,syntax_semantics,control_raising,existential_there_object_raising,True,False,True,False,117,-75.97834014892578,-78.30416107177734,1
Benjamin's ex-boyfriend believed there to be more than three sketches distracting Keith.,Benjamin's ex-boyfriend convinces there to be more than three sketches distracting Keith.,syntax_semantics,control_raising,existential_there_object_raising,True,False,True,False,118,-126.41509246826172,-134.415283203125,1
Amelia believes there to be a book alarming a lot of schools.,Amelia required there to be a book alarming a lot of schools.,syntax_semantics,control_raising,existential_there_object_raising,True,False,True,False,119,-74.5213623046875,-78.42707824707031,1
Stephen predicted there to be some cats coming here.,Stephen badgers there to be some cats coming here.,syntax_semantics,control_raising,existential_there_object_raising,True,False,True,False,120,-54.62102127075195,-63.84053039550781,1
Caroline's electricians believe there to be a story aggravating these museums.,Caroline's electricians press there to be a story aggravating these museums.,syntax_semantics,control_raising,existential_there_object_raising,True,False,True,False,121,-99.08919525146484,-102.26528930664062,1
Some child doesn't find there to be a man figuring out who would confer.,Some child doesn't pressure there to be a man figuring out who would confer.,syntax_semantics,control_raising,existential_there_object_raising,True,False,True,False,122,-88.84272003173828,-93.15504455566406,1
Tammy has judged there to be many apples scorching.,Tammy has obliged there to be many apples scorching.,syntax_semantics,control_raising,existential_there_object_raising,True,False,True,False,123,-72.3587417602539,-73.33894348144531,1
These granddaughters of Kayla declared there to be an actress bothering to cry.,These granddaughters of Kayla prod there to be an actress bothering to cry.,syntax_semantics,control_raising,existential_there_object_raising,True,False,True,False,124,-109.21783447265625,-114.16860961914062,1
Every actress declared there to be fewer than three legislatures communicating.,Every actress compels there to be fewer than three legislatures communicating.,syntax_semantics,control_raising,existential_there_object_raising,True,False,True,False,125,-80.91964721679688,-94.4881362915039,1
Diana hadn't predicted there to be some snakes embarrassing Becky.,Diana hadn't begged there to be some snakes embarrassing Becky.,syntax_semantics,control_raising,existential_there_object_raising,True,False,True,False,126,-88.17705535888672,-86.87776184082031,0
Brad is anticipating there to be many rabbits looking like some photograph.,Brad is urging there to be many rabbits looking like some photograph.,syntax_semantics,control_raising,existential_there_object_raising,True,False,True,False,127,-77.35956573486328,-76.60652160644531,0
Most associations ascertain there to be a cafe aggravating Debra.,Most associations encouraged there to be a cafe aggravating Debra.,syntax_semantics,control_raising,existential_there_object_raising,True,False,True,False,128,-91.66880798339844,-89.66056060791016,0
Kayla's hairdresser can want there to be few nephews of Dan declaring some skirts to warp.,Kayla's hairdresser can entice there to be few nephews of Dan declaring some skirts to warp.,syntax_semantics,control_raising,existential_there_object_raising,True,False,True,False,129,-148.361083984375,-156.5821533203125,1
A mother of a lot of doctors can believe there to be many restaurants annoying a child.,A mother of a lot of doctors can prompt there to be many restaurants annoying a child.,syntax_semantics,control_raising,existential_there_object_raising,True,False,True,False,130,-99.28202056884766,-108.09675598144531,1
Christine's mentors discover there to be ice cream boring most actors.,Christine's mentors enticed there to be ice cream boring most actors.,syntax_semantics,control_raising,existential_there_object_raising,True,False,True,False,131,-101.1416015625,-108.9422836303711,1
Andrew finds there to be a play bothering Stacy.,Andrew commands there to be a play bothering Stacy.,syntax_semantics,control_raising,existential_there_object_raising,True,False,True,False,132,-59.10514831542969,-62.0456657409668,1
Becky's classmates found there to be fewer than three grandsons of Beverly upsetting Mark.,Becky's classmates persuade there to be fewer than three grandsons of Beverly upsetting Mark.,syntax_semantics,control_raising,existential_there_object_raising,True,False,True,False,133,-126.16191101074219,-132.57476806640625,1
Paula's mentee had preferred there to be more than three closets opening.,Paula's mentee had convinced there to be more than three closets opening.,syntax_semantics,control_raising,existential_there_object_raising,True,False,True,False,134,-103.96762084960938,-103.36984252929688,0
Patrick's niece discovers there to be many sweaters soaking.,Patrick's niece ordered there to be many sweaters soaking.,syntax_semantics,control_raising,existential_there_object_raising,True,False,True,False,135,-82.37806701660156,-78.92259216308594,0
A lot of guests' handymen judge there to be more than three peppers existing.,A lot of guests' handymen encourage there to be more than three peppers existing.,syntax_semantics,control_raising,existential_there_object_raising,True,False,True,False,136,-117.25419616699219,-119.33889770507812,1
A hospital wasn't needing there to be few steps appearing.,A hospital wasn't urging there to be few steps appearing.,syntax_semantics,control_raising,existential_there_object_raising,True,False,True,False,137,-74.43346405029297,-74.50206756591797,1
A brother of that waitress considered there to be more than three daughters of every waitress motivating Derek's handyman to tour this high school.,A brother of that waitress compels there to be more than three daughters of every waitress motivating Derek's handyman to tour this high school.,syntax_semantics,control_raising,existential_there_object_raising,True,False,True,False,138,-178.5444793701172,-186.0858917236328,1
Kenneth isn't declaring there to be a lot of plates appearing.,Kenneth isn't pressuring there to be a lot of plates appearing.,syntax_semantics,control_raising,existential_there_object_raising,True,False,True,False,139,-76.32978820800781,-81.52979278564453,1
Some woman didn't declare there to be a sock fraying.,Some woman didn't order there to be a sock fraying.,syntax_semantics,control_raising,existential_there_object_raising,True,False,True,False,140,-76.23828887939453,-76.46256256103516,1
Becky hasn't wanted there to be a university boring a lot of ladies.,Becky hasn't obliged there to be a university boring a lot of ladies.,syntax_semantics,control_raising,existential_there_object_raising,True,False,True,False,141,-85.85070037841797,-89.08722686767578,1
Alicia does judge there to be fewer than three cafes disturbing Carlos.,Alicia does force there to be fewer than three cafes disturbing Carlos.,syntax_semantics,control_raising,existential_there_object_raising,True,False,True,False,142,-111.36354064941406,-111.32241821289062,0
Samantha's employees haven't discovered there to be a book boring Edward.,Samantha's employees haven't ordered there to be a book boring Edward.,syntax_semantics,control_raising,existential_there_object_raising,True,False,True,False,143,-99.3212890625,-98.79002380371094,0
Jill was finding there to be more than three dishes scaring Cynthia.,Jill was tempting there to be more than three dishes scaring Cynthia.,syntax_semantics,control_raising,existential_there_object_raising,True,False,True,False,144,-91.51102447509766,-94.15716552734375,1
Diane's supervisors judged there to be a dog disappearing.,Diane's supervisors obligate there to be a dog disappearing.,syntax_semantics,control_raising,existential_there_object_raising,True,False,True,False,145,-77.6441650390625,-89.023193359375,1
A student anticipates there to be a mouth impressing the Lutherans.,A student convinced there to be a mouth impressing the Lutherans.,syntax_semantics,control_raising,existential_there_object_raising,True,False,True,False,146,-102.4246826171875,-92.22015380859375,0
Omar preferred there to be few essays impressing Brenda.,Omar commands there to be few essays impressing Brenda.,syntax_semantics,control_raising,existential_there_object_raising,True,False,True,False,147,-88.98390197753906,-89.38919067382812,1
Rachel hasn't needed there to be a plane scaring Lissa.,Rachel hasn't commanded there to be a plane scaring Lissa.,syntax_semantics,control_raising,existential_there_object_raising,True,False,True,False,148,-81.32440185546875,-81.44430541992188,1
Guy's senator ascertains there to be a lot of bicycles crashing.,Guy's senator commissioned there to be a lot of bicycles crashing.,syntax_semantics,control_raising,existential_there_object_raising,True,False,True,False,149,-85.78395080566406,-76.00079345703125,0
Some drivers couldn't want there to be some bicycles annoying most doctors.,Some drivers couldn't press there to be some bicycles annoying most doctors.,syntax_semantics,control_raising,existential_there_object_raising,True,False,True,False,150,-94.2413101196289,-98.98695373535156,1
The banks found there to be a customer investigating what prod Gerald to paint.,The banks dared there to be a customer investigating what prod Gerald to paint.,syntax_semantics,control_raising,existential_there_object_raising,True,False,True,False,151,-105.22607421875,-111.91110229492188,1
Harvard University doesn't want there to be many sweaters twisting.,Harvard University doesn't entreat there to be many sweaters twisting.,syntax_semantics,control_raising,existential_there_object_raising,True,False,True,False,152,-88.90705871582031,-98.02641296386719,1
Adam's sons are needing there to be no art galleries falling.,Adam's sons are advising there to be no art galleries falling.,syntax_semantics,control_raising,existential_there_object_raising,True,False,True,False,153,-84.23421478271484,-84.95838928222656,1
All sisters of Donna discover there to be a print of that coat existing.,All sisters of Donna implored there to be a print of that coat existing.,syntax_semantics,control_raising,existential_there_object_raising,True,False,True,False,154,-99.83749389648438,-106.57572937011719,1
Paul's doctor discovers there to be a window bothering Gerald.,Paul's doctor commands there to be a window bothering Gerald.,syntax_semantics,control_raising,existential_there_object_raising,True,False,True,False,155,-73.4419937133789,-75.08784484863281,1
Most grandmothers of Tonya expected there to be a documentary about the Borgias irritating Sonia.,Most grandmothers of Tonya entice there to be a documentary about the Borgias irritating Sonia.,syntax_semantics,control_raising,existential_there_object_raising,True,False,True,False,156,-133.90267944335938,-138.80404663085938,1
Carrie should declare there to be a granddaughter of Travis sneezing.,Carrie should beg there to be a granddaughter of Travis sneezing.,syntax_semantics,control_raising,existential_there_object_raising,True,False,True,False,157,-87.0822982788086,-87.60330963134766,1
Many students prefer there to be few gates vanishing.,Many students implored there to be few gates vanishing.,syntax_semantics,control_raising,existential_there_object_raising,True,False,True,False,158,-72.5530014038086,-78.78236389160156,1
Those legislatures consider there to be a book upsetting Melanie.,Those legislatures entice there to be a book upsetting Melanie.,syntax_semantics,control_raising,existential_there_object_raising,True,False,True,False,159,-76.7108154296875,-81.02240753173828,1
Jennifer is judging there to be a newspaper article about Winston Churchill looking like the sketches.,Jennifer is ordering there to be a newspaper article about Winston Churchill looking like the sketches.,syntax_semantics,control_raising,existential_there_object_raising,True,False,True,False,160,-110.31150817871094,-109.78646850585938,0
Michael judges there to be more than three movies about Galileo aggravating Phillip.,Michael obliged there to be more than three movies about Galileo aggravating Phillip.,syntax_semantics,control_raising,existential_there_object_raising,True,False,True,False,161,-98.40419006347656,-100.21421813964844,1
Edward has believed there to be no waiters conferring.,Edward has induced there to be no waiters conferring.,syntax_semantics,control_raising,existential_there_object_raising,True,False,True,False,162,-75.5946273803711,-78.0578384399414,1
Martin shouldn't anticipate there to be a commentary embarrassing that girl.,Martin shouldn't advise there to be a commentary embarrassing that girl.,syntax_semantics,control_raising,existential_there_object_raising,True,False,True,False,163,-78.6412582397461,-76.91202545166016,0
All offspring shouldn't want there to be a lot of jackets warping.,All offspring shouldn't implore there to be a lot of jackets warping.,syntax_semantics,control_raising,existential_there_object_raising,True,False,True,False,164,-84.55119323730469,-98.96415710449219,1
These nieces of some actors discover there to be an essay about literature aggravating the dancer.,These nieces of some actors encouraged there to be an essay about literature aggravating the dancer.,syntax_semantics,control_raising,existential_there_object_raising,True,False,True,False,165,-134.08648681640625,-134.4283905029297,1
Harvard University judged there to be some eyes shocking these organizations.,Harvard University prompts there to be some eyes shocking these organizations.,syntax_semantics,control_raising,existential_there_object_raising,True,False,True,False,166,-91.80380249023438,-95.40335083007812,1
Jodi needed there to be a lot of public parks appearing.,Jodi asked there to be a lot of public parks appearing.,syntax_semantics,control_raising,existential_there_object_raising,True,False,True,False,167,-77.18878173828125,-74.56192779541016,0
Caroline declared there to be a sweater tightening.,Caroline sways there to be a sweater tightening.,syntax_semantics,control_raising,existential_there_object_raising,True,False,True,False,168,-61.43067932128906,-70.802978515625,1
Mark shouldn't anticipate there to be ice cream impressing Roger.,Mark shouldn't force there to be ice cream impressing Roger.,syntax_semantics,control_raising,existential_there_object_raising,True,False,True,False,169,-81.1114730834961,-79.89884185791016,0
The Clintons declare there to be fewer than three boys predicting Roger to scare George.,The Clintons beg there to be fewer than three boys predicting Roger to scare George.,syntax_semantics,control_raising,existential_there_object_raising,True,False,True,False,170,-114.52490234375,-114.868408203125,1
Michelle hasn't ascertained there to be some museums managing to benefit.,Michelle hasn't commissioned there to be some museums managing to benefit.,syntax_semantics,control_raising,existential_there_object_raising,True,False,True,False,171,-87.40347290039062,-84.1358642578125,0
Marcus ascertains there to be an eggplant worrying Danielle.,Marcus entices there to be an eggplant worrying Danielle.,syntax_semantics,control_raising,existential_there_object_raising,True,False,True,False,172,-87.76329040527344,-85.06655883789062,0
A government judged there to be a door flinging open.,A government enticed there to be a door flinging open.,syntax_semantics,control_raising,existential_there_object_raising,True,False,True,False,173,-72.88768005371094,-79.69183349609375,1
Kenneth is declaring there to be more than three books about Jesus disagreeing.,Kenneth is asking there to be more than three books about Jesus disagreeing.,syntax_semantics,control_raising,existential_there_object_raising,True,False,True,False,174,-87.51235961914062,-86.1441650390625,0
Carmen was anticipating there to be a committee interacting.,Carmen was enticing there to be a committee interacting.,syntax_semantics,control_raising,existential_there_object_raising,True,False,True,False,175,-73.10955047607422,-75.5723876953125,1
Leslie would find there to be bread shocking every teenager.,Leslie would spur there to be bread shocking every teenager.,syntax_semantics,control_raising,existential_there_object_raising,True,False,True,False,176,-79.6585693359375,-87.48286437988281,1
Walter is judging there to be an association anticipating every dancer to complain about a lot of people.,Walter is spurring there to be an association anticipating every dancer to complain about a lot of people.,syntax_semantics,control_raising,existential_there_object_raising,True,False,True,False,177,-111.70156860351562,-119.53034973144531,1
Rose predicts there to be plays impressing Stephanie.,Rose entices there to be plays impressing Stephanie.,syntax_semantics,control_raising,existential_there_object_raising,True,False,True,False,178,-71.84000396728516,-77.69952392578125,1
Heidi couldn't consider there to be an eye shocking Kristen.,Heidi couldn't badger there to be an eye shocking Kristen.,syntax_semantics,control_raising,existential_there_object_raising,True,False,True,False,179,-84.14290618896484,-95.0009994506836,1
That legislature will need there to be fewer than three screens boring Melanie.,That legislature will prod there to be fewer than three screens boring Melanie.,syntax_semantics,control_raising,existential_there_object_raising,True,False,True,False,180,-99.28640747070312,-104.31700134277344,1
Carmen predicted there to be a waiter imploring Elaine to leave.,Carmen dared there to be a waiter imploring Elaine to leave.,syntax_semantics,control_raising,existential_there_object_raising,True,False,True,False,181,-93.63619232177734,-93.96762084960938,1
Andrew considered there to be fewer than three horses boring Colleen.,Andrew begs there to be fewer than three horses boring Colleen.,syntax_semantics,control_raising,existential_there_object_raising,True,False,True,False,182,-91.26432037353516,-92.17255401611328,1
Tanya's classmates anticipate there to be a lot of commentaries disturbing the guest.,Tanya's classmates prod there to be a lot of commentaries disturbing the guest.,syntax_semantics,control_raising,existential_there_object_raising,True,False,True,False,183,-114.02323913574219,-114.265380859375,1
Many guests anticipated there to be a grandson of Randolf confusing Caroline.,Many guests advised there to be a grandson of Randolf confusing Caroline.,syntax_semantics,control_raising,existential_there_object_raising,True,False,True,False,184,-103.62627410888672,-102.32311248779297,0
Karen has expected there to be granddaughters of Marcus finding Karla to drop by Spain.,Karen has asked there to be granddaughters of Marcus finding Karla to drop by Spain.,syntax_semantics,control_raising,existential_there_object_raising,True,False,True,False,185,-136.95066833496094,-136.8152313232422,0
These waitresses have anticipated there to be some companies realizing who didn't chat.,These waitresses have encouraged there to be some companies realizing who didn't chat.,syntax_semantics,control_raising,existential_there_object_raising,True,False,True,False,186,-109.06413269042969,-109.88026428222656,1
Kristen's brothers discovered there to be fewer than three children swallowing.,Kristen's brothers require there to be fewer than three children swallowing.,syntax_semantics,control_raising,existential_there_object_raising,True,False,True,False,187,-83.2611083984375,-85.2780990600586,1
Craig hasn't preferred there to be a library daring every nephew of Thomas to win.,Craig hasn't pressured there to be a library daring every nephew of Thomas to win.,syntax_semantics,control_raising,existential_there_object_raising,True,False,True,False,188,-107.6444091796875,-109.1705093383789,1
Michael isn't declaring there to be an essay winning.,Michael isn't urging there to be an essay winning.,syntax_semantics,control_raising,existential_there_object_raising,True,False,True,False,189,-61.64389419555664,-62.67100524902344,1
All synopses have declared there to be fewer than three cars disturbing every actor.,All synopses have prodded there to be fewer than three cars disturbing every actor.,syntax_semantics,control_raising,existential_there_object_raising,True,False,True,False,190,-119.48796081542969,-135.77398681640625,1
Liam's friends predicted there to be many mouths scaring Karen.,Liam's friends motivate there to be many mouths scaring Karen.,syntax_semantics,control_raising,existential_there_object_raising,True,False,True,False,191,-91.94642639160156,-96.47515106201172,1
The sons of Alexander haven't predicted there to be some universities proposing to negotiate.,The sons of Alexander haven't convinced there to be some universities proposing to negotiate.,syntax_semantics,control_raising,existential_there_object_raising,True,False,True,False,192,-103.29368591308594,-100.40066528320312,0
Gregory's brother did consider there to be no adults persuading Cindy to blink.,Gregory's brother did prompt there to be no adults persuading Cindy to blink.,syntax_semantics,control_raising,existential_there_object_raising,True,False,True,False,193,-117.40936279296875,-120.02115631103516,1
Edward could consider there to be many teachers vanishing.,Edward could encourage there to be many teachers vanishing.,syntax_semantics,control_raising,existential_there_object_raising,True,False,True,False,194,-62.74604797363281,-65.3558349609375,1
Linda did anticipate there to be some lamps darkening.,Linda did commission there to be some lamps darkening.,syntax_semantics,control_raising,existential_there_object_raising,True,False,True,False,195,-78.96150207519531,-78.37380981445312,0
Legislatures haven't believed there to be a driver chuckling.,Legislatures haven't induced there to be a driver chuckling.,syntax_semantics,control_raising,existential_there_object_raising,True,False,True,False,196,-86.24925994873047,-89.93839263916016,1
Monica's partners expect there to be eyes flinging open.,Monica's partners advised there to be eyes flinging open.,syntax_semantics,control_raising,existential_there_object_raising,True,False,True,False,197,-86.73713684082031,-86.3369369506836,0
Sheila wants there to be a fork chipping.,Sheila entices there to be a fork chipping.,syntax_semantics,control_raising,existential_there_object_raising,True,False,True,False,198,-66.1624526977539,-76.54216003417969,1
John's student couldn't prefer there to be a high school existing.,John's student couldn't encourage there to be a high school existing.,syntax_semantics,control_raising,existential_there_object_raising,True,False,True,False,199,-78.20951843261719,-79.63066101074219,1
Walter isn't believing there to be broccoli stunning Tonya.,Walter isn't prodding there to be broccoli stunning Tonya.,syntax_semantics,control_raising,existential_there_object_raising,True,False,True,False,200,-91.0904541015625,-102.14353942871094,1
Kirsten's French teacher had ascertained there to be no essays about the Lutherans alarming Candice.,Kirsten's French teacher had pressed there to be no essays about the Lutherans alarming Candice.,syntax_semantics,control_raising,existential_there_object_raising,True,False,True,False,201,-144.24057006835938,-138.90553283691406,0
All grandmothers of Regina would want there to be a muffin looking like most pictures.,All grandmothers of Regina would prompt there to be a muffin looking like most pictures.,syntax_semantics,control_raising,existential_there_object_raising,True,False,True,False,202,-108.16340637207031,-112.73310852050781,1
Lissa can judge there to be computers alarming Holly.,Lissa can beg there to be computers alarming Holly.,syntax_semantics,control_raising,existential_there_object_raising,True,False,True,False,203,-80.42535400390625,-81.86274719238281,1
All guys will need there to be a woman astounding Kayla.,All guys will oblige there to be a woman astounding Kayla.,syntax_semantics,control_raising,existential_there_object_raising,True,False,True,False,204,-79.67447662353516,-88.07601165771484,1
Tonya's mentors will anticipate there to be a plate appearing.,Tonya's mentors will compel there to be a plate appearing.,syntax_semantics,control_raising,existential_there_object_raising,True,False,True,False,205,-88.75973510742188,-88.64398956298828,0
Steve isn't finding there to be an essay aggravating Valerie.,Steve isn't imploring there to be an essay aggravating Valerie.,syntax_semantics,control_raising,existential_there_object_raising,True,False,True,False,206,-80.28024291992188,-88.65380859375,1
Many committees don't need there to be a mouth annoying Laurie.,Many committees don't badger there to be a mouth annoying Laurie.,syntax_semantics,control_raising,existential_there_object_raising,True,False,True,False,207,-78.61617279052734,-92.38954162597656,1
Ruth was discovering there to be slopes disgusting Tracy.,Ruth was advising there to be slopes disgusting Tracy.,syntax_semantics,control_raising,existential_there_object_raising,True,False,True,False,208,-79.62265014648438,-80.90762329101562,1
Alicia wants there to be a mother of the adult going fishing.,Alicia motivates there to be a mother of the adult going fishing.,syntax_semantics,control_raising,existential_there_object_raising,True,False,True,False,209,-86.09232330322266,-96.60816955566406,1
Linda's nephews consider there to be a car astounding a waitress.,Linda's nephews force there to be a car astounding a waitress.,syntax_semantics,control_raising,existential_there_object_raising,True,False,True,False,210,-91.82049560546875,-89.05531311035156,0
Jerry had believed there to be many drawings falling.,Jerry had pressured there to be many drawings falling.,syntax_semantics,control_raising,existential_there_object_raising,True,False,True,False,211,-55.757789611816406,-62.54132843017578,1
Cindy's spouse would declare there to be rabbits falling.,Cindy's spouse would sway there to be rabbits falling.,syntax_semantics,control_raising,existential_there_object_raising,True,False,True,False,212,-83.8618392944336,-85.92764282226562,1
Heidi could need there to be fewer than three wheelbarrows slowing.,Heidi could require there to be fewer than three wheelbarrows slowing.,syntax_semantics,control_raising,existential_there_object_raising,True,False,True,False,213,-107.0307846069336,-108.57535552978516,1
Tanya hadn't declared there to be an actress leaving Laura.,Tanya hadn't badgered there to be an actress leaving Laura.,syntax_semantics,control_raising,existential_there_object_raising,True,False,True,False,214,-79.90938568115234,-89.66460418701172,1
Karla's plumber wouldn't discover there to be no horses climbing up some steps.,Karla's plumber wouldn't require there to be no horses climbing up some steps.,syntax_semantics,control_raising,existential_there_object_raising,True,False,True,False,215,-103.90106201171875,-106.25328826904297,1
Some fathers of Danielle can't declare there to be pork irritating Brenda.,Some fathers of Danielle can't encourage there to be pork irritating Brenda.,syntax_semantics,control_raising,existential_there_object_raising,True,False,True,False,216,-99.22991180419922,-100.60723876953125,1
Brenda might declare there to be a car bothering the guest.,Brenda might prod there to be a car bothering the guest.,syntax_semantics,control_raising,existential_there_object_raising,True,False,True,False,217,-73.90843200683594,-75.35713958740234,1
Kimberley's brother declares there to be a lot of students turning out to flatten.,Kimberley's brother persuades there to be a lot of students turning out to flatten.,syntax_semantics,control_raising,existential_there_object_raising,True,False,True,False,218,-98.45818328857422,-111.45069885253906,1
Cindy hadn't found there to be many lights annoying a lot of students.,Cindy hadn't asked there to be many lights annoying a lot of students.,syntax_semantics,control_raising,existential_there_object_raising,True,False,True,False,219,-95.59942626953125,-96.53315734863281,1
All grandmothers of Victoria are declaring there to be an icicle freezing.,All grandmothers of Victoria are swaying there to be an icicle freezing.,syntax_semantics,control_raising,existential_there_object_raising,True,False,True,False,220,-96.86896514892578,-97.92194366455078,1
Patrick hasn't considered there to be no pedestrians hiring Cheryl.,Patrick hasn't persuaded there to be no pedestrians hiring Cheryl.,syntax_semantics,control_raising,existential_there_object_raising,True,False,True,False,221,-83.76566314697266,-84.89791107177734,1
Tonya isn't judging there to be a banana disappearing.,Tonya isn't compelling there to be a banana disappearing.,syntax_semantics,control_raising,existential_there_object_raising,True,False,True,False,222,-67.78436279296875,-69.49868774414062,1
Alicia believes there to be fewer than three glaciers embarrassing Candice.,Alicia orders there to be fewer than three glaciers embarrassing Candice.,syntax_semantics,control_raising,existential_there_object_raising,True,False,True,False,223,-106.97887420654297,-111.00447082519531,1
Some boys weren't believing there to be fewer than three shows about travel bothering Nicole.,Some boys weren't enticing there to be fewer than three shows about travel bothering Nicole.,syntax_semantics,control_raising,existential_there_object_raising,True,False,True,False,224,-112.18033599853516,-119.17507934570312,1
Vincent's granddaughters prefer there to be a lot of lights worrying Carmen.,Vincent's granddaughters obligated there to be a lot of lights worrying Carmen.,syntax_semantics,control_raising,existential_there_object_raising,True,False,True,False,225,-114.05572509765625,-118.56837463378906,1
Cheryl expected there to be cilantro existing.,Cheryl induced there to be cilantro existing.,syntax_semantics,control_raising,existential_there_object_raising,True,False,True,False,226,-79.62173461914062,-81.86431121826172,1
Bill's students wanted there to be fewer than three hospitals advising that nephew of Julia to break some bicycles.,Bill's students compel there to be fewer than three hospitals advising that nephew of Julia to break some bicycles.,syntax_semantics,control_raising,existential_there_object_raising,True,False,True,False,227,-143.37869262695312,-148.13560485839844,1
Connie needed there to be few art galleries scaring Mitchell.,Connie forces there to be few art galleries scaring Mitchell.,syntax_semantics,control_raising,existential_there_object_raising,True,False,True,False,228,-96.42877197265625,-96.41770935058594,0
Some teacher's handymen wanted there to be few steps annoying the Clintons.,Some teacher's handymen force there to be few steps annoying the Clintons.,syntax_semantics,control_raising,existential_there_object_raising,True,False,True,False,229,-101.76290130615234,-103.3758773803711,1
A thesis judged there to be fewer than three brothers of Karen leaving.,A thesis implores there to be fewer than three brothers of Karen leaving.,syntax_semantics,control_raising,existential_there_object_raising,True,False,True,False,230,-94.16934204101562,-99.85347747802734,1
Every woman was predicting there to be a lady boasting.,Every woman was commissioning there to be a lady boasting.,syntax_semantics,control_raising,existential_there_object_raising,True,False,True,False,231,-63.880775451660156,-70.97850036621094,1
Legislatures don't anticipate there to be fewer than three gloves flattening.,Legislatures don't motivate there to be fewer than three gloves flattening.,syntax_semantics,control_raising,existential_there_object_raising,True,False,True,False,232,-110.44825744628906,-113.08169555664062,1
Cynthia believes there to be a person scanning a report.,Cynthia spurred there to be a person scanning a report.,syntax_semantics,control_raising,existential_there_object_raising,True,False,True,False,233,-78.039794921875,-83.44129943847656,1
These guests ascertained there to be a newspaper article about the Borgias shocking Theodore.,These guests prod there to be a newspaper article about the Borgias shocking Theodore.,syntax_semantics,control_raising,existential_there_object_raising,True,False,True,False,234,-122.1087646484375,-115.68416595458984,0
Regina judged there to be candles astounding most guests.,Regina entreats there to be candles astounding most guests.,syntax_semantics,control_raising,existential_there_object_raising,True,False,True,False,235,-81.67813110351562,-93.18592834472656,1
Some son of Keith wasn't declaring there to be a casserole baking.,Some son of Keith wasn't begging there to be a casserole baking.,syntax_semantics,control_raising,existential_there_object_raising,True,False,True,False,236,-97.07717895507812,-97.52536010742188,1
Kristin declares there to be a public park wasting away.,Kristin sways there to be a public park wasting away.,syntax_semantics,control_raising,existential_there_object_raising,True,False,True,False,237,-71.2940902709961,-77.98358917236328,1
That brother of Karen needs there to be a scarf tightening.,That brother of Karen begged there to be a scarf tightening.,syntax_semantics,control_raising,existential_there_object_raising,True,False,True,False,238,-75.20482635498047,-75.54286193847656,1
Andrea's piano teachers preferred there to be a couch chipping.,Andrea's piano teachers entreat there to be a couch chipping.,syntax_semantics,control_raising,existential_there_object_raising,True,False,True,False,239,-95.45686340332031,-97.67796325683594,1
Robert's podiatrists expected there to be a lot of girls distracting Danielle.,Robert's podiatrists dared there to be a lot of girls distracting Danielle.,syntax_semantics,control_raising,existential_there_object_raising,True,False,True,False,240,-119.30725860595703,-118.94239807128906,0
A man ascertained there to be a shoe disgusting Margaret.,A man dares there to be a shoe disgusting Margaret.,syntax_semantics,control_raising,existential_there_object_raising,True,False,True,False,241,-80.4449462890625,-75.36419677734375,0
Douglas predicts there to be many tomatoes confusing Mark.,Douglas requires there to be many tomatoes confusing Mark.,syntax_semantics,control_raising,existential_there_object_raising,True,False,True,False,242,-83.172119140625,-81.46168518066406,0
The Impressionists might expect there to be a lot of mothers of Vanessa walking through the rivers.,The Impressionists might beg there to be a lot of mothers of Vanessa walking through the rivers.,syntax_semantics,control_raising,existential_there_object_raising,True,False,True,False,243,-122.16886901855469,-123.40086364746094,1
Karla believed there to be few windows alarming Beverly.,Karla entices there to be few windows alarming Beverly.,syntax_semantics,control_raising,existential_there_object_raising,True,False,True,False,244,-78.30593872070312,-91.47868347167969,1
Some bank shouldn't want there to be unicycles slowing.,Some bank shouldn't entreat there to be unicycles slowing.,syntax_semantics,control_raising,existential_there_object_raising,True,False,True,False,245,-85.80000305175781,-95.2608413696289,1
Pamela believes there to be fewer than three museums listening to Michelle.,Pamela commissioned there to be fewer than three museums listening to Michelle.,syntax_semantics,control_raising,existential_there_object_raising,True,False,True,False,246,-93.24629211425781,-97.47059631347656,1
Rachelle hadn't anticipated there to be a glass falling.,Rachelle hadn't pressured there to be a glass falling.,syntax_semantics,control_raising,existential_there_object_raising,True,False,True,False,247,-68.93408966064453,-70.88273620605469,1
Kimberley did believe there to be a lot of legislatures persuading Alicia to see all bikes.,Kimberley did convince there to be a lot of legislatures persuading Alicia to see all bikes.,syntax_semantics,control_raising,existential_there_object_raising,True,False,True,False,248,-130.37164306640625,-135.21835327148438,1
Maria's tutors haven't preferred there to be more than three boys happening to write.,Maria's tutors haven't advised there to be more than three boys happening to write.,syntax_semantics,control_raising,existential_there_object_raising,True,False,True,False,249,-99.78636169433594,-100.54148864746094,1
Stacy's partners wanted there to be a lot of scarves folding.,Stacy's partners persuaded there to be a lot of scarves folding.,syntax_semantics,control_raising,existential_there_object_raising,True,False,True,False,250,-88.52461242675781,-90.2488021850586,1
A lot of senators weren't needing there to be gates boring Tara.,A lot of senators weren't daring there to be gates boring Tara.,syntax_semantics,control_raising,existential_there_object_raising,True,False,True,False,251,-99.57980346679688,-100.58354187011719,1
Every woman ascertains there to be a popsicle shocking Clyde.,Every woman prods there to be a popsicle shocking Clyde.,syntax_semantics,control_raising,existential_there_object_raising,True,False,True,False,252,-94.95133972167969,-91.47137451171875,0
Tonya was finding there to be a drawing disturbing Bill.,Tonya was imploring there to be a drawing disturbing Bill.,syntax_semantics,control_raising,existential_there_object_raising,True,False,True,False,253,-70.25917053222656,-78.51860809326172,1
The Lutherans' spouse hasn't believed there to be some sons of Heather winning.,The Lutherans' spouse hasn't implored there to be some sons of Heather winning.,syntax_semantics,control_raising,existential_there_object_raising,True,False,True,False,254,-117.14067077636719,-124.8199234008789,1
Rachelle predicted there to be many cars accelerating.,Rachelle induces there to be many cars accelerating.,syntax_semantics,control_raising,existential_there_object_raising,True,False,True,False,255,-66.91091918945312,-67.87738037109375,1
The Impressionists found there to be a person smiling.,The Impressionists asked there to be a person smiling.,syntax_semantics,control_raising,existential_there_object_raising,True,False,True,False,256,-73.40753936767578,-75.58067321777344,1
Renee hasn't wanted there to be a vase bothering these customers.,Renee hasn't spurred there to be a vase bothering these customers.,syntax_semantics,control_raising,existential_there_object_raising,True,False,True,False,257,-91.10569763183594,-95.2955322265625,1
Kristen's wife is expecting there to be shoes embarrassing Kevin.,Kristen's wife is persuading there to be shoes embarrassing Kevin.,syntax_semantics,control_raising,existential_there_object_raising,True,False,True,False,258,-83.78153991699219,-95.64041137695312,1
Matt had declared there to be a newspaper article upsetting Lawrence.,Matt had induced there to be a newspaper article upsetting Lawrence.,syntax_semantics,control_raising,existential_there_object_raising,True,False,True,False,259,-76.38472747802734,-79.14910888671875,1
These offspring want there to be few computers aggravating that man.,These offspring prod there to be few computers aggravating that man.,syntax_semantics,control_raising,existential_there_object_raising,True,False,True,False,260,-85.18821716308594,-90.27859497070312,1
These men expect there to be some glasses falling.,These men spurred there to be some glasses falling.,syntax_semantics,control_raising,existential_there_object_raising,True,False,True,False,261,-59.866119384765625,-60.47450637817383,1
Every customer's cousins predict there to be a blouse impressing Brian.,Every customer's cousins urged there to be a blouse impressing Brian.,syntax_semantics,control_raising,existential_there_object_raising,True,False,True,False,262,-102.96824645996094,-99.95645904541016,0
Keith ascertains there to be a blouse twisting.,Keith forced there to be a blouse twisting.,syntax_semantics,control_raising,existential_there_object_raising,True,False,True,False,263,-69.86522674560547,-59.78729248046875,0
Jerry judges there to be pies boring Tracy.,Jerry spurs there to be pies boring Tracy.,syntax_semantics,control_raising,existential_there_object_raising,True,False,True,False,264,-65.93565368652344,-71.88809967041016,1
These companies expect there to be a cafe alarming a government.,These companies sway there to be a cafe alarming a government.,syntax_semantics,control_raising,existential_there_object_raising,True,False,True,False,265,-76.40828704833984,-77.17079162597656,1
A granddaughter of Jerry was declaring there to be a popsicle wasting away.,A granddaughter of Jerry was pressing there to be a popsicle wasting away.,syntax_semantics,control_raising,existential_there_object_raising,True,False,True,False,266,-97.19027709960938,-96.22250366210938,0
A brother of Becca anticipates there to be a person trying to sound like Sharon.,A brother of Becca commanded there to be a person trying to sound like Sharon.,syntax_semantics,control_raising,existential_there_object_raising,True,False,True,False,267,-103.2692642211914,-93.44629669189453,0
Jill will believe there to be movie theaters existing.,Jill will push there to be movie theaters existing.,syntax_semantics,control_raising,existential_there_object_raising,True,False,True,False,268,-77.91963195800781,-80.80426025390625,1
Mary declares there to be some books boring Candice.,Mary orders there to be some books boring Candice.,syntax_semantics,control_raising,existential_there_object_raising,True,False,True,False,269,-71.97456359863281,-72.71563720703125,1
Every girl needs there to be few rivers evaporating.,Every girl prompts there to be few rivers evaporating.,syntax_semantics,control_raising,existential_there_object_raising,True,False,True,False,270,-68.21586608886719,-74.05670166015625,1
Many senators are finding there to be a cart alarming Carla.,Many senators are pushing there to be a cart alarming Carla.,syntax_semantics,control_raising,existential_there_object_raising,True,False,True,False,271,-84.51422882080078,-84.48677062988281,0
Tamara expected there to be a girl vanishing.,Tamara encourages there to be a girl vanishing.,syntax_semantics,control_raising,existential_there_object_raising,True,False,True,False,272,-57.27165222167969,-59.6263427734375,1
Julie's grandmothers ascertain there to be a picture of a boy looking like those pictures.,Julie's grandmothers entice there to be a picture of a boy looking like those pictures.,syntax_semantics,control_raising,existential_there_object_raising,True,False,True,False,273,-94.69576263427734,-98.46355438232422,1
Christina isn't discovering there to be some nieces of every man driving to a glacier.,Christina isn't obliging there to be some nieces of every man driving to a glacier.,syntax_semantics,control_raising,existential_there_object_raising,True,False,True,False,274,-121.01399230957031,-123.14714813232422,1
Most pedestrians were anticipating there to be a doctor badgering Renee's granddaughters to suffer.,Most pedestrians were inducing there to be a doctor badgering Renee's granddaughters to suffer.,syntax_semantics,control_raising,existential_there_object_raising,True,False,True,False,275,-141.00311279296875,-144.19241333007812,1
All people need there to be a boy kissing a lot of patients.,All people compel there to be a boy kissing a lot of patients.,syntax_semantics,control_raising,existential_there_object_raising,True,False,True,False,276,-67.34075927734375,-75.08091735839844,1
That niece of these students isn't predicting there to be movies shocking those waiters.,That niece of these students isn't requiring there to be movies shocking those waiters.,syntax_semantics,control_raising,existential_there_object_raising,True,False,True,False,277,-120.68648529052734,-119.80879211425781,0
Wayne isn't considering there to be a hat existing.,Wayne isn't persuading there to be a hat existing.,syntax_semantics,control_raising,existential_there_object_raising,True,False,True,False,278,-66.65237426757812,-80.76184844970703,1
Julie predicted there to be a lot of essays disturbing Richard.,Julie urged there to be a lot of essays disturbing Richard.,syntax_semantics,control_raising,existential_there_object_raising,True,False,True,False,279,-79.0191421508789,-77.42554473876953,0
Caroline wasn't declaring there to be a book boring Roger.,Caroline wasn't prompting there to be a book boring Roger.,syntax_semantics,control_raising,existential_there_object_raising,True,False,True,False,280,-79.13689422607422,-80.32274627685547,1
That pedestrian will consider there to be some brothers of Martha moving.,That pedestrian will force there to be some brothers of Martha moving.,syntax_semantics,control_raising,existential_there_object_raising,True,False,True,False,281,-85.78216552734375,-86.9552001953125,1
Steve's classmates were declaring there to be many grandsons of Tonya anticipating Anne to flee from the patients.,Steve's classmates were commissioning there to be many grandsons of Tonya anticipating Anne to flee from the patients.,syntax_semantics,control_raising,existential_there_object_raising,True,False,True,False,282,-150.74346923828125,-160.6802520751953,1
Marcus will discover there to be few bikes wasting away.,Marcus will beg there to be few bikes wasting away.,syntax_semantics,control_raising,existential_there_object_raising,True,False,True,False,283,-71.40315246582031,-72.09309387207031,1
Charles's guests do judge there to be a lamp worrying Jodi.,Charles's guests do ask there to be a lamp worrying Jodi.,syntax_semantics,control_raising,existential_there_object_raising,True,False,True,False,284,-88.95440673828125,-86.76642608642578,0
Patrick didn't want there to be a dish scaring Sabrina.,Patrick didn't convince there to be a dish scaring Sabrina.,syntax_semantics,control_raising,existential_there_object_raising,True,False,True,False,285,-78.03533935546875,-83.25968170166016,1
William has judged there to be companies longing to stun Bill.,William has asked there to be companies longing to stun Bill.,syntax_semantics,control_raising,existential_there_object_raising,True,False,True,False,286,-84.39134216308594,-81.03231048583984,0
This patient's granddaughters judge there to be some newspaper articles about the Balkans disagreeing.,This patient's granddaughters dared there to be some newspaper articles about the Balkans disagreeing.,syntax_semantics,control_raising,existential_there_object_raising,True,False,True,False,287,-132.95468139648438,-135.21446228027344,1
Allison is finding there to be no grocery stores disturbing Allison.,Allison is badgering there to be no grocery stores disturbing Allison.,syntax_semantics,control_raising,existential_there_object_raising,True,False,True,False,288,-92.38726043701172,-106.98686218261719,1
Stacy's nephews might need there to be a cafe aggravating Marla.,Stacy's nephews might entice there to be a cafe aggravating Marla.,syntax_semantics,control_raising,existential_there_object_raising,True,False,True,False,289,-104.43507385253906,-114.43911743164062,1
Brian did anticipate there to be a glacier confusing Angela.,Brian did command there to be a glacier confusing Angela.,syntax_semantics,control_raising,existential_there_object_raising,True,False,True,False,290,-76.18025207519531,-74.20409393310547,0
Janet's tutors aren't considering there to be a man waking up.,Janet's tutors aren't compelling there to be a man waking up.,syntax_semantics,control_raising,existential_there_object_raising,True,False,True,False,291,-84.24060821533203,-88.49806213378906,1
Kimberley can't believe there to be few children forcing some waiter's nephew to leave Omar.,Kimberley can't push there to be few children forcing some waiter's nephew to leave Omar.,syntax_semantics,control_raising,existential_there_object_raising,True,False,True,False,292,-128.1585693359375,-130.7176055908203,1
The doctors aren't discovering there to be some college campuses alarming many doctors.,The doctors aren't compelling there to be some college campuses alarming many doctors.,syntax_semantics,control_raising,existential_there_object_raising,True,False,True,False,293,-108.16594696044922,-110.13072204589844,1
Alan's grandfathers are expecting there to be some books about the Impressionists distracting Sally.,Alan's grandfathers are badgering there to be some books about the Impressionists distracting Sally.,syntax_semantics,control_raising,existential_there_object_raising,True,False,True,False,294,-125.71084594726562,-139.5710906982422,1
Jane is anticipating there to be girls saluting.,Jane is badgering there to be girls saluting.,syntax_semantics,control_raising,existential_there_object_raising,True,False,True,False,295,-64.14920043945312,-73.92015838623047,1
Andrew's classmates need there to be a photograph bothering Deanna.,Andrew's classmates tempted there to be a photograph bothering Deanna.,syntax_semantics,control_raising,existential_there_object_raising,True,False,True,False,296,-82.30012512207031,-87.7201156616211,1
Frank's ex-girlfriends anticipated there to be some slopes stunning those companies.,Frank's ex-girlfriends convince there to be some slopes stunning those companies.,syntax_semantics,control_raising,existential_there_object_raising,True,False,True,False,297,-113.21092987060547,-116.71739196777344,1
These waitresses weren't predicting there to be no steps wasting away.,These waitresses weren't persuading there to be no steps wasting away.,syntax_semantics,control_raising,existential_there_object_raising,True,False,True,False,298,-99.17707061767578,-107.53730773925781,1
Some sister of Donna predicted there to be fewer than three daughters of Tanya disappearing.,Some sister of Donna pressures there to be fewer than three daughters of Tanya disappearing.,syntax_semantics,control_raising,existential_there_object_raising,True,False,True,False,299,-108.05378723144531,-109.82754516601562,1
These grandsons of Nancy anticipate there to be a lot of sons of Michael investigating Elaine.,These grandsons of Nancy spur there to be a lot of sons of Michael investigating Elaine.,syntax_semantics,control_raising,existential_there_object_raising,True,False,True,False,300,-126.94416809082031,-125.80693054199219,0
Every organization judged there to be a lot of libraries imploring James to shock Brenda.,Every organization forces there to be a lot of libraries imploring James to shock Brenda.,syntax_semantics,control_raising,existential_there_object_raising,True,False,True,False,301,-113.66460418701172,-111.52629852294922,0
Sara's sisters judge there to be a nephew of some woman swallowing.,Sara's sisters prod there to be a nephew of some woman swallowing.,syntax_semantics,control_raising,existential_there_object_raising,True,False,True,False,302,-92.09024810791016,-92.77403259277344,1
Rebecca did prefer there to be an essay about the Clintons embarrassing Kathleen.,Rebecca did dare there to be an essay about the Clintons embarrassing Kathleen.,syntax_semantics,control_raising,existential_there_object_raising,True,False,True,False,303,-109.09407043457031,-107.69445037841797,0
Brian anticipates there to be slopes irritating Kristen.,Brian induced there to be slopes irritating Kristen.,syntax_semantics,control_raising,existential_there_object_raising,True,False,True,False,304,-83.784912109375,-73.68989562988281,0
Ruth's daughter wasn't expecting there to be a carriage slowing.,Ruth's daughter wasn't pressuring there to be a carriage slowing.,syntax_semantics,control_raising,existential_there_object_raising,True,False,True,False,305,-80.56105041503906,-85.5125503540039,1
Jesus isn't considering there to be a school vanishing.,Jesus isn't inducing there to be a school vanishing.,syntax_semantics,control_raising,existential_there_object_raising,True,False,True,False,306,-60.41881561279297,-66.55812072753906,1
Most grandsons of Tammy want there to be a sweater impressing Liam.,Most grandsons of Tammy push there to be a sweater impressing Liam.,syntax_semantics,control_raising,existential_there_object_raising,True,False,True,False,307,-112.61009216308594,-114.38133239746094,1
Larry's employees were wanting there to be few art galleries worrying Carmen.,Larry's employees were advising there to be few art galleries worrying Carmen.,syntax_semantics,control_raising,existential_there_object_raising,True,False,True,False,308,-103.0768051147461,-104.08016967773438,1
That patient's tutor hadn't anticipated there to be many wheelbarrows chipping.,That patient's tutor hadn't pressured there to be many wheelbarrows chipping.,syntax_semantics,control_raising,existential_there_object_raising,True,False,True,False,309,-117.632080078125,-120.3436508178711,1
Kristen wasn't judging there to be a show about the Lutherans disgusting Teresa.,Kristen wasn't requiring there to be a show about the Lutherans disgusting Teresa.,syntax_semantics,control_raising,existential_there_object_raising,True,False,True,False,310,-108.5638656616211,-110.23989868164062,1
Christina's grandfather doesn't ascertain there to be more than three high schools alarming that organization.,Christina's grandfather doesn't sway there to be more than three high schools alarming that organization.,syntax_semantics,control_raising,existential_there_object_raising,True,False,True,False,311,-115.12371063232422,-116.16117858886719,1
This pedestrian's cousin isn't preferring there to be a lot of grandmothers of that senator kissing Irene.,This pedestrian's cousin isn't daring there to be a lot of grandmothers of that senator kissing Irene.,syntax_semantics,control_raising,existential_there_object_raising,True,False,True,False,312,-138.16583251953125,-136.22271728515625,0
Brad is predicting there to be a book about science winning.,Brad is swaying there to be a book about science winning.,syntax_semantics,control_raising,existential_there_object_raising,True,False,True,False,313,-66.88695526123047,-67.83018493652344,1
A lot of drivers predict there to be fewer than three restaurants alarming the organizations.,A lot of drivers pushed there to be fewer than three restaurants alarming the organizations.,syntax_semantics,control_raising,existential_there_object_raising,True,False,True,False,314,-108.47553253173828,-104.9254150390625,0
Becky's French teacher shouldn't find there to be a hospital donating.,Becky's French teacher shouldn't sway there to be a hospital donating.,syntax_semantics,control_raising,existential_there_object_raising,True,False,True,False,315,-85.19795227050781,-90.50558471679688,1
Sherry ascertains there to be some newspaper articles about the Borgias alarming Travis.,Sherry required there to be some newspaper articles about the Borgias alarming Travis.,syntax_semantics,control_raising,existential_there_object_raising,True,False,True,False,316,-133.15316772460938,-122.69248962402344,0
Dan's best friends want there to be a scarf impressing every doctor.,Dan's best friends advise there to be a scarf impressing every doctor.,syntax_semantics,control_raising,existential_there_object_raising,True,False,True,False,317,-85.00933837890625,-89.1075439453125,1
Michelle declared there to be no spotlights bothering Beth.,Michelle tempts there to be no spotlights bothering Beth.,syntax_semantics,control_raising,existential_there_object_raising,True,False,True,False,318,-74.52857208251953,-84.11725616455078,1
Those brothers of Gina haven't wanted there to be few peppers alarming Vanessa.,Those brothers of Gina haven't induced there to be few peppers alarming Vanessa.,syntax_semantics,control_raising,existential_there_object_raising,True,False,True,False,319,-108.04570007324219,-112.00738525390625,1
Alexander hasn't ascertained there to be an organization communicating.,Alexander hasn't dared there to be an organization communicating.,syntax_semantics,control_raising,existential_there_object_raising,True,False,True,False,320,-72.45765686035156,-66.58683013916016,0
Marie predicted there to be a shoe folding.,Marie tempts there to be a shoe folding.,syntax_semantics,control_raising,existential_there_object_raising,True,False,True,False,321,-54.12479782104492,-59.71986389160156,1
Carl's cousins ascertain there to be no documentaries annoying Jerry.,Carl's cousins convinced there to be no documentaries annoying Jerry.,syntax_semantics,control_raising,existential_there_object_raising,True,False,True,False,322,-91.4786148071289,-87.58490753173828,0
These pedestrians' nieces ascertained there to be a lot of hamsters disgusting Marie.,These pedestrians' nieces oblige there to be a lot of hamsters disgusting Marie.,syntax_semantics,control_raising,existential_there_object_raising,True,False,True,False,323,-129.4020233154297,-123.71949768066406,0
Sarah's guests had considered there to be a mirror astounding Meredith.,Sarah's guests had ordered there to be a mirror astounding Meredith.,syntax_semantics,control_raising,existential_there_object_raising,True,False,True,False,324,-84.82569885253906,-83.8919448852539,0
Jane can ascertain there to be some peppers charring.,Jane can command there to be some peppers charring.,syntax_semantics,control_raising,existential_there_object_raising,True,False,True,False,325,-72.4129638671875,-71.11504364013672,0
Men couldn't anticipate there to be a teacher nodding.,Men couldn't prompt there to be a teacher nodding.,syntax_semantics,control_raising,existential_there_object_raising,True,False,True,False,326,-61.62863540649414,-62.126407623291016,1
Heather considers there to be a lake astounding Gina.,Heather asked there to be a lake astounding Gina.,syntax_semantics,control_raising,existential_there_object_raising,True,False,True,False,327,-78.6989517211914,-71.90805053710938,0
That child wants there to be a granddaughter of Colleen finding some cashiers.,That child prompts there to be a granddaughter of Colleen finding some cashiers.,syntax_semantics,control_raising,existential_there_object_raising,True,False,True,False,328,-104.45402526855469,-110.01581573486328,1
Samantha had preferred there to be more than three couches appearing.,Samantha had induced there to be more than three couches appearing.,syntax_semantics,control_raising,existential_there_object_raising,True,False,True,False,329,-90.14984130859375,-89.75509643554688,0
Carla's partner isn't considering there to be a snake wasting away.,Carla's partner isn't forcing there to be a snake wasting away.,syntax_semantics,control_raising,existential_there_object_raising,True,False,True,False,330,-83.40164184570312,-87.80979919433594,1
Sharon wants there to be a waiter ascending a lot of steps.,Sharon forced there to be a waiter ascending a lot of steps.,syntax_semantics,control_raising,existential_there_object_raising,True,False,True,False,331,-77.72484588623047,-81.60414123535156,1
Most men believe there to be a unicycle moving.,Most men push there to be a unicycle moving.,syntax_semantics,control_raising,existential_there_object_raising,True,False,True,False,332,-61.95450973510742,-66.33633422851562,1
Susan's oncologist has preferred there to be a guy boasting.,Susan's oncologist has encouraged there to be a guy boasting.,syntax_semantics,control_raising,existential_there_object_raising,True,False,True,False,333,-85.302001953125,-86.05120849609375,1
The waiter discovered there to be more than three associations revealing who had gotten fired.,The waiter pressed there to be more than three associations revealing who had gotten fired.,syntax_semantics,control_raising,existential_there_object_raising,True,False,True,False,334,-100.96186065673828,-101.9052734375,1
Clyde isn't wanting there to be a lot of nephews of George clashing.,Clyde isn't pressing there to be a lot of nephews of George clashing.,syntax_semantics,control_raising,existential_there_object_raising,True,False,True,False,335,-105.55498504638672,-106.14048767089844,1
These museums want there to be a sister of the Borgias sighing.,These museums commissioned there to be a sister of the Borgias sighing.,syntax_semantics,control_raising,existential_there_object_raising,True,False,True,False,336,-88.22731018066406,-93.03388977050781,1
Matt's classmates predict there to be no waiters assembling.,Matt's classmates prod there to be no waiters assembling.,syntax_semantics,control_raising,existential_there_object_raising,True,False,True,False,337,-84.72472381591797,-85.85173034667969,1
Children were preferring there to be a hospital forfeiting.,Children were motivating there to be a hospital forfeiting.,syntax_semantics,control_raising,existential_there_object_raising,True,False,True,False,338,-66.06398010253906,-65.66606140136719,0
Lucille might declare there to be a glass dropping.,Lucille might encourage there to be a glass dropping.,syntax_semantics,control_raising,existential_there_object_raising,True,False,True,False,339,-67.43059539794922,-67.4078598022461,0
Cynthia might consider there to be dishes cracking.,Cynthia might compel there to be dishes cracking.,syntax_semantics,control_raising,existential_there_object_raising,True,False,True,False,340,-82.14176940917969,-84.01242065429688,1
Cindy's mothers can consider there to be some stories confusing some boys.,Cindy's mothers can encourage there to be some stories confusing some boys.,syntax_semantics,control_raising,existential_there_object_raising,True,False,True,False,341,-98.49862670898438,-100.88833618164062,1
Jacqueline's girlfriend discovers there to be a guest tempting these legislatures to know Alexander.,Jacqueline's girlfriend compels there to be a guest tempting these legislatures to know Alexander.,syntax_semantics,control_raising,existential_there_object_raising,True,False,True,False,342,-122.97965240478516,-128.27992248535156,1
Paul's handymen judge there to be a daughter of Carrie concealing Diane.,Paul's handymen prompted there to be a daughter of Carrie concealing Diane.,syntax_semantics,control_raising,existential_there_object_raising,True,False,True,False,343,-108.400390625,-109.02289581298828,1
A lot of boys' teacher predicts there to be a projector confusing Jesus.,A lot of boys' teacher presses there to be a projector confusing Jesus.,syntax_semantics,control_raising,existential_there_object_raising,True,False,True,False,344,-102.40055847167969,-99.85499572753906,0
Paula isn't preferring there to be a spotlight looking like most photographs.,Paula isn't pressuring there to be a spotlight looking like most photographs.,syntax_semantics,control_raising,existential_there_object_raising,True,False,True,False,345,-92.4280776977539,-94.33538055419922,1
Samantha is expecting there to be some guys disappearing.,Samantha is badgering there to be some guys disappearing.,syntax_semantics,control_raising,existential_there_object_raising,True,False,True,False,346,-74.11042022705078,-88.71672821044922,1
Many grandsons of Keith want there to be some men insulting Bethany.,Many grandsons of Keith swayed there to be some men insulting Bethany.,syntax_semantics,control_raising,existential_there_object_raising,True,False,True,False,347,-113.44759368896484,-115.73750305175781,1
Many libraries are considering there to be broccoli astounding Sabrina.,Many libraries are swaying there to be broccoli astounding Sabrina.,syntax_semantics,control_raising,existential_there_object_raising,True,False,True,False,348,-89.52102661132812,-93.1470718383789,1
Carolyn expects there to be a story annoying Rodney.,Carolyn forces there to be a story annoying Rodney.,syntax_semantics,control_raising,existential_there_object_raising,True,False,True,False,349,-76.67207336425781,-75.85276794433594,0
Every sister of Patrick has predicted there to be more than three drivers impressing Larry.,Every sister of Patrick has commissioned there to be more than three drivers impressing Larry.,syntax_semantics,control_raising,existential_there_object_raising,True,False,True,False,350,-108.88382720947266,-109.85562133789062,1
Connie should expect there to be a light alarming Debra.,Connie should dare there to be a light alarming Debra.,syntax_semantics,control_raising,existential_there_object_raising,True,False,True,False,351,-84.47178649902344,-85.36399841308594,1
Paul's daughter has judged there to be more than three high schools astounding Alexander.,Paul's daughter has badgered there to be more than three high schools astounding Alexander.,syntax_semantics,control_raising,existential_there_object_raising,True,False,True,False,352,-99.85831451416016,-110.69583129882812,1
Martha considers there to be some skateboards alarming Bruce.,Martha dares there to be some skateboards alarming Bruce.,syntax_semantics,control_raising,existential_there_object_raising,True,False,True,False,353,-89.63490295410156,-91.13397979736328,1
Timothy's granddaughter is finding there to be a tomato disgusting Timothy.,Timothy's granddaughter is entreating there to be a tomato disgusting Timothy.,syntax_semantics,control_raising,existential_there_object_raising,True,False,True,False,354,-95.6240234375,-109.00051879882812,1
Tara believes there to be a muffin embarrassing Todd.,Tara prompted there to be a muffin embarrassing Todd.,syntax_semantics,control_raising,existential_there_object_raising,True,False,True,False,355,-71.64604949951172,-75.29533386230469,1
Every lady's ex-husbands have needed there to be a photograph falling.,Every lady's ex-husbands have pushed there to be a photograph falling.,syntax_semantics,control_raising,existential_there_object_raising,True,False,True,False,356,-105.38619995117188,-103.59750366210938,0
This woman ascertained there to be many cars boring Marcus.,This woman prompted there to be many cars boring Marcus.,syntax_semantics,control_raising,existential_there_object_raising,True,False,True,False,357,-84.73919677734375,-77.57349395751953,0
Noah discovered there to be a grandmother of Tracy joking around.,Noah encouraged there to be a grandmother of Tracy joking around.,syntax_semantics,control_raising,existential_there_object_raising,True,False,True,False,358,-86.27487182617188,-88.98478698730469,1
A person's father couldn't find there to be some governments debating.,A person's father couldn't order there to be some governments debating.,syntax_semantics,control_raising,existential_there_object_raising,True,False,True,False,359,-83.90676879882812,-86.9012451171875,1
Liam has considered there to be a lot of boys training.,Liam has spurred there to be a lot of boys training.,syntax_semantics,control_raising,existential_there_object_raising,True,False,True,False,360,-67.26608276367188,-70.77530670166016,1
George wasn't discovering there to be few prints stunning Carmen.,George wasn't enticing there to be few prints stunning Carmen.,syntax_semantics,control_raising,existential_there_object_raising,True,False,True,False,361,-84.2228775024414,-88.95286560058594,1
Gina had wanted there to be more than three reports distracting Julia.,Gina had pushed there to be more than three reports distracting Julia.,syntax_semantics,control_raising,existential_there_object_raising,True,False,True,False,362,-86.66583251953125,-85.33916473388672,0
Those grandsons of Suzanne judged there to be a glacier impressing every driver.,Those grandsons of Suzanne commission there to be a glacier impressing every driver.,syntax_semantics,control_raising,existential_there_object_raising,True,False,True,False,363,-118.51264953613281,-120.66207885742188,1
Jessica's dermatologist wasn't wanting there to be a sketch of the customer annoying Phillip.,Jessica's dermatologist wasn't begging there to be a sketch of the customer annoying Phillip.,syntax_semantics,control_raising,existential_there_object_raising,True,False,True,False,364,-113.44110107421875,-116.01309204101562,1
Melanie has judged there to be some doors closing.,Melanie has required there to be some doors closing.,syntax_semantics,control_raising,existential_there_object_raising,True,False,True,False,365,-70.701171875,-70.0924072265625,0
Jesus's dentists believe there to be a guest smiling.,Jesus's dentists prompted there to be a guest smiling.,syntax_semantics,control_raising,existential_there_object_raising,True,False,True,False,366,-67.14965057373047,-73.4765853881836,1
Elizabeth has ascertained there to be a legislature judging Eric to clean a lot of public parks.,Elizabeth has swayed there to be a legislature judging Eric to clean a lot of public parks.,syntax_semantics,control_raising,existential_there_object_raising,True,False,True,False,367,-119.16116333007812,-114.71293640136719,0
The customers' ex-boyfriend discovers there to be some shirts shrinking.,The customers' ex-boyfriend commissions there to be some shirts shrinking.,syntax_semantics,control_raising,existential_there_object_raising,True,False,True,False,368,-112.30555725097656,-113.3765869140625,1
Carmen doesn't expect there to be a lot of granddaughters of some girls buying every mall.,Carmen doesn't compel there to be a lot of granddaughters of some girls buying every mall.,syntax_semantics,control_raising,existential_there_object_raising,True,False,True,False,369,-127.08888244628906,-131.57501220703125,1
Kristen is preferring there to be a friend of Timothy boasting about every newspaper article.,Kristen is pressuring there to be a friend of Timothy boasting about every newspaper article.,syntax_semantics,control_raising,existential_there_object_raising,True,False,True,False,370,-109.86477661132812,-108.01820373535156,0
The patients' tutor preferred there to be a lot of art galleries irritating Phillip.,The patients' tutor asked there to be a lot of art galleries irritating Phillip.,syntax_semantics,control_raising,existential_there_object_raising,True,False,True,False,371,-118.07505798339844,-112.19342803955078,0
Every adult needed there to be a report irritating Jennifer.,Every adult compelled there to be a report irritating Jennifer.,syntax_semantics,control_raising,existential_there_object_raising,True,False,True,False,372,-75.03118896484375,-74.71986389160156,0
The Clintons discover there to be some glasses scaring Stacy.,The Clintons ordered there to be some glasses scaring Stacy.,syntax_semantics,control_raising,existential_there_object_raising,True,False,True,False,373,-86.64646911621094,-85.21060180664062,0
All doctors found there to be a girl sighing.,All doctors require there to be a girl sighing.,syntax_semantics,control_raising,existential_there_object_raising,True,False,True,False,374,-54.63936996459961,-60.486690521240234,1
A synopsis anticipates there to be a lot of projectors disappearing.,A synopsis requires there to be a lot of projectors disappearing.,syntax_semantics,control_raising,existential_there_object_raising,True,False,True,False,375,-98.2984619140625,-90.58110809326172,0
A lot of teenagers prefer there to be more than three vases embarrassing Mark.,A lot of teenagers induce there to be more than three vases embarrassing Mark.,syntax_semantics,control_raising,existential_there_object_raising,True,False,True,False,376,-102.04117584228516,-105.79624938964844,1
Melanie would want there to be no slopes stunning Michelle.,Melanie would press there to be no slopes stunning Michelle.,syntax_semantics,control_raising,existential_there_object_raising,True,False,True,False,377,-86.46682739257812,-87.44352722167969,1
All committees were declaring there to be a university commissioning the organizations to retaliate.,All committees were compelling there to be a university commissioning the organizations to retaliate.,syntax_semantics,control_raising,existential_there_object_raising,True,False,True,False,378,-107.3648681640625,-110.13836669921875,1
Claire shouldn't anticipate there to be a library believing Connie to cheer.,Claire shouldn't urge there to be a library believing Connie to cheer.,syntax_semantics,control_raising,existential_there_object_raising,True,False,True,False,379,-100.36227416992188,-100.63615417480469,1
John shouldn't prefer there to be a fork stunning this girl.,John shouldn't commission there to be a fork stunning this girl.,syntax_semantics,control_raising,existential_there_object_raising,True,False,True,False,380,-75.85707092285156,-78.10588073730469,1
Jeffrey considers there to be a truck disturbing Marie.,Jeffrey tempted there to be a truck disturbing Marie.,syntax_semantics,control_raising,existential_there_object_raising,True,False,True,False,381,-76.15020751953125,-76.21871948242188,1
The men predicted there to be fewer than three companies motivating Heather to get fired.,The men pushed there to be fewer than three companies motivating Heather to get fired.,syntax_semantics,control_raising,existential_there_object_raising,True,False,True,False,382,-109.69396209716797,-106.30769348144531,0
Amanda's supervisors haven't found there to be a book about the Impressionists vanishing.,Amanda's supervisors haven't commissioned there to be a book about the Impressionists vanishing.,syntax_semantics,control_raising,existential_there_object_raising,True,False,True,False,383,-120.72993469238281,-127.75790405273438,1
John wasn't finding there to be a hospital clashing.,John wasn't advising there to be a hospital clashing.,syntax_semantics,control_raising,existential_there_object_raising,True,False,True,False,384,-61.37239456176758,-65.17460632324219,1
Dana has found there to be grandsons of Dana complaining.,Dana has urged there to be grandsons of Dana complaining.,syntax_semantics,control_raising,existential_there_object_raising,True,False,True,False,385,-91.59423828125,-97.39067840576172,1
Samantha was finding there to be no grocery stores aggravating Jodi.,Samantha was tempting there to be no grocery stores aggravating Jodi.,syntax_semantics,control_raising,existential_there_object_raising,True,False,True,False,386,-104.32168579101562,-105.88677215576172,1
Julia can prefer there to be a pepper blackening.,Julia can prod there to be a pepper blackening.,syntax_semantics,control_raising,existential_there_object_raising,True,False,True,False,387,-68.75957489013672,-69.18023681640625,1
The nephew of Dan hadn't ascertained there to be a cafe looking like those sketches.,The nephew of Dan hadn't persuaded there to be a cafe looking like those sketches.,syntax_semantics,control_raising,existential_there_object_raising,True,False,True,False,388,-110.54794311523438,-104.20272064208984,0
Some grandson of a lot of teenagers isn't finding there to be few mushrooms embarrassing Carmen.,Some grandson of a lot of teenagers isn't advising there to be few mushrooms embarrassing Carmen.,syntax_semantics,control_raising,existential_there_object_raising,True,False,True,False,389,-116.41551971435547,-119.92195892333984,1
Vanessa's ex-husband needed there to be fewer than three granddaughters of Patrick motivating some patients to watch Donald.,Vanessa's ex-husband induces there to be fewer than three granddaughters of Patrick motivating some patients to watch Donald.,syntax_semantics,control_raising,existential_there_object_raising,True,False,True,False,390,-165.3277587890625,-169.40518188476562,1
Rachelle is declaring there to be many customers drinking.,Rachelle is pushing there to be many customers drinking.,syntax_semantics,control_raising,existential_there_object_raising,True,False,True,False,391,-68.75260925292969,-66.34934997558594,0
Kristin predicts there to be a turtle escaping.,Kristin obliges there to be a turtle escaping.,syntax_semantics,control_raising,existential_there_object_raising,True,False,True,False,392,-60.95420455932617,-61.54421615600586,1
Theodore's mothers predict there to be a lot of hills disturbing Katherine.,Theodore's mothers push there to be a lot of hills disturbing Katherine.,syntax_semantics,control_raising,existential_there_object_raising,True,False,True,False,393,-98.21118927001953,-95.49291229248047,0
These brothers of all people judge there to be a play winning.,These brothers of all people convinced there to be a play winning.,syntax_semantics,control_raising,existential_there_object_raising,True,False,True,False,394,-69.792724609375,-69.06549072265625,0
Carol can't need there to be a rug alarming every driver.,Carol can't pressure there to be a rug alarming every driver.,syntax_semantics,control_raising,existential_there_object_raising,True,False,True,False,395,-85.81553649902344,-91.30322265625,1
That niece of Scott predicted there to be a sister of Jesus hiring Emily.,That niece of Scott enticed there to be a sister of Jesus hiring Emily.,syntax_semantics,control_raising,existential_there_object_raising,True,False,True,False,396,-99.30171203613281,-105.15638732910156,1
Carol was preferring there to be many newspaper articles looking like a lot of pictures.,Carol was imploring there to be many newspaper articles looking like a lot of pictures.,syntax_semantics,control_raising,existential_there_object_raising,True,False,True,False,397,-99.93970489501953,-103.33424377441406,1
Ann had judged there to be a shoe embarrassing Sharon.,Ann had badgered there to be a shoe embarrassing Sharon.,syntax_semantics,control_raising,existential_there_object_raising,True,False,True,False,398,-68.37555694580078,-78.1899185180664,1
Deanna expects there to be a banana impressing Kristen.,Deanna enticed there to be a banana impressing Kristen.,syntax_semantics,control_raising,existential_there_object_raising,True,False,True,False,399,-79.88084411621094,-87.54574584960938,1
This boy wasn't discovering there to be some cups boring a lot of cashiers.,This boy wasn't daring there to be some cups boring a lot of cashiers.,syntax_semantics,control_raising,existential_there_object_raising,True,False,True,False,400,-96.94850158691406,-97.23466491699219,1
A woman ascertains there to be an actress exiting this hill.,A woman prodded there to be an actress exiting this hill.,syntax_semantics,control_raising,existential_there_object_raising,True,False,True,False,401,-88.71626281738281,-88.76739501953125,1
Some doctor judges there to be few cafes impressing Donna.,Some doctor pressured there to be few cafes impressing Donna.,syntax_semantics,control_raising,existential_there_object_raising,True,False,True,False,402,-94.14114379882812,-97.5999755859375,1
Gerald's tutors haven't judged there to be many computers impressing Frank.,Gerald's tutors haven't pressed there to be many computers impressing Frank.,syntax_semantics,control_raising,existential_there_object_raising,True,False,True,False,403,-113.4390869140625,-113.85542297363281,1
A lot of actors wanted there to be a person obliging Florence to sigh.,A lot of actors prompted there to be a person obliging Florence to sigh.,syntax_semantics,control_raising,existential_there_object_raising,True,False,True,False,404,-94.95989990234375,-98.57748413085938,1
Noah prefers there to be a senator seeing.,Noah tempted there to be a senator seeing.,syntax_semantics,control_raising,existential_there_object_raising,True,False,True,False,405,-62.18357467651367,-64.50436401367188,1
This waitress preferred there to be more than three hamsters existing.,This waitress dared there to be more than three hamsters existing.,syntax_semantics,control_raising,existential_there_object_raising,True,False,True,False,406,-89.06836700439453,-89.95567321777344,1
Every company doesn't ascertain there to be some peppers upsetting Andrea.,Every company doesn't badger there to be some peppers upsetting Andrea.,syntax_semantics,control_raising,existential_there_object_raising,True,False,True,False,407,-90.52317810058594,-95.36933135986328,1
The adults have needed there to be some legislatures figuring out who continues to dislike some movies.,The adults have ordered there to be some legislatures figuring out who continues to dislike some movies.,syntax_semantics,control_raising,existential_there_object_raising,True,False,True,False,408,-116.96478271484375,-116.408935546875,0
Omar hadn't believed there to be a mouth upsetting Michelle.,Omar hadn't spurred there to be a mouth upsetting Michelle.,syntax_semantics,control_raising,existential_there_object_raising,True,False,True,False,409,-83.03648376464844,-88.64844512939453,1
Bruce's granddaughters have needed there to be a granddaughter of Suzanne running around many restaurants.,Bruce's granddaughters have commanded there to be a granddaughter of Suzanne running around many restaurants.,syntax_semantics,control_raising,existential_there_object_raising,True,False,True,False,410,-121.02618408203125,-121.55087280273438,1
Some friends of some cashier have judged there to be fewer than three lakes worrying a bank.,Some friends of some cashier have motivated there to be fewer than three lakes worrying a bank.,syntax_semantics,control_raising,existential_there_object_raising,True,False,True,False,411,-116.244140625,-118.76243591308594,1
Judy's nieces want there to be no pictures annoying Ella.,Judy's nieces entreat there to be no pictures annoying Ella.,syntax_semantics,control_raising,existential_there_object_raising,True,False,True,False,412,-99.01026153564453,-103.67581939697266,1
Stephen wanted there to be a lot of stories about the Borgias bothering Claire.,Stephen convinced there to be a lot of stories about the Borgias bothering Claire.,syntax_semantics,control_raising,existential_there_object_raising,True,False,True,False,413,-93.95868682861328,-95.43585205078125,1
Kristen wouldn't anticipate there to be broccoli appearing.,Kristen wouldn't urge there to be broccoli appearing.,syntax_semantics,control_raising,existential_there_object_raising,True,False,True,False,414,-68.87039947509766,-69.38689422607422,1
Aaron couldn't expect there to be an apple appearing.,Aaron couldn't order there to be an apple appearing.,syntax_semantics,control_raising,existential_there_object_raising,True,False,True,False,415,-58.145790100097656,-60.594398498535156,1
James is predicting there to be a report wasting away.,James is entreating there to be a report wasting away.,syntax_semantics,control_raising,existential_there_object_raising,True,False,True,False,416,-67.15474700927734,-75.88752746582031,1
Some fathers of the waitress discover there to be an art gallery distracting Linda.,Some fathers of the waitress oblige there to be an art gallery distracting Linda.,syntax_semantics,control_raising,existential_there_object_raising,True,False,True,False,417,-101.91627502441406,-106.45794677734375,1
Victoria was ascertaining there to be no children working with Gerald.,Victoria was advising there to be no children working with Gerald.,syntax_semantics,control_raising,existential_there_object_raising,True,False,True,False,418,-73.58438873291016,-65.12725830078125,0
Tara hadn't found there to be a nose existing.,Tara hadn't pressured there to be a nose existing.,syntax_semantics,control_raising,existential_there_object_raising,True,False,True,False,419,-68.93443298339844,-76.47840881347656,1
Helen predicted there to be an essay irritating Samuel.,Helen forces there to be an essay irritating Samuel.,syntax_semantics,control_raising,existential_there_object_raising,True,False,True,False,420,-71.6922836303711,-72.81658935546875,1
Denise's classmate couldn't anticipate there to be few gloves stretching.,Denise's classmate couldn't induce there to be few gloves stretching.,syntax_semantics,control_raising,existential_there_object_raising,True,False,True,False,421,-96.79168701171875,-97.91154479980469,1
Many nieces of Allison had predicted there to be a cake irritating that adult.,Many nieces of Allison had asked there to be a cake irritating that adult.,syntax_semantics,control_raising,existential_there_object_raising,True,False,True,False,422,-112.42865753173828,-108.98078918457031,0
Most mothers of many doctors haven't ascertained there to be a documentary impressing the children.,Most mothers of many doctors haven't advised there to be a documentary impressing the children.,syntax_semantics,control_raising,existential_there_object_raising,True,False,True,False,423,-109.55022430419922,-106.424560546875,0
Some actress hasn't predicted there to be fewer than three boxes wasting away.,Some actress hasn't asked there to be fewer than three boxes wasting away.,syntax_semantics,control_raising,existential_there_object_raising,True,False,True,False,424,-100.50670623779297,-96.00167083740234,0
Jerry expected there to be many mothers of Cynthia thinking about some convertible.,Jerry badgers there to be many mothers of Cynthia thinking about some convertible.,syntax_semantics,control_raising,existential_there_object_raising,True,False,True,False,425,-90.48480224609375,-101.91941833496094,1
The Lutherans believe there to be fewer than three cups existing.,The Lutherans entice there to be fewer than three cups existing.,syntax_semantics,control_raising,existential_there_object_raising,True,False,True,False,426,-89.14700317382812,-99.20160675048828,1
Sarah isn't needing there to be a girl departing.,Sarah isn't pushing there to be a girl departing.,syntax_semantics,control_raising,existential_there_object_raising,True,False,True,False,427,-60.7774658203125,-57.04557800292969,0
Patients declare there to be a chair alarming most actors.,Patients order there to be a chair alarming most actors.,syntax_semantics,control_raising,existential_there_object_raising,True,False,True,False,428,-83.61434936523438,-81.60630798339844,0
Ann didn't ascertain there to be a picture alarming Homer.,Ann didn't prod there to be a picture alarming Homer.,syntax_semantics,control_raising,existential_there_object_raising,True,False,True,False,429,-71.67507934570312,-71.48527526855469,0
That synopsis found there to be no guys joking around.,That synopsis spurs there to be no guys joking around.,syntax_semantics,control_raising,existential_there_object_raising,True,False,True,False,430,-76.6808090209961,-87.71484375,1
Dennis will prefer there to be a school conferring.,Dennis will dare there to be a school conferring.,syntax_semantics,control_raising,existential_there_object_raising,True,False,True,False,431,-76.95753479003906,-76.10045623779297,0
Todd was ascertaining there to be a hospital pushing the man to wake up.,Todd was persuading there to be a hospital pushing the man to wake up.,syntax_semantics,control_raising,existential_there_object_raising,True,False,True,False,432,-81.79791259765625,-82.13890075683594,1
Gina considers there to be an association retaliating.,Gina persuades there to be an association retaliating.,syntax_semantics,control_raising,existential_there_object_raising,True,False,True,False,433,-70.06141662597656,-80.65107727050781,1
Thomas's supervisor wasn't expecting there to be a lot of daughters of Sandra bothering Linda.,Thomas's supervisor wasn't entreating there to be a lot of daughters of Sandra bothering Linda.,syntax_semantics,control_raising,existential_there_object_raising,True,False,True,False,434,-107.16824340820312,-119.37844848632812,1
Karen hasn't considered there to be few rivers freezing.,Karen hasn't encouraged there to be few rivers freezing.,syntax_semantics,control_raising,existential_there_object_raising,True,False,True,False,435,-76.06158447265625,-78.51583862304688,1
Heidi needs there to be water stunning every guy.,Heidi entreated there to be water stunning every guy.,syntax_semantics,control_raising,existential_there_object_raising,True,False,True,False,436,-79.69290161132812,-89.3006591796875,1
Wendy's dermatologists shouldn't discover there to be a fish alarming Connie.,Wendy's dermatologists shouldn't ask there to be a fish alarming Connie.,syntax_semantics,control_raising,existential_there_object_raising,True,False,True,False,437,-110.67453002929688,-108.06837463378906,0
The boy didn't consider there to be many glaciers annoying Dawn.,The boy didn't command there to be many glaciers annoying Dawn.,syntax_semantics,control_raising,existential_there_object_raising,True,False,True,False,438,-85.71224212646484,-88.13713073730469,1
Those men weren't ascertaining there to be a movie about current events disgusting this company.,Those men weren't commissioning there to be a movie about current events disgusting this company.,syntax_semantics,control_raising,existential_there_object_raising,True,False,True,False,439,-118.15645599365234,-113.26962280273438,0
Lori's employees needed there to be some trucks accelerating.,Lori's employees ask there to be some trucks accelerating.,syntax_semantics,control_raising,existential_there_object_raising,True,False,True,False,440,-82.80050659179688,-82.6868896484375,0
A lady believed there to be a mouth distracting that committee.,A lady pressures there to be a mouth distracting that committee.,syntax_semantics,control_raising,existential_there_object_raising,True,False,True,False,441,-76.22488403320312,-82.28237915039062,1
The Impressionists' nephews predict there to be a drawing disgusting Rebecca.,The Impressionists' nephews advise there to be a drawing disgusting Rebecca.,syntax_semantics,control_raising,existential_there_object_raising,True,False,True,False,442,-120.40985107421875,-120.51667785644531,1
Joseph expected there to be a shirt twisting.,Joseph induced there to be a shirt twisting.,syntax_semantics,control_raising,existential_there_object_raising,True,False,True,False,443,-51.37641906738281,-54.36792755126953,1
Carla was finding there to be a lot of waitresses debating.,Carla was pushing there to be a lot of waitresses debating.,syntax_semantics,control_raising,existential_there_object_raising,True,False,True,False,444,-82.50167083740234,-82.22407531738281,0
Bruce's hairdresser considered there to be a bicycle dropping.,Bruce's hairdresser pushed there to be a bicycle dropping.,syntax_semantics,control_raising,existential_there_object_raising,True,False,True,False,445,-78.26290893554688,-76.01168823242188,0
All nieces of Martin needed there to be no tomatoes astounding Anna.,All nieces of Martin motivate there to be no tomatoes astounding Anna.,syntax_semantics,control_raising,existential_there_object_raising,True,False,True,False,446,-107.04473876953125,-113.06978607177734,1
Meredith had preferred there to be a box impressing Carol.,Meredith had begged there to be a box impressing Carol.,syntax_semantics,control_raising,existential_there_object_raising,True,False,True,False,447,-85.35507202148438,-85.31497192382812,0
Those governments expected there to be planes appearing.,Those governments encourage there to be planes appearing.,syntax_semantics,control_raising,existential_there_object_raising,True,False,True,False,448,-65.18450927734375,-68.75968933105469,1
Omar declares there to be a vase boring some teenagers.,Omar pushed there to be a vase boring some teenagers.,syntax_semantics,control_raising,existential_there_object_raising,True,False,True,False,449,-85.56868743896484,-86.022705078125,1
Jerry wasn't expecting there to be fewer than three paintings aggravating Valerie.,Jerry wasn't swaying there to be fewer than three paintings aggravating Valerie.,syntax_semantics,control_raising,existential_there_object_raising,True,False,True,False,450,-99.16740417480469,-104.52227783203125,1
Sara declares there to be fewer than three windows embarrassing Brad.,Sara pushed there to be fewer than three windows embarrassing Brad.,syntax_semantics,control_raising,existential_there_object_raising,True,False,True,False,451,-86.73857116699219,-86.12175750732422,0
Matt's cousins haven't anticipated there to be waiters listening to Vanessa.,Matt's cousins haven't implored there to be waiters listening to Vanessa.,syntax_semantics,control_raising,existential_there_object_raising,True,False,True,False,452,-93.53840637207031,-100.20735931396484,1
Anna expects there to be a commentary boring Tonya.,Anna entreats there to be a commentary boring Tonya.,syntax_semantics,control_raising,existential_there_object_raising,True,False,True,False,453,-75.06791687011719,-89.46620178222656,1
Melinda is believing there to be a cake aggravating many people.,Melinda is enticing there to be a cake aggravating many people.,syntax_semantics,control_raising,existential_there_object_raising,True,False,True,False,454,-82.78438568115234,-89.09014129638672,1
Kenneth had needed there to be a glacier vaporizing.,Kenneth had obliged there to be a glacier vaporizing.,syntax_semantics,control_raising,existential_there_object_raising,True,False,True,False,455,-69.25138854980469,-70.73942565917969,1
Nicole finds there to be a report about Spain confusing Michael.,Nicole implores there to be a report about Spain confusing Michael.,syntax_semantics,control_raising,existential_there_object_raising,True,False,True,False,456,-87.05305480957031,-96.67849731445312,1
Every grandfather of Kirsten might predict there to be ice appearing.,Every grandfather of Kirsten might command there to be ice appearing.,syntax_semantics,control_raising,existential_there_object_raising,True,False,True,False,457,-82.79045104980469,-83.93281555175781,1
Kevin wasn't considering there to be a high school disappearing.,Kevin wasn't requiring there to be a high school disappearing.,syntax_semantics,control_raising,existential_there_object_raising,True,False,True,False,458,-60.672393798828125,-63.95876693725586,1
Christina doesn't ascertain there to be many books alarming Cynthia.,Christina doesn't persuade there to be many books alarming Cynthia.,syntax_semantics,control_raising,existential_there_object_raising,True,False,True,False,459,-83.76895904541016,-82.43644714355469,0
Brad hadn't discovered there to be a book about the Impressionists disturbing John.,Brad hadn't prompted there to be a book about the Impressionists disturbing John.,syntax_semantics,control_raising,existential_there_object_raising,True,False,True,False,460,-106.6803970336914,-110.80794525146484,1
Carla did expect there to be a horse upsetting Tara.,Carla did obligate there to be a horse upsetting Tara.,syntax_semantics,control_raising,existential_there_object_raising,True,False,True,False,461,-77.57958984375,-87.44520568847656,1
Lissa preferred there to be fewer than three hills disgusting every dancer.,Lissa prods there to be fewer than three hills disgusting every dancer.,syntax_semantics,control_raising,existential_there_object_raising,True,False,True,False,462,-99.87120056152344,-106.99874114990234,1
Grandmothers of Curtis did prefer there to be more than three books embarrassing Sabrina.,Grandmothers of Curtis did persuade there to be more than three books embarrassing Sabrina.,syntax_semantics,control_raising,existential_there_object_raising,True,False,True,False,463,-119.10835266113281,-118.50212860107422,0
Catherine has anticipated there to be many wheelbarrows shattering.,Catherine has prompted there to be many wheelbarrows shattering.,syntax_semantics,control_raising,existential_there_object_raising,True,False,True,False,464,-91.47012329101562,-93.21658325195312,1
Leslie does find there to be a mother of Jeffrey weeping.,Leslie does prod there to be a mother of Jeffrey weeping.,syntax_semantics,control_raising,existential_there_object_raising,True,False,True,False,465,-77.93537139892578,-81.91105651855469,1
Melissa's guests find there to be a customer slumping over.,Melissa's guests commissioned there to be a customer slumping over.,syntax_semantics,control_raising,existential_there_object_raising,True,False,True,False,466,-84.03077697753906,-87.71452331542969,1
Florence would anticipate there to be no newspaper articles about current events scaring some organization.,Florence would entreat there to be no newspaper articles about current events scaring some organization.,syntax_semantics,control_raising,existential_there_object_raising,True,False,True,False,467,-131.9781036376953,-132.38018798828125,1
Martin hadn't anticipated there to be some glaciers embarrassing Daniel.,Martin hadn't prodded there to be some glaciers embarrassing Daniel.,syntax_semantics,control_raising,existential_there_object_raising,True,False,True,False,468,-86.30462646484375,-101.66192626953125,1
Rachel isn't discovering there to be no computers falling.,Rachel isn't swaying there to be no computers falling.,syntax_semantics,control_raising,existential_there_object_raising,True,False,True,False,469,-64.98990631103516,-68.77740478515625,1
Matt hasn't found there to be a screen hurting Paula.,Matt hasn't commanded there to be a screen hurting Paula.,syntax_semantics,control_raising,existential_there_object_raising,True,False,True,False,470,-69.29440307617188,-74.23632049560547,1
Colleen's tutor will believe there to be some commentaries about the Balkans alarming Stacy.,Colleen's tutor will oblige there to be some commentaries about the Balkans alarming Stacy.,syntax_semantics,control_raising,existential_there_object_raising,True,False,True,False,471,-127.19517517089844,-139.07070922851562,1
Some ladies discovered there to be no commentaries about science winning.,Some ladies urge there to be no commentaries about science winning.,syntax_semantics,control_raising,existential_there_object_raising,True,False,True,False,472,-85.34127807617188,-91.86085510253906,1
The dancer could find there to be an actress finding the pasta.,The dancer could prod there to be an actress finding the pasta.,syntax_semantics,control_raising,existential_there_object_raising,True,False,True,False,473,-77.78204345703125,-84.28617858886719,1
Some children were expecting there to be some prints of George worrying Melinda.,Some children were tempting there to be some prints of George worrying Melinda.,syntax_semantics,control_raising,existential_there_object_raising,True,False,True,False,474,-98.84957885742188,-100.18716430664062,1
The teenagers judge there to be a grocery store scaring Ellen.,The teenagers force there to be a grocery store scaring Ellen.,syntax_semantics,control_raising,existential_there_object_raising,True,False,True,False,475,-84.63062286376953,-80.93460083007812,0
Nina isn't anticipating there to be a movie theater annoying the company.,Nina isn't spurring there to be a movie theater annoying the company.,syntax_semantics,control_raising,existential_there_object_raising,True,False,True,False,476,-93.63916015625,-98.98300170898438,1
Lucille discovers there to be a book about Galileo vanishing.,Lucille pushed there to be a book about Galileo vanishing.,syntax_semantics,control_raising,existential_there_object_raising,True,False,True,False,477,-76.4939956665039,-74.08663940429688,0
Sara's nephews expect there to be bread alarming this waiter.,Sara's nephews obliged there to be bread alarming this waiter.,syntax_semantics,control_raising,existential_there_object_raising,True,False,True,False,478,-92.8750991821289,-93.5047607421875,1
The actor's daughters anticipate there to be a lot of fathers of Winston Churchill touring a hospital.,The actor's daughters pushed there to be a lot of fathers of Winston Churchill touring a hospital.,syntax_semantics,control_raising,existential_there_object_raising,True,False,True,False,479,-125.01554107666016,-119.0927505493164,0
Guys' employees discover there to be a dancer liking to investigate those guests.,Guys' employees press there to be a dancer liking to investigate those guests.,syntax_semantics,control_raising,existential_there_object_raising,True,False,True,False,480,-103.59214782714844,-102.82606506347656,0
Julie isn't ascertaining there to be a niece of Scott preferring the lakes to melt.,Julie isn't forcing there to be a niece of Scott preferring the lakes to melt.,syntax_semantics,control_raising,existential_there_object_raising,True,False,True,False,481,-121.45845031738281,-111.12066650390625,0
A woman hadn't wanted there to be a newspaper article falling.,A woman hadn't pushed there to be a newspaper article falling.,syntax_semantics,control_raising,existential_there_object_raising,True,False,True,False,482,-80.74331665039062,-82.65365600585938,1
Deborah's supervisors ascertain there to be a rug disgusting Debra.,Deborah's supervisors pressured there to be a rug disgusting Debra.,syntax_semantics,control_raising,existential_there_object_raising,True,False,True,False,483,-105.76182556152344,-107.0475082397461,1
Kristin hasn't ascertained there to be a committee imploring Patrick to wave.,Kristin hasn't pushed there to be a committee imploring Patrick to wave.,syntax_semantics,control_raising,existential_there_object_raising,True,False,True,False,484,-107.25494384765625,-98.47911071777344,0
Amelia has found there to be a rug appearing.,Amelia has dared there to be a rug appearing.,syntax_semantics,control_raising,existential_there_object_raising,True,False,True,False,485,-60.808380126953125,-67.6044692993164,1
The hospitals discover there to be fewer than three gates wasting away.,The hospitals induced there to be fewer than three gates wasting away.,syntax_semantics,control_raising,existential_there_object_raising,True,False,True,False,486,-88.72221374511719,-89.71723175048828,1
Most girls' fathers haven't anticipated there to be an actor appearing to disturb a lot of girls.,Most girls' fathers haven't begged there to be an actor appearing to disturb a lot of girls.,syntax_semantics,control_raising,existential_there_object_raising,True,False,True,False,487,-118.0374984741211,-117.11542510986328,0
Karen anticipates there to be a lot of stories about science embarrassing Peter.,Karen motivates there to be a lot of stories about science embarrassing Peter.,syntax_semantics,control_raising,existential_there_object_raising,True,False,True,False,488,-98.43456268310547,-95.32958984375,0
Ella anticipated there to be spinach vanishing.,Ella sways there to be spinach vanishing.,syntax_semantics,control_raising,existential_there_object_raising,True,False,True,False,489,-66.13778686523438,-71.99828338623047,1
Martha's grandsons discover there to be a door disappearing.,Martha's grandsons induce there to be a door disappearing.,syntax_semantics,control_raising,existential_there_object_raising,True,False,True,False,490,-91.76797485351562,-94.27467346191406,1
Jennifer's grandmothers believe there to be a lot of grocery stores disturbing Wayne.,Jennifer's grandmothers convince there to be a lot of grocery stores disturbing Wayne.,syntax_semantics,control_raising,existential_there_object_raising,True,False,True,False,491,-94.8561019897461,-102.13301086425781,1
Most sons of Angela haven't judged there to be a book about Harvard University worrying many universities.,Most sons of Angela haven't asked there to be a book about Harvard University worrying many universities.,syntax_semantics,control_raising,existential_there_object_raising,True,False,True,False,492,-122.629638671875,-120.54119110107422,0
Lisa's handymen weren't finding there to be a chair falling apart.,Lisa's handymen weren't forcing there to be a chair falling apart.,syntax_semantics,control_raising,existential_there_object_raising,True,False,True,False,493,-83.30447387695312,-86.7801513671875,1
Wayne might expect there to be a book shocking Cynthia.,Wayne might tempt there to be a book shocking Cynthia.,syntax_semantics,control_raising,existential_there_object_raising,True,False,True,False,494,-71.58039855957031,-74.8409423828125,1
Gary declared there to be a scarf vanishing.,Gary ordered there to be a scarf vanishing.,syntax_semantics,control_raising,existential_there_object_raising,True,False,True,False,495,-52.54515838623047,-52.93849182128906,1
The patient's podiatrists wanted there to be few grocery stores boring Beth.,The patient's podiatrists tempt there to be few grocery stores boring Beth.,syntax_semantics,control_raising,existential_there_object_raising,True,False,True,False,496,-140.33685302734375,-142.50228881835938,1
Donna wasn't judging there to be a lot of books about travel alarming Margaret.,Donna wasn't requiring there to be a lot of books about travel alarming Margaret.,syntax_semantics,control_raising,existential_there_object_raising,True,False,True,False,497,-100.64824676513672,-102.21144104003906,1
Amelia can ascertain there to be a painting of a lot of boxes alarming Tina.,Amelia can press there to be a painting of a lot of boxes alarming Tina.,syntax_semantics,control_raising,existential_there_object_raising,True,False,True,False,498,-99.73542785644531,-97.85835266113281,0
The nieces of Claire aren't preferring there to be a dancer refusing to notice Janet.,The nieces of Claire aren't tempting there to be a dancer refusing to notice Janet.,syntax_semantics,control_raising,existential_there_object_raising,True,False,True,False,499,-126.71730041503906,-125.02993774414062,0
The Lutherans' grandson did need there to be a screen falling.,The Lutherans' grandson did prod there to be a screen falling.,syntax_semantics,control_raising,existential_there_object_raising,True,False,True,False,500,-92.73394775390625,-96.50155639648438,1
Many women anticipate there to be an essay scaring these museums.,Many women force there to be an essay scaring these museums.,syntax_semantics,control_raising,existential_there_object_raising,True,False,True,False,501,-87.27558898925781,-81.23249816894531,0
Susan should ascertain there to be a lot of mushrooms alarming Kathleen.,Susan should tempt there to be a lot of mushrooms alarming Kathleen.,syntax_semantics,control_raising,existential_there_object_raising,True,False,True,False,502,-80.84266662597656,-81.07037353515625,1
Caroline's son wasn't believing there to be a bike shattering.,Caroline's son wasn't entreating there to be a bike shattering.,syntax_semantics,control_raising,existential_there_object_raising,True,False,True,False,503,-79.96842956542969,-91.98697662353516,1
Lisa considered there to be many sisters of Clyde climbing up a lot of mountains.,Lisa obliges there to be many sisters of Clyde climbing up a lot of mountains.,syntax_semantics,control_raising,existential_there_object_raising,True,False,True,False,504,-92.82571411132812,-99.08672332763672,1
Tiffany can't ascertain there to be many hamsters climbing down the slopes.,Tiffany can't pressure there to be many hamsters climbing down the slopes.,syntax_semantics,control_raising,existential_there_object_raising,True,False,True,False,505,-109.42350769042969,-108.46327209472656,0
Lucille was wanting there to be a ladder distracting a student.,Lucille was spurring there to be a ladder distracting a student.,syntax_semantics,control_raising,existential_there_object_raising,True,False,True,False,506,-76.81472778320312,-84.36212158203125,1
Candice wants there to be a lot of companies admiring a student.,Candice swayed there to be a lot of companies admiring a student.,syntax_semantics,control_raising,existential_there_object_raising,True,False,True,False,507,-78.90198516845703,-83.41693115234375,1
The daughter of Chad shouldn't discover there to be a friend of Jacqueline looking like some drawings.,The daughter of Chad shouldn't tempt there to be a friend of Jacqueline looking like some drawings.,syntax_semantics,control_raising,existential_there_object_raising,True,False,True,False,508,-111.41914367675781,-114.11060333251953,1
A lot of waiters' ex-husbands consider there to be blouses stretching.,A lot of waiters' ex-husbands motivate there to be blouses stretching.,syntax_semantics,control_raising,existential_there_object_raising,True,False,True,False,509,-132.71371459960938,-137.86117553710938,1
A lot of waitresses' supervisors were needing there to be a company annoying those waitresses.,A lot of waitresses' supervisors were motivating there to be a company annoying those waitresses.,syntax_semantics,control_raising,existential_there_object_raising,True,False,True,False,510,-136.8913116455078,-140.34979248046875,1
Some women had considered there to be horses upsetting Beth.,Some women had badgered there to be horses upsetting Beth.,syntax_semantics,control_raising,existential_there_object_raising,True,False,True,False,511,-73.52911376953125,-84.80987548828125,1
Kevin's dentist judged there to be a niece of Kristen hiding away.,Kevin's dentist prodded there to be a niece of Kristen hiding away.,syntax_semantics,control_raising,existential_there_object_raising,True,False,True,False,512,-87.54331970214844,-101.51535034179688,1
Carrie needs there to be a vase aggravating Stephen.,Carrie encourages there to be a vase aggravating Stephen.,syntax_semantics,control_raising,existential_there_object_raising,True,False,True,False,513,-82.91140747070312,-84.64385986328125,1
Denise judges there to be more than three prints distracting these actresses.,Denise spurs there to be more than three prints distracting these actresses.,syntax_semantics,control_raising,existential_there_object_raising,True,False,True,False,514,-96.0477523803711,-100.06925201416016,1
Tina ascertains there to be a grocery store scaring that man.,Tina sways there to be a grocery store scaring that man.,syntax_semantics,control_raising,existential_there_object_raising,True,False,True,False,515,-93.49654388427734,-88.98152160644531,0
A grandfather of Danielle is declaring there to be some jackets tightening.,A grandfather of Danielle is compelling there to be some jackets tightening.,syntax_semantics,control_raising,existential_there_object_raising,True,False,True,False,516,-91.8238525390625,-94.92921447753906,1
That senator did prefer there to be steak distracting Regina.,That senator did convince there to be steak distracting Regina.,syntax_semantics,control_raising,existential_there_object_raising,True,False,True,False,517,-92.03384399414062,-91.81869506835938,0
Women have predicted there to be some coats vanishing.,Women have required there to be some coats vanishing.,syntax_semantics,control_raising,existential_there_object_raising,True,False,True,False,518,-66.34601593017578,-66.16394805908203,0
Judy's associate didn't anticipate there to be a car aggravating Patricia.,Judy's associate didn't urge there to be a car aggravating Patricia.,syntax_semantics,control_raising,existential_there_object_raising,True,False,True,False,519,-95.48870849609375,-95.44606018066406,0
Denise considers there to be a nose impressing Theresa.,Denise commissions there to be a nose impressing Theresa.,syntax_semantics,control_raising,existential_there_object_raising,True,False,True,False,520,-81.19287872314453,-81.20565795898438,1
All committees anticipate there to be dresses fraying.,All committees pressured there to be dresses fraying.,syntax_semantics,control_raising,existential_there_object_raising,True,False,True,False,521,-77.95454406738281,-80.61756896972656,1
Homer discovers there to be some dogs stunning the students.,Homer pressures there to be some dogs stunning the students.,syntax_semantics,control_raising,existential_there_object_raising,True,False,True,False,522,-84.36043548583984,-87.26527404785156,1
That lady isn't preferring there to be a pie stunning Cindy.,That lady isn't obligating there to be a pie stunning Cindy.,syntax_semantics,control_raising,existential_there_object_raising,True,False,True,False,523,-86.36431121826172,-94.03242492675781,1
These children want there to be an eye irritating Beverly.,These children badger there to be an eye irritating Beverly.,syntax_semantics,control_raising,existential_there_object_raising,True,False,True,False,524,-69.35845184326172,-79.38786315917969,1
Clyde judges there to be few hamsters disturbing Dennis.,Clyde spurs there to be few hamsters disturbing Dennis.,syntax_semantics,control_raising,existential_there_object_raising,True,False,True,False,525,-100.98126220703125,-106.64010620117188,1
Many sisters of Peter found there to be a lot of books about Winston Churchill disagreeing.,Many sisters of Peter compel there to be a lot of books about Winston Churchill disagreeing.,syntax_semantics,control_raising,existential_there_object_raising,True,False,True,False,526,-101.74559783935547,-111.02098083496094,1
Some library prefers there to be few skirts appearing.,Some library pressured there to be few skirts appearing.,syntax_semantics,control_raising,existential_there_object_raising,True,False,True,False,527,-74.91370391845703,-78.56634521484375,1
A grandson of Rose doesn't consider there to be a woman intending to drop by a lot of restaurants.,A grandson of Rose doesn't beg there to be a woman intending to drop by a lot of restaurants.,syntax_semantics,control_raising,existential_there_object_raising,True,False,True,False,528,-110.08172607421875,-112.53730773925781,1
Jane discovered there to be some photographs of the child boring Kayla.,Jane prods there to be some photographs of the child boring Kayla.,syntax_semantics,control_raising,existential_there_object_raising,True,False,True,False,529,-83.21357727050781,-93.62338256835938,1
Sherry's lawyer is wanting there to be few bikes confusing Denise.,Sherry's lawyer is pressing there to be few bikes confusing Denise.,syntax_semantics,control_raising,existential_there_object_raising,True,False,True,False,530,-103.27566528320312,-102.90769958496094,0
Wayne would find there to be some cousins of Jill weeping.,Wayne would entreat there to be some cousins of Jill weeping.,syntax_semantics,control_raising,existential_there_object_raising,True,False,True,False,531,-78.29290771484375,-84.76305389404297,1
These banks predict there to be more than three documentaries disagreeing.,These banks ask there to be more than three documentaries disagreeing.,syntax_semantics,control_raising,existential_there_object_raising,True,False,True,False,532,-83.2496337890625,-80.7333755493164,0
These legislatures declared there to be a unicycle looking like that drawing.,These legislatures force there to be a unicycle looking like that drawing.,syntax_semantics,control_raising,existential_there_object_raising,True,False,True,False,533,-87.08000183105469,-87.06678009033203,0
Kendra anticipates there to be many photographs boring Anna.,Kendra motivates there to be many photographs boring Anna.,syntax_semantics,control_raising,existential_there_object_raising,True,False,True,False,534,-93.41100311279297,-90.8463363647461,0
This bank needs there to be rice confusing Wendy.,This bank asks there to be rice confusing Wendy.,syntax_semantics,control_raising,existential_there_object_raising,True,False,True,False,535,-73.99755859375,-75.01930236816406,1
Christina was judging there to be a couch alarming Monet.,Christina was tempting there to be a couch alarming Monet.,syntax_semantics,control_raising,existential_there_object_raising,True,False,True,False,536,-81.36044311523438,-81.05433654785156,0
Diana isn't preferring there to be a friend of Walter climbing down all stairs.,Diana isn't tempting there to be a friend of Walter climbing down all stairs.,syntax_semantics,control_raising,existential_there_object_raising,True,False,True,False,537,-101.08531188964844,-98.94865417480469,0
Victoria can consider there to be a photograph of Carolyn impressing Katherine.,Victoria can prod there to be a photograph of Carolyn impressing Katherine.,syntax_semantics,control_raising,existential_there_object_raising,True,False,True,False,538,-87.90848541259766,-90.71739196777344,1
That woman expects there to be a vase distracting Derek.,That woman dared there to be a vase distracting Derek.,syntax_semantics,control_raising,existential_there_object_raising,True,False,True,False,539,-81.77766418457031,-80.23063659667969,0
The Borgias wouldn't believe there to be few pedestrians hoping to reunite.,The Borgias wouldn't order there to be few pedestrians hoping to reunite.,syntax_semantics,control_raising,existential_there_object_raising,True,False,True,False,540,-105.23831176757812,-113.1085433959961,1
Deborah hasn't predicted there to be many glasses shocking this museum.,Deborah hasn't advised there to be many glasses shocking this museum.,syntax_semantics,control_raising,existential_there_object_raising,True,False,True,False,541,-98.60575866699219,-98.11712646484375,0
Stephanie does predict there to be a painting of Martha falling.,Stephanie does beg there to be a painting of Martha falling.,syntax_semantics,control_raising,existential_there_object_raising,True,False,True,False,542,-89.81464385986328,-89.7197494506836,0
Stephanie has ascertained there to be more than three people conspiring.,Stephanie has prodded there to be more than three people conspiring.,syntax_semantics,control_raising,existential_there_object_raising,True,False,True,False,543,-87.19137573242188,-95.29747772216797,1
Richard's mothers declare there to be a blouse falling.,Richard's mothers encouraged there to be a blouse falling.,syntax_semantics,control_raising,existential_there_object_raising,True,False,True,False,544,-69.58699035644531,-70.7208480834961,1
Grace hadn't needed there to be a wheelbarrow stopping.,Grace hadn't forced there to be a wheelbarrow stopping.,syntax_semantics,control_raising,existential_there_object_raising,True,False,True,False,545,-86.78517150878906,-87.89322662353516,1
Catherine wasn't finding there to be a shawl shrinking.,Catherine wasn't enticing there to be a shawl shrinking.,syntax_semantics,control_raising,existential_there_object_raising,True,False,True,False,546,-76.97518157958984,-82.25361633300781,1
A woman ascertained there to be a customer complaining.,A woman encourages there to be a customer complaining.,syntax_semantics,control_raising,existential_there_object_raising,True,False,True,False,547,-69.41317749023438,-64.40886688232422,0
The Clintons prefer there to be universities selling the icicle.,The Clintons require there to be universities selling the icicle.,syntax_semantics,control_raising,existential_there_object_raising,True,False,True,False,548,-90.80138397216797,-90.14794921875,0
Tammy declared there to be customers leaving.,Tammy advises there to be customers leaving.,syntax_semantics,control_raising,existential_there_object_raising,True,False,True,False,549,-52.60388946533203,-59.3154411315918,1
Vincent's fathers discovered there to be a chair cracking.,Vincent's fathers oblige there to be a chair cracking.,syntax_semantics,control_raising,existential_there_object_raising,True,False,True,False,550,-76.05149841308594,-80.97650146484375,1
Kendra's mentors hadn't believed there to be steak worrying the Clintons.,Kendra's mentors hadn't convinced there to be steak worrying the Clintons.,syntax_semantics,control_raising,existential_there_object_raising,True,False,True,False,551,-110.54631805419922,-110.9991455078125,1
Some actresses find there to be a guest regretting the Borgias are talking.,Some actresses order there to be a guest regretting the Borgias are talking.,syntax_semantics,control_raising,existential_there_object_raising,True,False,True,False,552,-109.10643005371094,-108.52275085449219,0
Homer hadn't declared there to be few shawls warping.,Homer hadn't swayed there to be few shawls warping.,syntax_semantics,control_raising,existential_there_object_raising,True,False,True,False,553,-96.98808288574219,-100.26421356201172,1
The analyses expected there to be spotlights disappearing.,The analyses obligate there to be spotlights disappearing.,syntax_semantics,control_raising,existential_there_object_raising,True,False,True,False,554,-78.41741943359375,-89.44148254394531,1
Benjamin's podiatrists judge there to be a bike falling apart.,Benjamin's podiatrists required there to be a bike falling apart.,syntax_semantics,control_raising,existential_there_object_raising,True,False,True,False,555,-108.9110107421875,-109.1728744506836,1
Sheila's podiatrist had believed there to be a muffin confusing Matt.,Sheila's podiatrist had prompted there to be a muffin confusing Matt.,syntax_semantics,control_raising,existential_there_object_raising,True,False,True,False,556,-118.70425415039062,-124.18335723876953,1
Curtis's cousins were ascertaining there to be a lot of forks vanishing.,Curtis's cousins were entreating there to be a lot of forks vanishing.,syntax_semantics,control_raising,existential_there_object_raising,True,False,True,False,557,-105.62078857421875,-108.591552734375,1
Michael won't want there to be fewer than three men healing Derek.,Michael won't badger there to be fewer than three men healing Derek.,syntax_semantics,control_raising,existential_there_object_raising,True,False,True,False,558,-79.51205444335938,-91.36517333984375,1
Kenneth considered there to be no museums boring Debra.,Kenneth badgered there to be no museums boring Debra.,syntax_semantics,control_raising,existential_there_object_raising,True,False,True,False,559,-84.83839416503906,-93.89945220947266,1
Grace doesn't need there to be few computers annoying Wayne.,Grace doesn't motivate there to be few computers annoying Wayne.,syntax_semantics,control_raising,existential_there_object_raising,True,False,True,False,560,-83.6729736328125,-92.62066650390625,1
Many ladies hadn't anticipated there to be some waitresses disturbing Mitchell.,Many ladies hadn't prompted there to be some waitresses disturbing Mitchell.,syntax_semantics,control_raising,existential_there_object_raising,True,False,True,False,561,-108.1978759765625,-109.38911437988281,1
Renee isn't predicting there to be cafes annoying Larry.,Renee isn't enticing there to be cafes annoying Larry.,syntax_semantics,control_raising,existential_there_object_raising,True,False,True,False,562,-89.85968017578125,-91.24917602539062,1
The Borgias found there to be a candle disgusting Alicia.,The Borgias oblige there to be a candle disgusting Alicia.,syntax_semantics,control_raising,existential_there_object_raising,True,False,True,False,563,-80.45394897460938,-89.55339050292969,1
Rachel discovered there to be a high school existing.,Rachel advises there to be a high school existing.,syntax_semantics,control_raising,existential_there_object_raising,True,False,True,False,564,-55.051856994628906,-60.544944763183594,1
Becky's nephew isn't expecting there to be many plates bothering Rose.,Becky's nephew isn't requiring there to be many plates bothering Rose.,syntax_semantics,control_raising,existential_there_object_raising,True,False,True,False,565,-94.55992126464844,-97.73047637939453,1
Guy has considered there to be a mall impressing Winston Churchill.,Guy has prodded there to be a mall impressing Winston Churchill.,syntax_semantics,control_raising,existential_there_object_raising,True,False,True,False,566,-87.4095458984375,-101.37762451171875,1
Kimberley's grandmothers consider there to be no books about the Balkans disappearing.,Kimberley's grandmothers urge there to be no books about the Balkans disappearing.,syntax_semantics,control_raising,existential_there_object_raising,True,False,True,False,567,-106.80872344970703,-109.1552505493164,1
Rachel's friends found there to be a bike cracking.,Rachel's friends push there to be a bike cracking.,syntax_semantics,control_raising,existential_there_object_raising,True,False,True,False,568,-58.919246673583984,-60.455116271972656,1
Deanna wasn't anticipating there to be a ladder shocking Colleen.,Deanna wasn't prodding there to be a ladder shocking Colleen.,syntax_semantics,control_raising,existential_there_object_raising,True,False,True,False,569,-93.02906799316406,-100.73532104492188,1
Holly ascertained there to be many prints of some actresses confusing Brian.,Holly obligates there to be many prints of some actresses confusing Brian.,syntax_semantics,control_raising,existential_there_object_raising,True,False,True,False,570,-110.9309310913086,-115.95155334472656,1
Some guy anticipated there to be an actor bringing that sock.,Some guy dares there to be an actor bringing that sock.,syntax_semantics,control_raising,existential_there_object_raising,True,False,True,False,571,-80.15658569335938,-83.57198333740234,1
Curtis hasn't wanted there to be few paintings of Benjamin confusing Tara.,Curtis hasn't spurred there to be few paintings of Benjamin confusing Tara.,syntax_semantics,control_raising,existential_there_object_raising,True,False,True,False,572,-111.96339416503906,-116.44983673095703,1
Candice hasn't considered there to be fewer than three windows bothering Lucille.,Candice hasn't required there to be fewer than three windows bothering Lucille.,syntax_semantics,control_raising,existential_there_object_raising,True,False,True,False,573,-102.82892608642578,-102.52810668945312,0
Melissa had expected there to be many rugs aggravating Kevin.,Melissa had enticed there to be many rugs aggravating Kevin.,syntax_semantics,control_raising,existential_there_object_raising,True,False,True,False,574,-88.7785873413086,-96.1168212890625,1
Many organizations expect there to be a lot of malls upsetting Amy.,Many organizations require there to be a lot of malls upsetting Amy.,syntax_semantics,control_raising,existential_there_object_raising,True,False,True,False,575,-83.53720092773438,-82.94596862792969,0
Donald's partner wouldn't expect there to be a lady finding many dancers to argue.,Donald's partner wouldn't order there to be a lady finding many dancers to argue.,syntax_semantics,control_raising,existential_there_object_raising,True,False,True,False,576,-97.78492736816406,-101.28215026855469,1
Kendra isn't believing there to be a pie boring the Borgias.,Kendra isn't requiring there to be a pie boring the Borgias.,syntax_semantics,control_raising,existential_there_object_raising,True,False,True,False,577,-101.13784790039062,-105.65068054199219,1
The granddaughter of Galileo needed there to be fewer than three shawls confusing Nicole.,The granddaughter of Galileo prodded there to be fewer than three shawls confusing Nicole.,syntax_semantics,control_raising,existential_there_object_raising,True,False,True,False,578,-116.01460266113281,-126.76577758789062,1
That adult hasn't ascertained there to be more than three teachers refusing to hide most dancers.,That adult hasn't advised there to be more than three teachers refusing to hide most dancers.,syntax_semantics,control_raising,existential_there_object_raising,True,False,True,False,579,-124.36067962646484,-118.40138244628906,0
Cynthia shouldn't prefer there to be pasta astounding some dancer.,Cynthia shouldn't badger there to be pasta astounding some dancer.,syntax_semantics,control_raising,existential_there_object_raising,True,False,True,False,580,-106.04362487792969,-115.21019744873047,1
Carla's daughters are preferring there to be an actor slumping over.,Carla's daughters are urging there to be an actor slumping over.,syntax_semantics,control_raising,existential_there_object_raising,True,False,True,False,581,-95.39723205566406,-91.07329559326172,0
Lissa hadn't discovered there to be mountains disappearing.,Lissa hadn't implored there to be mountains disappearing.,syntax_semantics,control_raising,existential_there_object_raising,True,False,True,False,582,-75.67192077636719,-84.47968292236328,1
The teachers prefer there to be a mountain annoying Sherry.,The teachers convince there to be a mountain annoying Sherry.,syntax_semantics,control_raising,existential_there_object_raising,True,False,True,False,583,-78.4194107055664,-80.80726623535156,1
Melissa had ascertained there to be many lights wasting away.,Melissa had encouraged there to be many lights wasting away.,syntax_semantics,control_raising,existential_there_object_raising,True,False,True,False,584,-81.97254180908203,-77.62620544433594,0
Some fathers of Eric shouldn't need there to be few drawings bothering Joseph.,Some fathers of Eric shouldn't spur there to be few drawings bothering Joseph.,syntax_semantics,control_raising,existential_there_object_raising,True,False,True,False,585,-97.49246215820312,-106.08811950683594,1
Scott's dermatologists find there to be a fish finding a plate.,Scott's dermatologists asked there to be a fish finding a plate.,syntax_semantics,control_raising,existential_there_object_raising,True,False,True,False,586,-83.17361450195312,-82.25379180908203,0
Stephanie's best friends wanted there to be some pants crumpling.,Stephanie's best friends entreat there to be some pants crumpling.,syntax_semantics,control_raising,existential_there_object_raising,True,False,True,False,587,-95.11601257324219,-98.80436706542969,1
Daniel's cousin had wanted there to be few lights disgusting most banks.,Daniel's cousin had convinced there to be few lights disgusting most banks.,syntax_semantics,control_raising,existential_there_object_raising,True,False,True,False,588,-92.79804992675781,-93.13113403320312,1
Erin has predicted there to be more than three windows shutting.,Erin has induced there to be more than three windows shutting.,syntax_semantics,control_raising,existential_there_object_raising,True,False,True,False,589,-78.78523254394531,-78.30084228515625,0
Travis considered there to be a movie about Spain worrying Marcus.,Travis implores there to be a movie about Spain worrying Marcus.,syntax_semantics,control_raising,existential_there_object_raising,True,False,True,False,590,-89.76063537597656,-98.11726379394531,1
Every university judges there to be many cups disturbing Kendra.,Every university persuades there to be many cups disturbing Kendra.,syntax_semantics,control_raising,existential_there_object_raising,True,False,True,False,591,-92.31298065185547,-102.68800354003906,1
Many children hadn't ascertained there to be some cars disappearing.,Many children hadn't encouraged there to be some cars disappearing.,syntax_semantics,control_raising,existential_there_object_raising,True,False,True,False,592,-82.78634643554688,-76.03822326660156,0
Beth judges there to be glasses boring Alice.,Beth tempts there to be glasses boring Alice.,syntax_semantics,control_raising,existential_there_object_raising,True,False,True,False,593,-72.76582336425781,-80.46659851074219,1
Those museums should ascertain there to be many nephews of Deanna revealing Katherine.,Those museums should prod there to be many nephews of Deanna revealing Katherine.,syntax_semantics,control_raising,existential_there_object_raising,True,False,True,False,594,-115.9713134765625,-115.75894165039062,0
Naomi's cousins would consider there to be many doctors passing public parks.,Naomi's cousins would order there to be many doctors passing public parks.,syntax_semantics,control_raising,existential_there_object_raising,True,False,True,False,595,-99.6712875366211,-102.73585510253906,1
Ella needs there to be an essay about the Impressionists confusing Karla.,Ella advises there to be an essay about the Impressionists confusing Karla.,syntax_semantics,control_raising,existential_there_object_raising,True,False,True,False,596,-124.20985412597656,-129.68609619140625,1
Dan was finding there to be a print appearing.,Dan was motivating there to be a print appearing.,syntax_semantics,control_raising,existential_there_object_raising,True,False,True,False,597,-53.67435073852539,-58.343994140625,1
Daniel predicted there to be no books upsetting Deborah.,Daniel asked there to be no books upsetting Deborah.,syntax_semantics,control_raising,existential_there_object_raising,True,False,True,False,598,-69.22361755371094,-64.39634704589844,0
Some sisters of a waitress ascertain there to be fish aggravating Pamela.,Some sisters of a waitress pressured there to be fish aggravating Pamela.,syntax_semantics,control_raising,existential_there_object_raising,True,False,True,False,599,-99.41292572021484,-100.54800415039062,1
Russell predicts there to be a boy expecting Kathleen to ascend the stairs.,Russell commanded there to be a boy expecting Kathleen to ascend the stairs.,syntax_semantics,control_raising,existential_there_object_raising,True,False,True,False,600,-86.73388671875,-82.75874328613281,0
Dan found there to be many friends of Jennifer describing Amelia.,Dan prompts there to be many friends of Jennifer describing Amelia.,syntax_semantics,control_raising,existential_there_object_raising,True,False,True,False,601,-73.34913635253906,-83.26891326904297,1
Denise declares there to be a bank proving to waste away.,Denise convinced there to be a bank proving to waste away.,syntax_semantics,control_raising,existential_there_object_raising,True,False,True,False,602,-78.62686920166016,-79.74967956542969,1
Maria judged there to be a computer vanishing.,Maria encourages there to be a computer vanishing.,syntax_semantics,control_raising,existential_there_object_raising,True,False,True,False,603,-51.22291564941406,-53.93598175048828,1
William isn't wanting there to be more than three mothers of teachers upsetting Homer.,William isn't urging there to be more than three mothers of teachers upsetting Homer.,syntax_semantics,control_raising,existential_there_object_raising,True,False,True,False,604,-99.43485260009766,-100.72254943847656,1
Kimberley's nieces judge there to be fewer than three teenagers alarming George.,Kimberley's nieces pressured there to be fewer than three teenagers alarming George.,syntax_semantics,control_raising,existential_there_object_raising,True,False,True,False,605,-125.65940856933594,-129.93101501464844,1
A lot of brothers of those pedestrians discover there to be many waitresses failing to climb up stairs.,A lot of brothers of those pedestrians dared there to be many waitresses failing to climb up stairs.,syntax_semantics,control_raising,existential_there_object_raising,True,False,True,False,606,-130.176025390625,-130.3336181640625,1
Patricia's lawyer did judge there to be hair wasting away.,Patricia's lawyer did force there to be hair wasting away.,syntax_semantics,control_raising,existential_there_object_raising,True,False,True,False,607,-91.59561920166016,-91.81790924072266,1
All people would need there to be a jacket scaring Judy.,All people would order there to be a jacket scaring Judy.,syntax_semantics,control_raising,existential_there_object_raising,True,False,True,False,608,-73.24797821044922,-76.81364440917969,1
Richard has considered there to be a glacier shocking George.,Richard has entreated there to be a glacier shocking George.,syntax_semantics,control_raising,existential_there_object_raising,True,False,True,False,609,-69.11672973632812,-77.58131408691406,1
Gerald had considered there to be newspaper articles about literature vanishing.,Gerald had ordered there to be newspaper articles about literature vanishing.,syntax_semantics,control_raising,existential_there_object_raising,True,False,True,False,610,-94.79300689697266,-94.07234191894531,0
Most cousins of Rhonda need there to be a father of Allison driving to Spain.,Most cousins of Rhonda required there to be a father of Allison driving to Spain.,syntax_semantics,control_raising,existential_there_object_raising,True,False,True,False,611,-108.23875427246094,-109.2529525756836,1
Joel declares there to be fewer than three wheelbarrows tipping over.,Joel forced there to be fewer than three wheelbarrows tipping over.,syntax_semantics,control_raising,existential_there_object_raising,True,False,True,False,612,-97.31847381591797,-99.781005859375,1
Travis will predict there to be some cups scaring Derek.,Travis will prod there to be some cups scaring Derek.,syntax_semantics,control_raising,existential_there_object_raising,True,False,True,False,613,-85.36307525634766,-86.10433959960938,1
Most ladies had needed there to be a photograph of Florence disgusting every driver.,Most ladies had dared there to be a photograph of Florence disgusting every driver.,syntax_semantics,control_raising,existential_there_object_raising,True,False,True,False,614,-92.62200927734375,-92.33056640625,0
Allison could consider there to be daughters of Rodney falling asleep.,Allison could motivate there to be daughters of Rodney falling asleep.,syntax_semantics,control_raising,existential_there_object_raising,True,False,True,False,615,-85.57377624511719,-91.50566864013672,1
All guys' electricians expect there to be some prints of this sketch looking like some photographs.,All guys' electricians push there to be some prints of this sketch looking like some photographs.,syntax_semantics,control_raising,existential_there_object_raising,True,False,True,False,616,-129.07350158691406,-129.1330108642578,1
Jesus's sons declared there to be a tomato distracting Linda.,Jesus's sons oblige there to be a tomato distracting Linda.,syntax_semantics,control_raising,existential_there_object_raising,True,False,True,False,617,-78.32102966308594,-83.0517349243164,1
Clyde's French teachers anticipate there to be an actor needing Christopher to practice.,Clyde's French teachers prod there to be an actor needing Christopher to practice.,syntax_semantics,control_raising,existential_there_object_raising,True,False,True,False,618,-124.69873809814453,-123.24219512939453,0
Andrea needs there to be a grandson of Omar climbing down every hill.,Andrea badgers there to be a grandson of Omar climbing down every hill.,syntax_semantics,control_raising,existential_there_object_raising,True,False,True,False,619,-96.86172485351562,-109.68204498291016,1
Harvard University prefers there to be more than three cups worrying Joseph.,Harvard University swayed there to be more than three cups worrying Joseph.,syntax_semantics,control_raising,existential_there_object_raising,True,False,True,False,620,-93.34817504882812,-92.10879516601562,0
Jessica had predicted there to be no books hurting Frank.,Jessica had swayed there to be no books hurting Frank.,syntax_semantics,control_raising,existential_there_object_raising,True,False,True,False,621,-67.55083465576172,-69.4776611328125,1
Noah discovers there to be some doors looking like some drawing.,Noah convinces there to be some doors looking like some drawing.,syntax_semantics,control_raising,existential_there_object_raising,True,False,True,False,622,-77.22705078125,-85.19589233398438,1
A sister of the teacher isn't anticipating there to be some carts maneuvering.,A sister of the teacher isn't compelling there to be some carts maneuvering.,syntax_semantics,control_raising,existential_there_object_raising,True,False,True,False,623,-95.1910400390625,-94.93107604980469,0
Danielle wasn't judging there to be a man arriving at these mountains.,Danielle wasn't asking there to be a man arriving at these mountains.,syntax_semantics,control_raising,existential_there_object_raising,True,False,True,False,624,-83.82782745361328,-82.30029296875,0
Clyde needs there to be bikes worrying Nina.,Clyde commissions there to be bikes worrying Nina.,syntax_semantics,control_raising,existential_there_object_raising,True,False,True,False,625,-82.15779113769531,-84.57106018066406,1
An association considered there to be fewer than three students seeing.,An association swayed there to be fewer than three students seeing.,syntax_semantics,control_raising,existential_there_object_raising,True,False,True,False,626,-76.98883056640625,-80.01783752441406,1
The sisters of Julia wanted there to be a car bothering Brett.,The sisters of Julia beg there to be a car bothering Brett.,syntax_semantics,control_raising,existential_there_object_raising,True,False,True,False,627,-81.47012329101562,-85.42113494873047,1
Deborah's tutors anticipate there to be a box stunning Jennifer.,Deborah's tutors obliged there to be a box stunning Jennifer.,syntax_semantics,control_raising,existential_there_object_raising,True,False,True,False,628,-102.69003295898438,-101.42851257324219,0
This niece of Dan is believing there to be a lot of drivers examining every commentary.,This niece of Dan is commanding there to be a lot of drivers examining every commentary.,syntax_semantics,control_raising,existential_there_object_raising,True,False,True,False,629,-103.34761047363281,-106.88030242919922,1
Brian prefers there to be many hamsters disappearing.,Brian ordered there to be many hamsters disappearing.,syntax_semantics,control_raising,existential_there_object_raising,True,False,True,False,630,-67.30590057373047,-64.45976257324219,0
Steve can't judge there to be a movie theater vanishing.,Steve can't spur there to be a movie theater vanishing.,syntax_semantics,control_raising,existential_there_object_raising,True,False,True,False,631,-69.5133056640625,-73.30941009521484,1
This child ascertains there to be some sons of Regina disgusting Sally.,This child swayed there to be some sons of Regina disgusting Sally.,syntax_semantics,control_raising,existential_there_object_raising,True,False,True,False,632,-101.03658294677734,-90.08734893798828,0
That pedestrian anticipated there to be an actor saluting.,That pedestrian begged there to be an actor saluting.,syntax_semantics,control_raising,existential_there_object_raising,True,False,True,False,633,-74.90264892578125,-72.72486114501953,0
Winston Churchill judged there to be few trucks stunning Aaron.,Winston Churchill orders there to be few trucks stunning Aaron.,syntax_semantics,control_raising,existential_there_object_raising,True,False,True,False,634,-93.25894165039062,-94.2039794921875,1
Bruce hasn't declared there to be a commentary irritating a lot of dancers.,Bruce hasn't urged there to be a commentary irritating a lot of dancers.,syntax_semantics,control_raising,existential_there_object_raising,True,False,True,False,635,-89.23910522460938,-90.53770446777344,1
A child is needing there to be a public park annoying Tanya.,A child is swaying there to be a public park annoying Tanya.,syntax_semantics,control_raising,existential_there_object_raising,True,False,True,False,636,-88.38138580322266,-92.04061126708984,1
These cashiers prefer there to be beef stunning the doctor.,These cashiers persuaded there to be beef stunning the doctor.,syntax_semantics,control_raising,existential_there_object_raising,True,False,True,False,637,-89.44947814941406,-89.23458862304688,0
All schools should judge there to be rice distracting Kendra.,All schools should push there to be rice distracting Kendra.,syntax_semantics,control_raising,existential_there_object_raising,True,False,True,False,638,-90.20808410644531,-90.76673889160156,1
Caroline had anticipated there to be some snakes upsetting William.,Caroline had obligated there to be some snakes upsetting William.,syntax_semantics,control_raising,existential_there_object_raising,True,False,True,False,639,-80.08982849121094,-85.09761047363281,1
Many guests anticipated there to be a girl compelling Carl's handyman to fall.,Many guests press there to be a girl compelling Carl's handyman to fall.,syntax_semantics,control_raising,existential_there_object_raising,True,False,True,False,640,-103.19407653808594,-101.61469268798828,0
Some mothers of Russell discover there to be no shoes looking like every painting.,Some mothers of Russell persuade there to be no shoes looking like every painting.,syntax_semantics,control_raising,existential_there_object_raising,True,False,True,False,641,-100.13008117675781,-101.90707397460938,1
Ellen had preferred there to be a friend of Jesus trying to hunt.,Ellen had implored there to be a friend of Jesus trying to hunt.,syntax_semantics,control_raising,existential_there_object_raising,True,False,True,False,642,-71.74901580810547,-78.350830078125,1
These pedestrians will consider there to be a documentary about Monet distracting the school.,These pedestrians will induce there to be a documentary about Monet distracting the school.,syntax_semantics,control_raising,existential_there_object_raising,True,False,True,False,643,-104.25279235839844,-105.3763427734375,1
Omar discovers there to be no libraries criticizing a lot of public parks.,Omar badgers there to be no libraries criticizing a lot of public parks.,syntax_semantics,control_raising,existential_there_object_raising,True,False,True,False,644,-95.96346282958984,-108.1245346069336,1
Homer's dentists were considering there to be no schools worrying Debra.,Homer's dentists were motivating there to be no schools worrying Debra.,syntax_semantics,control_raising,existential_there_object_raising,True,False,True,False,645,-108.25287628173828,-114.71454620361328,1
The grandfather of Kayla can prefer there to be a legislature advising Ronald to descend some hill.,The grandfather of Kayla can implore there to be a legislature advising Ronald to descend some hill.,syntax_semantics,control_raising,existential_there_object_raising,True,False,True,False,646,-139.04464721679688,-147.682373046875,1
Michael's hairdressers anticipate there to be a mother of Vincent moving.,Michael's hairdressers implored there to be a mother of Vincent moving.,syntax_semantics,control_raising,existential_there_object_raising,True,False,True,False,647,-95.72940063476562,-97.29228210449219,1
Jerry believed there to be bicycles slowing.,Jerry requires there to be bicycles slowing.,syntax_semantics,control_raising,existential_there_object_raising,True,False,True,False,648,-55.107200622558594,-58.17729187011719,1
Gerald should want there to be a picture of ice cream embarrassing this senator.,Gerald should press there to be a picture of ice cream embarrassing this senator.,syntax_semantics,control_raising,existential_there_object_raising,True,False,True,False,649,-88.20600891113281,-89.98074340820312,1
A lot of daughters of Heather weren't finding there to be a teenager cleaning a lot of reports.,A lot of daughters of Heather weren't motivating there to be a teenager cleaning a lot of reports.,syntax_semantics,control_raising,existential_there_object_raising,True,False,True,False,650,-114.00611877441406,-118.35421752929688,1
Candice hasn't anticipated there to be few cats distracting Kathleen.,Candice hasn't commanded there to be few cats distracting Kathleen.,syntax_semantics,control_raising,existential_there_object_raising,True,False,True,False,651,-93.74063110351562,-92.17503356933594,0
Some teenager has needed there to be a fork slipping.,Some teenager has urged there to be a fork slipping.,syntax_semantics,control_raising,existential_there_object_raising,True,False,True,False,652,-69.02764129638672,-70.04395294189453,1
Ellen's ex-wife should ascertain there to be a mouth aggravating Laurie.,Ellen's ex-wife should press there to be a mouth aggravating Laurie.,syntax_semantics,control_raising,existential_there_object_raising,True,False,True,False,653,-104.96591186523438,-101.72322082519531,0
Many grandsons of every waiter hadn't believed there to be many waitresses prodding Steve to break the mirrors.,Many grandsons of every waiter hadn't obligated there to be many waitresses prodding Steve to break the mirrors.,syntax_semantics,control_raising,existential_there_object_raising,True,False,True,False,654,-172.754150390625,-179.186767578125,1
Jane's cousin has ascertained there to be a documentary scaring Sharon.,Jane's cousin has obligated there to be a documentary scaring Sharon.,syntax_semantics,control_raising,existential_there_object_raising,True,False,True,False,655,-88.54417419433594,-87.66429901123047,0
Those children's dermatologists don't predict there to be a sister of Teresa climbing down some ladders.,Those children's dermatologists don't sway there to be a sister of Teresa climbing down some ladders.,syntax_semantics,control_raising,existential_there_object_raising,True,False,True,False,656,-125.39535522460938,-127.58271026611328,1
Ann's associates need there to be fewer than three coats flattening.,Ann's associates ask there to be fewer than three coats flattening.,syntax_semantics,control_raising,existential_there_object_raising,True,False,True,False,657,-91.89051818847656,-93.02949523925781,1
Some customers anticipate there to be a doctor upsetting Natalie.,Some customers swayed there to be a doctor upsetting Natalie.,syntax_semantics,control_raising,existential_there_object_raising,True,False,True,False,658,-78.47498321533203,-78.0364990234375,0
Janet had discovered there to be a lot of wheelbarrows cracking.,Janet had urged there to be a lot of wheelbarrows cracking.,syntax_semantics,control_raising,existential_there_object_raising,True,False,True,False,659,-83.20713806152344,-86.5706558227539,1
Becky hadn't preferred there to be commentaries bothering Lisa.,Becky hadn't tempted there to be commentaries bothering Lisa.,syntax_semantics,control_raising,existential_there_object_raising,True,False,True,False,660,-91.9646224975586,-92.74775695800781,1
Doctors prefer there to be a truck cracking.,Doctors beg there to be a truck cracking.,syntax_semantics,control_raising,existential_there_object_raising,True,False,True,False,661,-54.43987274169922,-54.44798278808594,1
Omar was considering there to be some pictures of Melinda looking like some picture.,Omar was obliging there to be some pictures of Melinda looking like some picture.,syntax_semantics,control_raising,existential_there_object_raising,True,False,True,False,662,-98.25960540771484,-103.92747497558594,1
That grandfather of Julie preferred there to be grandmothers of Margaret complaining.,That grandfather of Julie prompted there to be grandmothers of Margaret complaining.,syntax_semantics,control_raising,existential_there_object_raising,True,False,True,False,663,-99.24070739746094,-99.97562408447266,1
These guys' colleague had declared there to be a hat disgusting dancers.,These guys' colleague had forced there to be a hat disgusting dancers.,syntax_semantics,control_raising,existential_there_object_raising,True,False,True,False,664,-88.91891479492188,-92.04841613769531,1
Every legislature predicted there to be a shirt disgusting Russell.,Every legislature forces there to be a shirt disgusting Russell.,syntax_semantics,control_raising,existential_there_object_raising,True,False,True,False,665,-77.28366088867188,-76.76029968261719,0
Carol did declare there to be an actress wondering who healed most boys.,Carol did push there to be an actress wondering who healed most boys.,syntax_semantics,control_raising,existential_there_object_raising,True,False,True,False,666,-99.20391082763672,-97.1424560546875,0
Carrie isn't declaring there to be a closet bothering Patricia.,Carrie isn't obligating there to be a closet bothering Patricia.,syntax_semantics,control_raising,existential_there_object_raising,True,False,True,False,667,-84.27389526367188,-94.53652954101562,1
Many senators' ex-boyfriend finds there to be no windows boring Christine.,Many senators' ex-boyfriend implores there to be no windows boring Christine.,syntax_semantics,control_raising,existential_there_object_raising,True,False,True,False,668,-121.13123321533203,-129.2021942138672,1
Naomi hasn't believed there to be a popsicle evaporating.,Naomi hasn't induced there to be a popsicle evaporating.,syntax_semantics,control_raising,existential_there_object_raising,True,False,True,False,669,-84.60940551757812,-87.8759765625,1
Bill predicts there to be a ladder vanishing.,Bill obligates there to be a ladder vanishing.,syntax_semantics,control_raising,existential_there_object_raising,True,False,True,False,670,-56.134857177734375,-66.46826171875,1
Brenda did consider there to be a bike hurting Matt.,Brenda did persuade there to be a bike hurting Matt.,syntax_semantics,control_raising,existential_there_object_raising,True,False,True,False,671,-73.98672485351562,-75.2302474975586,1
Kevin's boyfriend isn't preferring there to be cashiers yelling.,Kevin's boyfriend isn't swaying there to be cashiers yelling.,syntax_semantics,control_raising,existential_there_object_raising,True,False,True,False,672,-84.14285278320312,-84.14938354492188,1
Sharon's mentees judge there to be no committees convincing these cousins of Cindy to weep.,Sharon's mentees entreat there to be no committees convincing these cousins of Cindy to weep.,syntax_semantics,control_raising,existential_there_object_raising,True,False,True,False,673,-144.3793487548828,-147.68206787109375,1
Carol wasn't believing there to be cilantro blackening.,Carol wasn't asking there to be cilantro blackening.,syntax_semantics,control_raising,existential_there_object_raising,True,False,True,False,674,-83.87096405029297,-84.93869018554688,1
Kirsten's contractor anticipates there to be more than three boxes scaring Amy.,Kirsten's contractor pressed there to be more than three boxes scaring Amy.,syntax_semantics,control_raising,existential_there_object_raising,True,False,True,False,675,-116.75194549560547,-106.57437133789062,0
Steve wouldn't find there to be a hospital explaining everything.,Steve wouldn't implore there to be a hospital explaining everything.,syntax_semantics,control_raising,existential_there_object_raising,True,False,True,False,676,-60.791770935058594,-74.85613250732422,1
Victoria's French teachers haven't considered there to be no cars appearing.,Victoria's French teachers haven't pushed there to be no cars appearing.,syntax_semantics,control_raising,existential_there_object_raising,True,False,True,False,677,-85.07563781738281,-85.06996154785156,0
Thomas's ex-husband finds there to be a senator investigating Scott.,Thomas's ex-husband asked there to be a senator investigating Scott.,syntax_semantics,control_raising,existential_there_object_raising,True,False,True,False,678,-88.71665954589844,-86.11044311523438,0
This driver ascertained there to be some actresses expecting Richard to litter.,This driver entices there to be some actresses expecting Richard to litter.,syntax_semantics,control_raising,existential_there_object_raising,True,False,True,False,679,-105.47554016113281,-104.92107391357422,0
Rose needs there to be a legislature investigating who talks about every patient.,Rose required there to be a legislature investigating who talks about every patient.,syntax_semantics,control_raising,existential_there_object_raising,True,False,True,False,680,-90.59986114501953,-91.35881805419922,1
Grace's friends found there to be a print vanishing.,Grace's friends induce there to be a print vanishing.,syntax_semantics,control_raising,existential_there_object_raising,True,False,True,False,681,-70.56377410888672,-79.03705596923828,1
Barbara has found there to be a horse embarrassing Jason.,Barbara has induced there to be a horse embarrassing Jason.,syntax_semantics,control_raising,existential_there_object_raising,True,False,True,False,682,-69.47987365722656,-75.43647766113281,1
Jane needed there to be no legislatures boring Margaret.,Jane asked there to be no legislatures boring Margaret.,syntax_semantics,control_raising,existential_there_object_raising,True,False,True,False,683,-73.4896469116211,-69.10264587402344,0
The woman doesn't ascertain there to be a sock stretching.,The woman doesn't prod there to be a sock stretching.,syntax_semantics,control_raising,existential_there_object_raising,True,False,True,False,684,-70.38496398925781,-69.5152587890625,0
Kristen was believing there to be some eyes existing.,Kristen was swaying there to be some eyes existing.,syntax_semantics,control_raising,existential_there_object_raising,True,False,True,False,685,-62.78740692138672,-69.89813232421875,1
Eva found there to be no teachers advising the people to work hard.,Eva dares there to be no teachers advising the people to work hard.,syntax_semantics,control_raising,existential_there_object_raising,True,False,True,False,686,-79.46678924560547,-89.37408447265625,1
Sabrina can anticipate there to be a horse falling.,Sabrina can prompt there to be a horse falling.,syntax_semantics,control_raising,existential_there_object_raising,True,False,True,False,687,-63.83921813964844,-63.707550048828125,0
Winston Churchill's student discovered there to be a play bothering Kimberley.,Winston Churchill's student encourages there to be a play bothering Kimberley.,syntax_semantics,control_raising,existential_there_object_raising,True,False,True,False,688,-97.92849731445312,-101.06629180908203,1
Samuel hadn't wanted there to be ice upsetting Gary.,Samuel hadn't commissioned there to be ice upsetting Gary.,syntax_semantics,control_raising,existential_there_object_raising,True,False,True,False,689,-81.0955810546875,-85.76528930664062,1
Stephen declares there to be some mushrooms aggravating Florence.,Stephen pressures there to be some mushrooms aggravating Florence.,syntax_semantics,control_raising,existential_there_object_raising,True,False,True,False,690,-71.84220886230469,-74.885498046875,1
Ann's grandmother preferred there to be fewer than three grocery stores impressing Regina.,Ann's grandmother commissioned there to be fewer than three grocery stores impressing Regina.,syntax_semantics,control_raising,existential_there_object_raising,True,False,True,False,691,-116.41238403320312,-118.11033630371094,1
This actress can discover there to be a lamp scaring Janet.,This actress can commission there to be a lamp scaring Janet.,syntax_semantics,control_raising,existential_there_object_raising,True,False,True,False,692,-82.71863555908203,-86.75928497314453,1
Lori wants there to be a lot of college campuses impressing Jerry.,Lori pressures there to be a lot of college campuses impressing Jerry.,syntax_semantics,control_raising,existential_there_object_raising,True,False,True,False,693,-97.69466400146484,-101.64356994628906,1
Carrie won't prefer there to be fewer than three plays hurting that customer.,Carrie won't order there to be fewer than three plays hurting that customer.,syntax_semantics,control_raising,existential_there_object_raising,True,False,True,False,694,-101.46345520019531,-101.32939147949219,0
Harvard University hadn't predicted there to be a show about Winston Churchill distracting a guy.,Harvard University hadn't induced there to be a show about Winston Churchill distracting a guy.,syntax_semantics,control_raising,existential_there_object_raising,True,False,True,False,695,-127.75083923339844,-128.21176147460938,1
Some hospitals want there to be few dresses shocking the dancer.,Some hospitals sway there to be few dresses shocking the dancer.,syntax_semantics,control_raising,existential_there_object_raising,True,False,True,False,696,-84.4072265625,-87.84172058105469,1
Barbara's son believes there to be a unicycle looking like all prints.,Barbara's son advises there to be a unicycle looking like all prints.,syntax_semantics,control_raising,existential_there_object_raising,True,False,True,False,697,-100.02676391601562,-107.04979705810547,1
Donna hadn't predicted there to be many reports about current events stunning many customers.,Donna hadn't implored there to be many reports about current events stunning many customers.,syntax_semantics,control_raising,existential_there_object_raising,True,False,True,False,698,-118.42987060546875,-126.83194732666016,1
Aaron's nieces would discover there to be no commentaries hurting April.,Aaron's nieces would encourage there to be no commentaries hurting April.,syntax_semantics,control_raising,existential_there_object_raising,True,False,True,False,699,-109.53740692138672,-113.05657958984375,1
Edward believes there to be a lot of gloves impressing April.,Edward obliged there to be a lot of gloves impressing April.,syntax_semantics,control_raising,existential_there_object_raising,True,False,True,False,700,-75.56135559082031,-79.77289581298828,1
Most organizations discovered there to be a lot of turtles confusing Becky.,Most organizations persuade there to be a lot of turtles confusing Becky.,syntax_semantics,control_raising,existential_there_object_raising,True,False,True,False,701,-81.26026153564453,-86.28113555908203,1
Sabrina ascertained there to be a chair slipping.,Sabrina convinces there to be a chair slipping.,syntax_semantics,control_raising,existential_there_object_raising,True,False,True,False,702,-68.07435607910156,-69.12393951416016,1
Leslie was finding there to be no documentaries irritating Denise.,Leslie was requiring there to be no documentaries irritating Denise.,syntax_semantics,control_raising,existential_there_object_raising,True,False,True,False,703,-85.38758850097656,-89.4105224609375,1
Kathleen's classmate discovered there to be few stories alarming the doctor.,Kathleen's classmate begs there to be few stories alarming the doctor.,syntax_semantics,control_raising,existential_there_object_raising,True,False,True,False,704,-104.79818725585938,-108.29818725585938,1
Rhonda hasn't considered there to be a screen alarming Harvard University.,Rhonda hasn't ordered there to be a screen alarming Harvard University.,syntax_semantics,control_raising,existential_there_object_raising,True,False,True,False,705,-91.90261840820312,-91.61601257324219,0
The Impressionists wanted there to be few adults realizing who breaks the mirror.,The Impressionists motivate there to be few adults realizing who breaks the mirror.,syntax_semantics,control_raising,existential_there_object_raising,True,False,True,False,706,-116.23727416992188,-122.34205627441406,1
William anticipated there to be a commentary disgusting these legislatures.,William begged there to be a commentary disgusting these legislatures.,syntax_semantics,control_raising,existential_there_object_raising,True,False,True,False,707,-80.12339782714844,-77.47540283203125,0
Suzanne judged there to be many dogs wasting away.,Suzanne urged there to be many dogs wasting away.,syntax_semantics,control_raising,existential_there_object_raising,True,False,True,False,708,-77.99703979492188,-77.41612243652344,0
Kenneth was considering there to be a teacher cooking.,Kenneth was obliging there to be a teacher cooking.,syntax_semantics,control_raising,existential_there_object_raising,True,False,True,False,709,-56.15190887451172,-62.28601837158203,1
Many ladies declare there to be fewer than three skateboards distracting Mark.,Many ladies badgered there to be fewer than three skateboards distracting Mark.,syntax_semantics,control_raising,existential_there_object_raising,True,False,True,False,710,-102.40550994873047,-112.23324584960938,1
Sherry's granddaughter wasn't predicting there to be a cup scaring Douglas.,Sherry's granddaughter wasn't requiring there to be a cup scaring Douglas.,syntax_semantics,control_raising,existential_there_object_raising,True,False,True,False,711,-101.47492980957031,-100.95857238769531,0
That doctor discovers there to be a drawing of Tiffany upsetting Curtis.,That doctor requires there to be a drawing of Tiffany upsetting Curtis.,syntax_semantics,control_raising,existential_there_object_raising,True,False,True,False,712,-92.16150665283203,-91.76431274414062,0
Tammy hadn't anticipated there to be ice boring Sonia.,Tammy hadn't pressured there to be ice boring Sonia.,syntax_semantics,control_raising,existential_there_object_raising,True,False,True,False,713,-78.74362182617188,-80.79246520996094,1
A patient's electrician can't need there to be a glove annoying those guests.,A patient's electrician can't command there to be a glove annoying those guests.,syntax_semantics,control_raising,existential_there_object_raising,True,False,True,False,714,-105.36773681640625,-110.9044418334961,1
Universities discovered there to be a carriage rusting.,Universities convince there to be a carriage rusting.,syntax_semantics,control_raising,existential_there_object_raising,True,False,True,False,715,-74.9493408203125,-80.05561828613281,1
Edward's colleagues can't consider there to be a rabbit scaring Becca.,Edward's colleagues can't ask there to be a rabbit scaring Becca.,syntax_semantics,control_raising,existential_there_object_raising,True,False,True,False,716,-87.69879913330078,-85.49505615234375,0
Most brothers of Curtis want there to be a government wondering who will pass a school.,Most brothers of Curtis entreat there to be a government wondering who will pass a school.,syntax_semantics,control_raising,existential_there_object_raising,True,False,True,False,717,-102.161865234375,-107.3779296875,1
Colleen can want there to be few photographs disgusting Paula.,Colleen can urge there to be few photographs disgusting Paula.,syntax_semantics,control_raising,existential_there_object_raising,True,False,True,False,718,-84.70476531982422,-88.72055053710938,1
Many senators are discovering there to be no eyes wasting away.,Many senators are requiring there to be no eyes wasting away.,syntax_semantics,control_raising,existential_there_object_raising,True,False,True,False,719,-78.46923065185547,-80.27961730957031,1
Deanna wasn't considering there to be a mushroom falling.,Deanna wasn't asking there to be a mushroom falling.,syntax_semantics,control_raising,existential_there_object_raising,True,False,True,False,720,-66.31670379638672,-66.99514770507812,1
These ladies are anticipating there to be a story distracting Frank.,These ladies are motivating there to be a story distracting Frank.,syntax_semantics,control_raising,existential_there_object_raising,True,False,True,False,721,-74.31570434570312,-74.68994903564453,1
Winston Churchill did judge there to be a cat existing.,Winston Churchill did advise there to be a cat existing.,syntax_semantics,control_raising,existential_there_object_raising,True,False,True,False,722,-78.47564697265625,-79.18494415283203,1
Every mother of Matt wasn't preferring there to be a glove drying.,Every mother of Matt wasn't obligating there to be a glove drying.,syntax_semantics,control_raising,existential_there_object_raising,True,False,True,False,723,-86.7581787109375,-94.10102844238281,1
Some niece of Daniel wouldn't need there to be more than three muffins vanishing.,Some niece of Daniel wouldn't entice there to be more than three muffins vanishing.,syntax_semantics,control_raising,existential_there_object_raising,True,False,True,False,724,-96.26809692382812,-108.98948669433594,1
Carl has anticipated there to be fewer than three students collaborating.,Carl has spurred there to be fewer than three students collaborating.,syntax_semantics,control_raising,existential_there_object_raising,True,False,True,False,725,-75.88304138183594,-78.15699768066406,1
Naomi can't consider there to be a rabbit leaving.,Naomi can't badger there to be a rabbit leaving.,syntax_semantics,control_raising,existential_there_object_raising,True,False,True,False,726,-65.45099639892578,-74.39692687988281,1
Some actresses believed there to be no museums pressuring Ronald to smile.,Some actresses dare there to be no museums pressuring Ronald to smile.,syntax_semantics,control_raising,existential_there_object_raising,True,False,True,False,727,-100.1249008178711,-106.06190490722656,1
A lot of daughters of Carrie have judged there to be few glasses disappearing.,A lot of daughters of Carrie have entreated there to be few glasses disappearing.,syntax_semantics,control_raising,existential_there_object_raising,True,False,True,False,728,-98.48185729980469,-106.13739013671875,1
Andrew isn't believing there to be art galleries confusing Victoria.,Andrew isn't prodding there to be art galleries confusing Victoria.,syntax_semantics,control_raising,existential_there_object_raising,True,False,True,False,729,-85.99658203125,-97.63436889648438,1
Patricia wouldn't declare there to be a box worrying every teenager.,Patricia wouldn't implore there to be a box worrying every teenager.,syntax_semantics,control_raising,existential_there_object_raising,True,False,True,False,730,-90.24520111083984,-99.71724700927734,1
Meredith has discovered there to be a horse annoying Emily.,Meredith has prompted there to be a horse annoying Emily.,syntax_semantics,control_raising,existential_there_object_raising,True,False,True,False,731,-75.45572662353516,-80.00475311279297,1
Martin isn't discovering there to be a cat aggravating Guy.,Martin isn't pressing there to be a cat aggravating Guy.,syntax_semantics,control_raising,existential_there_object_raising,True,False,True,False,732,-74.0020751953125,-73.58084106445312,0
Douglas would judge there to be a fork appearing.,Douglas would oblige there to be a fork appearing.,syntax_semantics,control_raising,existential_there_object_raising,True,False,True,False,733,-66.88014221191406,-71.39952850341797,1
This grandson of Timothy had ascertained there to be bread falling.,This grandson of Timothy had pushed there to be bread falling.,syntax_semantics,control_raising,existential_there_object_raising,True,False,True,False,734,-82.78400421142578,-74.86466217041016,0
All men believed there to be more than three libraries wanting to upset Raymond.,All men implore there to be more than three libraries wanting to upset Raymond.,syntax_semantics,control_raising,existential_there_object_raising,True,False,True,False,735,-92.15805053710938,-102.89334869384766,1
Larry didn't judge there to be a casserole worrying Wayne.,Larry didn't entice there to be a casserole worrying Wayne.,syntax_semantics,control_raising,existential_there_object_raising,True,False,True,False,736,-86.81224060058594,-94.5926513671875,1
Denise discovered there to be an eggplant burning.,Denise motivated there to be an eggplant burning.,syntax_semantics,control_raising,existential_there_object_raising,True,False,True,False,737,-68.43185424804688,-71.06268310546875,1
All drivers believed there to be no cars irritating Beverly.,All drivers implore there to be no cars irritating Beverly.,syntax_semantics,control_raising,existential_there_object_raising,True,False,True,False,738,-79.18218994140625,-89.89666748046875,1
Wendy believed there to be many chairs hurting Joseph.,Wendy commands there to be many chairs hurting Joseph.,syntax_semantics,control_raising,existential_there_object_raising,True,False,True,False,739,-75.06094360351562,-77.65011596679688,1
Amanda wasn't anticipating there to be more than three hats vanishing.,Amanda wasn't pressing there to be more than three hats vanishing.,syntax_semantics,control_raising,existential_there_object_raising,True,False,True,False,740,-88.54342651367188,-86.83511352539062,0
Stephanie's handymen did want there to be a tomato bothering some actresses.,Stephanie's handymen did implore there to be a tomato bothering some actresses.,syntax_semantics,control_raising,existential_there_object_raising,True,False,True,False,741,-116.22918701171875,-126.83871459960938,1
Every person's ex-girlfriends declare there to be fewer than three cars stunning Michelle.,Every person's ex-girlfriends push there to be fewer than three cars stunning Michelle.,syntax_semantics,control_raising,existential_there_object_raising,True,False,True,False,742,-121.26434326171875,-120.17121887207031,0
Leslie's cousins needed there to be a glacier freezing.,Leslie's cousins push there to be a glacier freezing.,syntax_semantics,control_raising,existential_there_object_raising,True,False,True,False,743,-76.19190979003906,-76.91827392578125,1
Carlos wasn't considering there to be a lot of rivers disgusting every woman.,Carlos wasn't spurring there to be a lot of rivers disgusting every woman.,syntax_semantics,control_raising,existential_there_object_raising,True,False,True,False,744,-87.31929016113281,-98.29278564453125,1
Brian had considered there to be an icicle disappearing.,Brian had spurred there to be an icicle disappearing.,syntax_semantics,control_raising,existential_there_object_raising,True,False,True,False,745,-64.92529296875,-68.25106811523438,1
The father of Kristen predicts there to be a mouth aggravating Sonia.,The father of Kristen urges there to be a mouth aggravating Sonia.,syntax_semantics,control_raising,existential_there_object_raising,True,False,True,False,746,-91.51242065429688,-91.46249389648438,0
Some government is ascertaining there to be a pepper impressing Marla.,Some government is advising there to be a pepper impressing Marla.,syntax_semantics,control_raising,existential_there_object_raising,True,False,True,False,747,-96.23177337646484,-88.61328125,0
All customers can't want there to be no art galleries impressing all guys.,All customers can't prompt there to be no art galleries impressing all guys.,syntax_semantics,control_raising,existential_there_object_raising,True,False,True,False,748,-104.84769439697266,-111.01303100585938,1
Holly does believe there to be many glasses confusing Denise.,Holly does compel there to be many glasses confusing Denise.,syntax_semantics,control_raising,existential_there_object_raising,True,False,True,False,749,-83.42315673828125,-90.7498779296875,1
Travis anticipates there to be a guy disgusting Carmen.,Travis spurs there to be a guy disgusting Carmen.,syntax_semantics,control_raising,existential_there_object_raising,True,False,True,False,750,-84.46530151367188,-77.51580810546875,0
Julia ascertained there to be a sketch looking like that water.,Julia induces there to be a sketch looking like that water.,syntax_semantics,control_raising,existential_there_object_raising,True,False,True,False,751,-78.11141967773438,-71.38920593261719,0
Chad won't discover there to be a jacket wasting away.,Chad won't urge there to be a jacket wasting away.,syntax_semantics,control_raising,existential_there_object_raising,True,False,True,False,752,-73.02401733398438,-76.13910675048828,1
Noah had considered there to be a unicycle boring Connie.,Noah had dared there to be a unicycle boring Connie.,syntax_semantics,control_raising,existential_there_object_raising,True,False,True,False,753,-87.65315246582031,-88.24239349365234,1
Galileo had predicted there to be documentaries about travel bothering most libraries.,Galileo had advised there to be documentaries about travel bothering most libraries.,syntax_semantics,control_raising,existential_there_object_raising,True,False,True,False,754,-108.29460144042969,-110.56907653808594,1
Claire's supervisor isn't expecting there to be more than three boys failing to praise these pedestrians.,Claire's supervisor isn't prodding there to be more than three boys failing to praise these pedestrians.,syntax_semantics,control_raising,existential_there_object_raising,True,False,True,False,755,-123.24415588378906,-132.60626220703125,1
Nina wasn't declaring there to be a sister of that patient firing Rodney.,Nina wasn't enticing there to be a sister of that patient firing Rodney.,syntax_semantics,control_raising,existential_there_object_raising,True,False,True,False,756,-96.8169937133789,-100.61347961425781,1
Noah ascertains there to be a grocery store shocking some person.,Noah pressured there to be a grocery store shocking some person.,syntax_semantics,control_raising,existential_there_object_raising,True,False,True,False,757,-94.64293670654297,-87.62416076660156,0
Rachel's supervisors do ascertain there to be many lights disappearing.,Rachel's supervisors do persuade there to be many lights disappearing.,syntax_semantics,control_raising,existential_there_object_raising,True,False,True,False,758,-86.93623352050781,-86.53782653808594,0
Beverly's friend does find there to be fewer than three high schools aggravating Alice.,Beverly's friend does entreat there to be fewer than three high schools aggravating Alice.,syntax_semantics,control_raising,existential_there_object_raising,True,False,True,False,759,-125.23588562011719,-126.4349136352539,1
Allison anticipated there to be a brother of Christine speaking up.,Allison urged there to be a brother of Christine speaking up.,syntax_semantics,control_raising,existential_there_object_raising,True,False,True,False,760,-82.87139129638672,-80.82917785644531,0
Cynthia had predicted there to be a closet vanishing.,Cynthia had entreated there to be a closet vanishing.,syntax_semantics,control_raising,existential_there_object_raising,True,False,True,False,761,-79.01277160644531,-87.21244812011719,1
Melissa had ascertained there to be no tomatoes scaring Kenneth.,Melissa had convinced there to be no tomatoes scaring Kenneth.,syntax_semantics,control_raising,existential_there_object_raising,True,False,True,False,762,-87.88716888427734,-82.1632080078125,0
William's sister wants there to be a grandmother of Cindy complaining.,William's sister induces there to be a grandmother of Cindy complaining.,syntax_semantics,control_raising,existential_there_object_raising,True,False,True,False,763,-76.02586364746094,-80.78614044189453,1
Donna's classmate might discover there to be a lot of steps existing.,Donna's classmate might prompt there to be a lot of steps existing.,syntax_semantics,control_raising,existential_there_object_raising,True,False,True,False,764,-88.18689727783203,-92.9006576538086,1
Alicia's tutors predict there to be few dresses vanishing.,Alicia's tutors forced there to be few dresses vanishing.,syntax_semantics,control_raising,existential_there_object_raising,True,False,True,False,765,-103.13683319091797,-101.77042388916016,0
Samuel's oncologists aren't preferring there to be more than three senators boasting.,Samuel's oncologists aren't advising there to be more than three senators boasting.,syntax_semantics,control_raising,existential_there_object_raising,True,False,True,False,766,-119.58755493164062,-119.32926177978516,0
These schools find there to be a painting of Janice looking like a boy.,These schools motivate there to be a painting of Janice looking like a boy.,syntax_semantics,control_raising,existential_there_object_raising,True,False,True,False,767,-88.15512084960938,-94.04057312011719,1
Paula's ex-girlfriends ascertained there to be actresses vanishing.,Paula's ex-girlfriends motivate there to be actresses vanishing.,syntax_semantics,control_raising,existential_there_object_raising,True,False,True,False,768,-105.08309936523438,-103.39979553222656,0
Sharon's ex-wives aren't wanting there to be no pants unfolding.,Sharon's ex-wives aren't requiring there to be no pants unfolding.,syntax_semantics,control_raising,existential_there_object_raising,True,False,True,False,769,-103.84373474121094,-108.60064697265625,1
Bethany finds there to be a mushroom annoying Michelle.,Bethany forces there to be a mushroom annoying Michelle.,syntax_semantics,control_raising,existential_there_object_raising,True,False,True,False,770,-81.95451354980469,-82.76443481445312,1
Todd shouldn't find there to be more than three screens falling.,Todd shouldn't prod there to be more than three screens falling.,syntax_semantics,control_raising,existential_there_object_raising,True,False,True,False,771,-69.71783447265625,-75.52618408203125,1
Wayne did need there to be a dress crumpling.,Wayne did sway there to be a dress crumpling.,syntax_semantics,control_raising,existential_there_object_raising,True,False,True,False,772,-72.8428726196289,-76.349609375,1
Jason found there to be a newspaper article about the Clintons winning.,Jason encouraged there to be a newspaper article about the Clintons winning.,syntax_semantics,control_raising,existential_there_object_raising,True,False,True,False,773,-75.96137237548828,-83.435546875,1
These children find there to be a couch boring Bruce.,These children prod there to be a couch boring Bruce.,syntax_semantics,control_raising,existential_there_object_raising,True,False,True,False,774,-68.66117095947266,-71.4231948852539,1
Wayne was anticipating there to be fewer than three pictures of every child existing.,Wayne was imploring there to be fewer than three pictures of every child existing.,syntax_semantics,control_raising,existential_there_object_raising,True,False,True,False,775,-94.77970886230469,-100.83071899414062,1
Brian's friend isn't wanting there to be a river disgusting Stephanie.,Brian's friend isn't urging there to be a river disgusting Stephanie.,syntax_semantics,control_raising,existential_there_object_raising,True,False,True,False,776,-81.43494415283203,-83.00975036621094,1
Sara wouldn't judge there to be no schools swaying Becca to hire Sonia.,Sara wouldn't entice there to be no schools swaying Becca to hire Sonia.,syntax_semantics,control_raising,existential_there_object_raising,True,False,True,False,777,-112.3692855834961,-119.62911987304688,1
That niece of Alexander has judged there to be a face annoying that waitress.,That niece of Alexander has implored there to be a face annoying that waitress.,syntax_semantics,control_raising,existential_there_object_raising,True,False,True,False,778,-99.06423950195312,-104.762939453125,1
Erin's piano teachers declare there to be a lot of daughters of Claire fighting.,Erin's piano teachers prompted there to be a lot of daughters of Claire fighting.,syntax_semantics,control_raising,existential_there_object_raising,True,False,True,False,779,-104.22764587402344,-105.718994140625,1
That waitress's plumbers aren't needing there to be a spotlight darkening.,That waitress's plumbers aren't prodding there to be a spotlight darkening.,syntax_semantics,control_raising,existential_there_object_raising,True,False,True,False,780,-108.18910217285156,-115.41218566894531,1
Karla would ascertain there to be fish astounding Lori.,Karla would induce there to be fish astounding Lori.,syntax_semantics,control_raising,existential_there_object_raising,True,False,True,False,781,-81.08018493652344,-80.41490173339844,0
Many children haven't predicted there to be many mirrors bothering Heidi.,Many children haven't advised there to be many mirrors bothering Heidi.,syntax_semantics,control_raising,existential_there_object_raising,True,False,True,False,782,-89.67112731933594,-90.287109375,1
Those patients declare there to be a jacket scaring Renee.,Those patients require there to be a jacket scaring Renee.,syntax_semantics,control_raising,existential_there_object_raising,True,False,True,False,783,-83.674560546875,-83.38414764404297,0
Every government predicts there to be fewer than three cafes worrying Teresa.,Every government induces there to be fewer than three cafes worrying Teresa.,syntax_semantics,control_raising,existential_there_object_raising,True,False,True,False,784,-100.70785522460938,-100.27233123779297,0
Randolf's grandsons wanted there to be steak scorching.,Randolf's grandsons command there to be steak scorching.,syntax_semantics,control_raising,existential_there_object_raising,True,False,True,False,785,-99.00540161132812,-101.5718994140625,1
Patrick's colleague couldn't predict there to be a documentary about music bothering Christina.,Patrick's colleague couldn't dare there to be a documentary about music bothering Christina.,syntax_semantics,control_raising,existential_there_object_raising,True,False,True,False,786,-102.16847229003906,-100.39610290527344,0
Curtis found there to be a door appearing.,Curtis advises there to be a door appearing.,syntax_semantics,control_raising,existential_there_object_raising,True,False,True,False,787,-60.10514831542969,-69.69751739501953,1
Chad did consider there to be an apple worrying every dancer.,Chad did oblige there to be an apple worrying every dancer.,syntax_semantics,control_raising,existential_there_object_raising,True,False,True,False,788,-79.88140106201172,-82.83235931396484,1
Every boy can need there to be few mouths upsetting Carmen.,Every boy can push there to be few mouths upsetting Carmen.,syntax_semantics,control_raising,existential_there_object_raising,True,False,True,False,789,-80.45478057861328,-79.93025207519531,0
Sarah considered there to be a book stunning this waitress.,Sarah asks there to be a book stunning this waitress.,syntax_semantics,control_raising,existential_there_object_raising,True,False,True,False,790,-69.98131561279297,-69.34237670898438,0
Bradley could prefer there to be a grocery store shocking Melanie.,Bradley could ask there to be a grocery store shocking Melanie.,syntax_semantics,control_raising,existential_there_object_raising,True,False,True,False,791,-84.5763168334961,-80.48374938964844,0
That hospital hadn't expected there to be many dogs hiding.,That hospital hadn't asked there to be many dogs hiding.,syntax_semantics,control_raising,existential_there_object_raising,True,False,True,False,792,-76.58755493164062,-74.16056060791016,0
Many teachers judge there to be a candle brightening.,Many teachers force there to be a candle brightening.,syntax_semantics,control_raising,existential_there_object_raising,True,False,True,False,793,-65.76309204101562,-64.15560913085938,0
Guy won't judge there to be no mirrors vanishing.,Guy won't tempt there to be no mirrors vanishing.,syntax_semantics,control_raising,existential_there_object_raising,True,False,True,False,794,-69.04969787597656,-70.19744110107422,1
These doctors ascertain there to be a student bothering to shout.,These doctors compelled there to be a student bothering to shout.,syntax_semantics,control_raising,existential_there_object_raising,True,False,True,False,795,-75.06806945800781,-72.24909210205078,0
Rodney's associates need there to be an organization annoying Peter.,Rodney's associates forced there to be an organization annoying Peter.,syntax_semantics,control_raising,existential_there_object_raising,True,False,True,False,796,-86.21485900878906,-90.09309387207031,1
Teresa wasn't discovering there to be a lot of stories about Spain scaring Allison.,Teresa wasn't pressuring there to be a lot of stories about Spain scaring Allison.,syntax_semantics,control_raising,existential_there_object_raising,True,False,True,False,797,-104.45399475097656,-108.790283203125,1
Vincent's friends find there to be a cafe astounding Victoria.,Vincent's friends commanded there to be a cafe astounding Victoria.,syntax_semantics,control_raising,existential_there_object_raising,True,False,True,False,798,-88.24586486816406,-90.27525329589844,1
Bethany considers there to be some eggplants vanishing.,Bethany pushed there to be some eggplants vanishing.,syntax_semantics,control_raising,existential_there_object_raising,True,False,True,False,799,-95.81544494628906,-90.30722045898438,0
Christine anticipates there to be a lot of universities forfeiting.,Christine presses there to be a lot of universities forfeiting.,syntax_semantics,control_raising,existential_there_object_raising,True,False,True,False,800,-87.60186767578125,-76.81289672851562,0
Some girls find there to be many cucumbers blackening.,Some girls persuaded there to be many cucumbers blackening.,syntax_semantics,control_raising,existential_there_object_raising,True,False,True,False,801,-74.76370239257812,-75.83121490478516,1
Mark had preferred there to be a report vanishing.,Mark had convinced there to be a report vanishing.,syntax_semantics,control_raising,existential_there_object_raising,True,False,True,False,802,-58.239479064941406,-57.353729248046875,0
That waitress hasn't discovered there to be a child pushing Candice to respect many doctors.,That waitress hasn't persuaded there to be a child pushing Candice to respect many doctors.,syntax_semantics,control_raising,existential_there_object_raising,True,False,True,False,803,-120.63196563720703,-121.61663818359375,1
Heidi's girlfriend hasn't anticipated there to be no plays scaring every student.,Heidi's girlfriend hasn't forced there to be no plays scaring every student.,syntax_semantics,control_raising,existential_there_object_raising,True,False,True,False,804,-108.7412338256836,-109.66905212402344,1
Russell's dentists weren't considering there to be more than three windows appearing.,Russell's dentists weren't motivating there to be more than three windows appearing.,syntax_semantics,control_raising,existential_there_object_raising,True,False,True,False,805,-91.50642395019531,-96.73677062988281,1
That patient expects there to be a college campus vanishing.,That patient requires there to be a college campus vanishing.,syntax_semantics,control_raising,existential_there_object_raising,True,False,True,False,806,-77.22249603271484,-77.400634765625,1
Edward considered there to be a mall existing.,Edward entices there to be a mall existing.,syntax_semantics,control_raising,existential_there_object_raising,True,False,True,False,807,-57.14772415161133,-66.17366027832031,1
Tammy's teacher would prefer there to be fish looking like that sketch.,Tammy's teacher would persuade there to be fish looking like that sketch.,syntax_semantics,control_raising,existential_there_object_raising,True,False,True,False,808,-88.9031753540039,-90.44225311279297,1
John's daughter wanted there to be an organization annoying Kayla.,John's daughter pressures there to be an organization annoying Kayla.,syntax_semantics,control_raising,existential_there_object_raising,True,False,True,False,809,-81.01313781738281,-85.21270751953125,1
Jodi finds there to be cilantro hurting Stephanie.,Jodi asks there to be cilantro hurting Stephanie.,syntax_semantics,control_raising,existential_there_object_raising,True,False,True,False,810,-84.24217987060547,-83.74769592285156,0
Thomas's grandson wants there to be a drawing shocking Tamara.,Thomas's grandson encourages there to be a drawing shocking Tamara.,syntax_semantics,control_raising,existential_there_object_raising,True,False,True,False,811,-82.45114135742188,-87.5427474975586,1
This father of Monet has needed there to be broccoli going bad.,This father of Monet has badgered there to be broccoli going bad.,syntax_semantics,control_raising,existential_there_object_raising,True,False,True,False,812,-92.31298065185547,-103.2806396484375,1
Laurie's ex-girlfriends have ascertained there to be a lot of casseroles disappearing.,Laurie's ex-girlfriends have begged there to be a lot of casseroles disappearing.,syntax_semantics,control_raising,existential_there_object_raising,True,False,True,False,813,-132.83421325683594,-127.08528137207031,0
Monet needs there to be a painting of James scaring most waiters.,Monet requires there to be a painting of James scaring most waiters.,syntax_semantics,control_raising,existential_there_object_raising,True,False,True,False,814,-99.43179321289062,-101.05298614501953,1
A niece of that girl can need there to be a lot of blouses crumpling.,A niece of that girl can advise there to be a lot of blouses crumpling.,syntax_semantics,control_raising,existential_there_object_raising,True,False,True,False,815,-105.73735809326172,-108.15437316894531,1
Kendra hasn't ascertained there to be a photograph of Marla appearing.,Kendra hasn't persuaded there to be a photograph of Marla appearing.,syntax_semantics,control_raising,existential_there_object_raising,True,False,True,False,816,-99.61125183105469,-93.89059448242188,0
This driver isn't declaring there to be spotlights irritating every doctor.,This driver isn't begging there to be spotlights irritating every doctor.,syntax_semantics,control_raising,existential_there_object_raising,True,False,True,False,817,-100.47967529296875,-100.28152465820312,0
Monet hasn't wanted there to be an association thinking about who won't order Cindy to come here.,Monet hasn't encouraged there to be an association thinking about who won't order Cindy to come here.,syntax_semantics,control_raising,existential_there_object_raising,True,False,True,False,818,-117.90128326416016,-120.80753326416016,1
Carla's best friends discovered there to be a doctor helping Florence.,Carla's best friends commission there to be a doctor helping Florence.,syntax_semantics,control_raising,existential_there_object_raising,True,False,True,False,819,-80.35957336425781,-84.16363525390625,1
Alan's brothers hadn't found there to be many students studying.,Alan's brothers hadn't obligated there to be many students studying.,syntax_semantics,control_raising,existential_there_object_raising,True,False,True,False,820,-74.29969787597656,-83.33744049072266,1
Diana declares there to be a print worrying Bruce.,Diana compelled there to be a print worrying Bruce.,syntax_semantics,control_raising,existential_there_object_raising,True,False,True,False,821,-71.28578186035156,-73.96945190429688,1
Dennis's plumber was judging there to be some high schools existing.,Dennis's plumber was daring there to be some high schools existing.,syntax_semantics,control_raising,existential_there_object_raising,True,False,True,False,822,-100.81110382080078,-102.04307556152344,1
Kenneth hasn't predicted there to be a photograph existing.,Kenneth hasn't persuaded there to be a photograph existing.,syntax_semantics,control_raising,existential_there_object_raising,True,False,True,False,823,-73.91360473632812,-72.8135986328125,0
Kirsten anticipates there to be a skateboard falling.,Kirsten urged there to be a skateboard falling.,syntax_semantics,control_raising,existential_there_object_raising,True,False,True,False,824,-77.78894805908203,-66.88633728027344,0
Galileo's grandsons want there to be a couch looking like most sketches.,Galileo's grandsons pressured there to be a couch looking like most sketches.,syntax_semantics,control_raising,existential_there_object_raising,True,False,True,False,825,-113.72252655029297,-120.37919616699219,1
Jennifer's French teachers find there to be a popsicle impressing Chad.,Jennifer's French teachers ordered there to be a popsicle impressing Chad.,syntax_semantics,control_raising,existential_there_object_raising,True,False,True,False,826,-103.01515197753906,-103.78376770019531,1
Lisa considered there to be a lot of cashiers appreciating the Lutherans.,Lisa requires there to be a lot of cashiers appreciating the Lutherans.,syntax_semantics,control_raising,existential_there_object_raising,True,False,True,False,827,-92.86138916015625,-92.25273132324219,0
Florence predicts there to be many girls departing.,Florence advises there to be many girls departing.,syntax_semantics,control_raising,existential_there_object_raising,True,False,True,False,828,-72.96409606933594,-75.05084228515625,1
Guy isn't considering there to be waitresses grinning.,Guy isn't entreating there to be waitresses grinning.,syntax_semantics,control_raising,existential_there_object_raising,True,False,True,False,829,-73.23738861083984,-83.35353088378906,1
Amanda's bosses needed there to be some daughters of Heidi running around many hills.,Amanda's bosses prompt there to be some daughters of Heidi running around many hills.,syntax_semantics,control_raising,existential_there_object_raising,True,False,True,False,830,-111.12979125976562,-113.50196075439453,1
Most fathers of Larry ascertain there to be a lot of trucks irritating Melanie.,Most fathers of Larry dared there to be a lot of trucks irritating Melanie.,syntax_semantics,control_raising,existential_there_object_raising,True,False,True,False,831,-98.81806945800781,-95.11256408691406,0
Timothy's mentees believe there to be a committee arguing about Kenneth.,Timothy's mentees prompt there to be a committee arguing about Kenneth.,syntax_semantics,control_raising,existential_there_object_raising,True,False,True,False,832,-101.297119140625,-107.63854217529297,1
Some ladies could declare there to be a picture wasting away.,Some ladies could compel there to be a picture wasting away.,syntax_semantics,control_raising,existential_there_object_raising,True,False,True,False,833,-71.12319946289062,-72.43840789794922,1
That bank anticipated there to be movie theaters existing.,That bank tempted there to be movie theaters existing.,syntax_semantics,control_raising,existential_there_object_raising,True,False,True,False,834,-80.47728729248047,-81.22918701171875,1
Charles wants there to be a shoe boring most senators.,Charles obligates there to be a shoe boring most senators.,syntax_semantics,control_raising,existential_there_object_raising,True,False,True,False,835,-70.96633911132812,-85.29559326171875,1
Samantha needed there to be a pie aggravating Denise.,Samantha entices there to be a pie aggravating Denise.,syntax_semantics,control_raising,existential_there_object_raising,True,False,True,False,836,-82.78446960449219,-91.21089172363281,1
Clyde believed there to be fewer than three vases disappearing.,Clyde compelled there to be fewer than three vases disappearing.,syntax_semantics,control_raising,existential_there_object_raising,True,False,True,False,837,-91.05189514160156,-95.40666198730469,1
Kevin hadn't considered there to be a senator vanishing.,Kevin hadn't advised there to be a senator vanishing.,syntax_semantics,control_raising,existential_there_object_raising,True,False,True,False,838,-66.38068389892578,-68.26814270019531,1
Most mothers of Sara predict there to be a doctor begging Carol to yawn.,Most mothers of Sara press there to be a doctor begging Carol to yawn.,syntax_semantics,control_raising,existential_there_object_raising,True,False,True,False,839,-103.43797302246094,-101.40907287597656,0
This brother of Walter might need there to be a mushroom charring.,This brother of Walter might persuade there to be a mushroom charring.,syntax_semantics,control_raising,existential_there_object_raising,True,False,True,False,840,-84.35958099365234,-86.71539306640625,1
Tonya hadn't wanted there to be fewer than three tomatoes annoying Larry.,Tonya hadn't prompted there to be fewer than three tomatoes annoying Larry.,syntax_semantics,control_raising,existential_there_object_raising,True,False,True,False,841,-99.46348571777344,-103.98626708984375,1
Liam's associate needs there to be bread charring.,Liam's associate urged there to be bread charring.,syntax_semantics,control_raising,existential_there_object_raising,True,False,True,False,842,-85.40560913085938,-85.42583465576172,1
Most committees haven't discovered there to be a cat coming here.,Most committees haven't pressured there to be a cat coming here.,syntax_semantics,control_raising,existential_there_object_raising,True,False,True,False,843,-70.12973022460938,-73.65120697021484,1
Committees haven't preferred there to be a cat scaring Sandra.,Committees haven't obligated there to be a cat scaring Sandra.,syntax_semantics,control_raising,existential_there_object_raising,True,False,True,False,844,-92.70330047607422,-96.54531860351562,1
Naomi is preferring there to be more than three lights scaring Donna.,Naomi is imploring there to be more than three lights scaring Donna.,syntax_semantics,control_raising,existential_there_object_raising,True,False,True,False,845,-95.17877197265625,-98.65592956542969,1
That guy judged there to be many chairs embarrassing every driver.,That guy pressured there to be many chairs embarrassing every driver.,syntax_semantics,control_raising,existential_there_object_raising,True,False,True,False,846,-84.02735137939453,-89.36351776123047,1
Clyde's fathers weren't predicting there to be some pictures of a guest looking like Meredith.,Clyde's fathers weren't pushing there to be some pictures of a guest looking like Meredith.,syntax_semantics,control_raising,existential_there_object_raising,True,False,True,False,847,-127.60800170898438,-123.05128479003906,0
Some cousin of Curtis considers there to be a museum surrendering.,Some cousin of Curtis prompts there to be a museum surrendering.,syntax_semantics,control_raising,existential_there_object_raising,True,False,True,False,848,-84.26420593261719,-86.65180969238281,1
Most daughters of Melanie need there to be a cousin of Rebecca embarrassing Mary.,Most daughters of Melanie forced there to be a cousin of Rebecca embarrassing Mary.,syntax_semantics,control_raising,existential_there_object_raising,True,False,True,False,849,-97.27925872802734,-100.55770111083984,1
Diana's classmates were wanting there to be more than three fish annoying those patients.,Diana's classmates were inducing there to be more than three fish annoying those patients.,syntax_semantics,control_raising,existential_there_object_raising,True,False,True,False,850,-105.23532104492188,-108.23430633544922,1
The granddaughters of Rodney will need there to be a grocery store vanishing.,The granddaughters of Rodney will prod there to be a grocery store vanishing.,syntax_semantics,control_raising,existential_there_object_raising,True,False,True,False,851,-102.87422943115234,-107.06309509277344,1
Some senators discovered there to be a child failing to concur.,Some senators prod there to be a child failing to concur.,syntax_semantics,control_raising,existential_there_object_raising,True,False,True,False,852,-79.93460083007812,-85.69415283203125,1
Every waitress wasn't believing there to be a car alarming Claire.,Every waitress wasn't requiring there to be a car alarming Claire.,syntax_semantics,control_raising,existential_there_object_raising,True,False,True,False,853,-82.37379455566406,-86.22525024414062,1
Samuel was discovering there to be peppers scaring Debra.,Samuel was compelling there to be peppers scaring Debra.,syntax_semantics,control_raising,existential_there_object_raising,True,False,True,False,854,-88.10466003417969,-91.42366790771484,1
Danielle's mother wasn't predicting there to be no college campuses worrying most actresses.,Danielle's mother wasn't tempting there to be no college campuses worrying most actresses.,syntax_semantics,control_raising,existential_there_object_raising,True,False,True,False,855,-119.03884887695312,-117.27095031738281,0
The son of Dennis won't expect there to be a niece of this teenager grinning.,The son of Dennis won't advise there to be a niece of this teenager grinning.,syntax_semantics,control_raising,existential_there_object_raising,True,False,True,False,856,-96.77677154541016,-99.51576232910156,1
Debra isn't expecting there to be a newspaper article disagreeing.,Debra isn't requiring there to be a newspaper article disagreeing.,syntax_semantics,control_raising,existential_there_object_raising,True,False,True,False,857,-83.40875244140625,-86.16999053955078,1
Andrew can't discover there to be books worrying Jacqueline.,Andrew can't tempt there to be books worrying Jacqueline.,syntax_semantics,control_raising,existential_there_object_raising,True,False,True,False,858,-75.29116821289062,-77.09303283691406,1
Tara's grandfather hadn't discovered there to be some documentaries about Harvard University irritating some man.,Tara's grandfather hadn't compelled there to be some documentaries about Harvard University irritating some man.,syntax_semantics,control_raising,existential_there_object_raising,True,False,True,False,859,-128.12557983398438,-129.57496643066406,1
Meredith wasn't judging there to be children impressing Bruce.,Meredith wasn't urging there to be children impressing Bruce.,syntax_semantics,control_raising,existential_there_object_raising,True,False,True,False,860,-90.18049621582031,-90.13142395019531,0
An adult is declaring there to be a rug vanishing.,An adult is badgering there to be a rug vanishing.,syntax_semantics,control_raising,existential_there_object_raising,True,False,True,False,861,-68.97781372070312,-81.83386993408203,1
Stephanie hasn't wanted there to be a muffin stunning Lissa.,Stephanie hasn't swayed there to be a muffin stunning Lissa.,syntax_semantics,control_raising,existential_there_object_raising,True,False,True,False,862,-100.05961608886719,-102.63505554199219,1
Kenneth's plumbers do expect there to be no high schools bothering Deborah.,Kenneth's plumbers do encourage there to be no high schools bothering Deborah.,syntax_semantics,control_raising,existential_there_object_raising,True,False,True,False,863,-112.5176010131836,-114.74720764160156,1
Christine's fathers prefer there to be a couch vanishing.,Christine's fathers sway there to be a couch vanishing.,syntax_semantics,control_raising,existential_there_object_raising,True,False,True,False,864,-76.31958770751953,-78.5542984008789,1
Carol was declaring there to be a mirror disturbing a girl.,Carol was advising there to be a mirror disturbing a girl.,syntax_semantics,control_raising,existential_there_object_raising,True,False,True,False,865,-72.98246002197266,-74.85960388183594,1
Patricia's ex-boyfriends needed there to be some fish descending some stairs.,Patricia's ex-boyfriends motivate there to be some fish descending some stairs.,syntax_semantics,control_raising,existential_there_object_raising,True,False,True,False,866,-118.56428527832031,-124.53977966308594,1
William is needing there to be gates alarming this waiter.,William is asking there to be gates alarming this waiter.,syntax_semantics,control_raising,existential_there_object_raising,True,False,True,False,867,-76.96968078613281,-73.37274169921875,0
Elizabeth's employees have found there to be some glasses distracting the actresses.,Elizabeth's employees have tempted there to be some glasses distracting the actresses.,syntax_semantics,control_raising,existential_there_object_raising,True,False,True,False,868,-90.01971435546875,-97.98590087890625,1
Edward hasn't wanted there to be a mirror falling.,Edward hasn't swayed there to be a mirror falling.,syntax_semantics,control_raising,existential_there_object_raising,True,False,True,False,869,-58.003936767578125,-61.20168685913086,1
Andrew hadn't found there to be no legislatures prompting Gerald to practice.,Andrew hadn't obliged there to be no legislatures prompting Gerald to practice.,syntax_semantics,control_raising,existential_there_object_raising,True,False,True,False,870,-95.71163940429688,-102.50389099121094,1
Aaron's mentors had anticipated there to be a school commanding that student's son to appreciate some patient.,Aaron's mentors had compelled there to be a school commanding that student's son to appreciate some patient.,syntax_semantics,control_raising,existential_there_object_raising,True,False,True,False,871,-125.97283172607422,-126.10250091552734,1
Mary's son had believed there to be a legislature thinking about who are hiding away.,Mary's son had ordered there to be a legislature thinking about who are hiding away.,syntax_semantics,control_raising,existential_there_object_raising,True,False,True,False,872,-89.46530151367188,-91.7890625,1
Beverly finds there to be a movie disagreeing with some report.,Beverly compelled there to be a movie disagreeing with some report.,syntax_semantics,control_raising,existential_there_object_raising,True,False,True,False,873,-85.65837097167969,-86.80072784423828,1
Sandra wasn't expecting there to be a mushroom existing.,Sandra wasn't persuading there to be a mushroom existing.,syntax_semantics,control_raising,existential_there_object_raising,True,False,True,False,874,-72.14347839355469,-84.63517761230469,1
Travis finds there to be a coat scaring Jennifer.,Travis prods there to be a coat scaring Jennifer.,syntax_semantics,control_raising,existential_there_object_raising,True,False,True,False,875,-74.88929748535156,-84.04723358154297,1
Tara's wife wasn't wanting there to be few mountains stunning Leslie.,Tara's wife wasn't prodding there to be few mountains stunning Leslie.,syntax_semantics,control_raising,existential_there_object_raising,True,False,True,False,876,-96.98403930664062,-107.11842346191406,1
Erin shouldn't expect there to be banks persuading Naomi to smile.,Erin shouldn't entreat there to be banks persuading Naomi to smile.,syntax_semantics,control_raising,existential_there_object_raising,True,False,True,False,877,-104.35411071777344,-112.40560913085938,1
Kevin's ex-wives predict there to be some planes rusting.,Kevin's ex-wives motivated there to be some planes rusting.,syntax_semantics,control_raising,existential_there_object_raising,True,False,True,False,878,-89.05464172363281,-90.49555969238281,1
All children weren't finding there to be many drivers figuring out who distracted Suzanne.,All children weren't pressuring there to be many drivers figuring out who distracted Suzanne.,syntax_semantics,control_raising,existential_there_object_raising,True,False,True,False,879,-108.46549987792969,-114.15176391601562,1
Bradley was considering there to be few glasses shrinking.,Bradley was compelling there to be few glasses shrinking.,syntax_semantics,control_raising,existential_there_object_raising,True,False,True,False,880,-66.70067596435547,-72.34445190429688,1
Every dancer had ascertained there to be some dancers cooking.,Every dancer had pressured there to be some dancers cooking.,syntax_semantics,control_raising,existential_there_object_raising,True,False,True,False,881,-75.75896453857422,-74.36345672607422,0
Harvard University considers there to be plates vanishing.,Harvard University spurred there to be plates vanishing.,syntax_semantics,control_raising,existential_there_object_raising,True,False,True,False,882,-74.53689575195312,-75.78509521484375,1
Debra's contractor is discovering there to be a guest sneezing.,Debra's contractor is obliging there to be a guest sneezing.,syntax_semantics,control_raising,existential_there_object_raising,True,False,True,False,883,-83.74820709228516,-87.83453369140625,1
Stacy needs there to be a scarf shrinking.,Stacy dares there to be a scarf shrinking.,syntax_semantics,control_raising,existential_there_object_raising,True,False,True,False,884,-63.82725524902344,-68.96420288085938,1
Tracy hasn't found there to be many daughters of Kirsten appearing to exist.,Tracy hasn't obligated there to be many daughters of Kirsten appearing to exist.,syntax_semantics,control_raising,existential_there_object_raising,True,False,True,False,885,-98.8355712890625,-107.33798217773438,1
Allison's cousin needed there to be some wheelbarrows rolling.,Allison's cousin pushes there to be some wheelbarrows rolling.,syntax_semantics,control_raising,existential_there_object_raising,True,False,True,False,886,-93.21607971191406,-95.28217315673828,1
Alicia's hairdressers ascertain there to be a window falling.,Alicia's hairdressers induce there to be a window falling.,syntax_semantics,control_raising,existential_there_object_raising,True,False,True,False,887,-95.23045349121094,-95.13882446289062,0
Cousins of Helen declared there to be a vase shocking Jill.,Cousins of Helen persuaded there to be a vase shocking Jill.,syntax_semantics,control_raising,existential_there_object_raising,True,False,True,False,888,-93.25399780273438,-97.28532409667969,1
Nancy shouldn't expect there to be bread distracting Tara.,Nancy shouldn't spur there to be bread distracting Tara.,syntax_semantics,control_raising,existential_there_object_raising,True,False,True,False,889,-83.17266082763672,-89.32777404785156,1
Elizabeth had found there to be a committee realizing who responds.,Elizabeth had induced there to be a committee realizing who responds.,syntax_semantics,control_raising,existential_there_object_raising,True,False,True,False,890,-68.55701446533203,-73.95849609375,1
The actress's senators declare there to be fewer than three doctors doubting those children anticipate Tiffany to play.,The actress's senators motivated there to be fewer than three doctors doubting those children anticipate Tiffany to play.,syntax_semantics,control_raising,existential_there_object_raising,True,False,True,False,891,-150.64682006835938,-153.49496459960938,1
Nicole declared there to be a cafe looking like some drawings.,Nicole commands there to be a cafe looking like some drawings.,syntax_semantics,control_raising,existential_there_object_raising,True,False,True,False,892,-72.7068862915039,-76.68789672851562,1
Every association judged there to be a sweater drying.,Every association implored there to be a sweater drying.,syntax_semantics,control_raising,existential_there_object_raising,True,False,True,False,893,-64.68070983886719,-72.1389389038086,1
Donna would discover there to be some glasses slipping.,Donna would persuade there to be some glasses slipping.,syntax_semantics,control_raising,existential_there_object_raising,True,False,True,False,894,-66.0600814819336,-67.89460754394531,1
Wayne can prefer there to be no lamps shocking this patient.,Wayne can command there to be no lamps shocking this patient.,syntax_semantics,control_raising,existential_there_object_raising,True,False,True,False,895,-84.70957946777344,-84.9368896484375,1
Scott's father shouldn't discover there to be few committees forgetting about who wasn't spinning around.,Scott's father shouldn't urge there to be few committees forgetting about who wasn't spinning around.,syntax_semantics,control_raising,existential_there_object_raising,True,False,True,False,896,-114.77790069580078,-117.90396881103516,1
Pamela is finding there to be few convertibles embarrassing Lucille.,Pamela is asking there to be few convertibles embarrassing Lucille.,syntax_semantics,control_raising,existential_there_object_raising,True,False,True,False,897,-112.10385131835938,-111.53834533691406,0
Cynthia shouldn't need there to be bread disappearing.,Cynthia shouldn't order there to be bread disappearing.,syntax_semantics,control_raising,existential_there_object_raising,True,False,True,False,898,-80.17500305175781,-84.08109283447266,1
Julia can't ascertain there to be a cart bothering this organization.,Julia can't dare there to be a cart bothering this organization.,syntax_semantics,control_raising,existential_there_object_raising,True,False,True,False,899,-81.74468994140625,-78.82258605957031,0
Nancy wasn't preferring there to be a cart accelerating.,Nancy wasn't prodding there to be a cart accelerating.,syntax_semantics,control_raising,existential_there_object_raising,True,False,True,False,900,-75.1410903930664,-82.26068115234375,1
Natalie expected there to be more than three guests passing that lake.,Natalie advised there to be more than three guests passing that lake.,syntax_semantics,control_raising,existential_there_object_raising,True,False,True,False,901,-87.7671890258789,-87.89093780517578,1
Cindy has judged there to be more than three plates stunning Jerry.,Cindy has forced there to be more than three plates stunning Jerry.,syntax_semantics,control_raising,existential_there_object_raising,True,False,True,False,902,-94.31297302246094,-94.57356262207031,1
George's nephews aren't judging there to be few high schools annoying this university.,George's nephews aren't ordering there to be few high schools annoying this university.,syntax_semantics,control_raising,existential_there_object_raising,True,False,True,False,903,-110.4273681640625,-111.62759399414062,1
Cindy could judge there to be pasta falling.,Cindy could prompt there to be pasta falling.,syntax_semantics,control_raising,existential_there_object_raising,True,False,True,False,904,-68.36038208007812,-70.33163452148438,1
Many legislatures are finding there to be a committee finding out who has sold that school.,Many legislatures are convincing there to be a committee finding out who has sold that school.,syntax_semantics,control_raising,existential_there_object_raising,True,False,True,False,905,-99.46699523925781,-102.87600708007812,1
Pamela is ascertaining there to be a screen fading.,Pamela is daring there to be a screen fading.,syntax_semantics,control_raising,existential_there_object_raising,True,False,True,False,906,-81.75743103027344,-73.59042358398438,0
Valerie had believed there to be a jacket distracting Jessica.,Valerie had begged there to be a jacket distracting Jessica.,syntax_semantics,control_raising,existential_there_object_raising,True,False,True,False,907,-79.72441101074219,-82.22652435302734,1
Martha declared there to be more than three plates wasting away.,Martha tempts there to be more than three plates wasting away.,syntax_semantics,control_raising,existential_there_object_raising,True,False,True,False,908,-75.83782958984375,-86.54937744140625,1
Sandra finds there to be a drawing of Patrick impressing Connie.,Sandra induced there to be a drawing of Patrick impressing Connie.,syntax_semantics,control_raising,existential_there_object_raising,True,False,True,False,909,-92.72346496582031,-96.68209075927734,1
Heidi might believe there to be no dancers lifting that art gallery.,Heidi might badger there to be no dancers lifting that art gallery.,syntax_semantics,control_raising,existential_there_object_raising,True,False,True,False,910,-94.21302032470703,-109.04408264160156,1
Mary's ex-boyfriends haven't ascertained there to be a niece of the child chuckling.,Mary's ex-boyfriends haven't compelled there to be a niece of the child chuckling.,syntax_semantics,control_raising,existential_there_object_raising,True,False,True,False,911,-121.31861114501953,-115.35575866699219,0
Those drivers expect there to be fewer than three universities insulting Carmen.,Those drivers motivated there to be fewer than three universities insulting Carmen.,syntax_semantics,control_raising,existential_there_object_raising,True,False,True,False,912,-94.46647644042969,-95.95353698730469,1
Universities declare there to be some adults grinning.,Universities asked there to be some adults grinning.,syntax_semantics,control_raising,existential_there_object_raising,True,False,True,False,913,-79.7955322265625,-77.40303802490234,0
Some actress's mentees expected there to be a blouse distracting Cindy.,Some actress's mentees persuade there to be a blouse distracting Cindy.,syntax_semantics,control_raising,existential_there_object_raising,True,False,True,False,914,-109.41899108886719,-112.04438018798828,1
Cindy doesn't find there to be few boys wondering who commission Caroline to scream.,Cindy doesn't convince there to be few boys wondering who commission Caroline to scream.,syntax_semantics,control_raising,existential_there_object_raising,True,False,True,False,915,-114.92986297607422,-120.19486999511719,1
Ella could believe there to be fewer than three hills existing.,Ella could pressure there to be fewer than three hills existing.,syntax_semantics,control_raising,existential_there_object_raising,True,False,True,False,916,-81.52228546142578,-87.82393646240234,1
Liam needed there to be a lot of cashiers discussing that closet.,Liam advises there to be a lot of cashiers discussing that closet.,syntax_semantics,control_raising,existential_there_object_raising,True,False,True,False,917,-89.82976531982422,-94.10444641113281,1
Kevin should predict there to be fewer than three committees praising a doctor.,Kevin should force there to be fewer than three committees praising a doctor.,syntax_semantics,control_raising,existential_there_object_raising,True,False,True,False,918,-93.21052551269531,-91.70053100585938,0
Amy discovers there to be no snakes disappearing.,Amy entreated there to be no snakes disappearing.,syntax_semantics,control_raising,existential_there_object_raising,True,False,True,False,919,-59.096710205078125,-68.19481658935547,1
Sara found there to be some dancers approving.,Sara obligates there to be some dancers approving.,syntax_semantics,control_raising,existential_there_object_raising,True,False,True,False,920,-60.24382019042969,-79.22476196289062,1
Ellen predicts there to be an apple hurting Anne.,Ellen spurred there to be an apple hurting Anne.,syntax_semantics,control_raising,existential_there_object_raising,True,False,True,False,921,-64.91295623779297,-64.48912811279297,0
Samuel's dentist hadn't anticipated there to be a grandfather of Travis descending most stairs.,Samuel's dentist hadn't urged there to be a grandfather of Travis descending most stairs.,syntax_semantics,control_raising,existential_there_object_raising,True,False,True,False,922,-122.5341796875,-122.32453918457031,0
Ann's bosses are discovering there to be a lot of socks embarrassing Michael.,Ann's bosses are badgering there to be a lot of socks embarrassing Michael.,syntax_semantics,control_raising,existential_there_object_raising,True,False,True,False,923,-86.94229125976562,-100.25688171386719,1
That friend of Karen hadn't predicted there to be a college campus irritating Donald.,That friend of Karen hadn't motivated there to be a college campus irritating Donald.,syntax_semantics,control_raising,existential_there_object_raising,True,False,True,False,924,-110.57786560058594,-111.5841293334961,1
Melinda isn't preferring there to be no doors flinging open.,Melinda isn't prodding there to be no doors flinging open.,syntax_semantics,control_raising,existential_there_object_raising,True,False,True,False,925,-89.3223648071289,-94.38810729980469,1
Ladies' ex-wife was needing there to be more than three windows shutting.,Ladies' ex-wife was prodding there to be more than three windows shutting.,syntax_semantics,control_raising,existential_there_object_raising,True,False,True,False,926,-105.3967514038086,-112.82616424560547,1
Some senator had ascertained there to be a commentary aggravating Christopher.,Some senator had encouraged there to be a commentary aggravating Christopher.,syntax_semantics,control_raising,existential_there_object_raising,True,False,True,False,927,-94.21478271484375,-89.301513671875,0
Rose needed there to be more than three associations daring Jane to waste away.,Rose commands there to be more than three associations daring Jane to waste away.,syntax_semantics,control_raising,existential_there_object_raising,True,False,True,False,928,-98.64496612548828,-99.6025619506836,1
Amelia expects there to be a mirror boring Rhonda.,Amelia convinced there to be a mirror boring Rhonda.,syntax_semantics,control_raising,existential_there_object_raising,True,False,True,False,929,-82.53785705566406,-81.04684448242188,0
Meredith wasn't expecting there to be a public park scaring those senators.,Meredith wasn't daring there to be a public park scaring those senators.,syntax_semantics,control_raising,existential_there_object_raising,True,False,True,False,930,-103.39779663085938,-104.21343994140625,1
Suzanne's son won't judge there to be icicles condensing.,Suzanne's son won't ask there to be icicles condensing.,syntax_semantics,control_raising,existential_there_object_raising,True,False,True,False,931,-104.11061096191406,-102.21218872070312,0
Regina is ascertaining there to be some shoes shrinking.,Regina is pushing there to be some shoes shrinking.,syntax_semantics,control_raising,existential_there_object_raising,True,False,True,False,932,-78.74686431884766,-67.31781005859375,0
Jacqueline was finding there to be scarves appearing.,Jacqueline was encouraging there to be scarves appearing.,syntax_semantics,control_raising,existential_there_object_raising,True,False,True,False,933,-74.31664276123047,-76.65086364746094,1
Some doctors declared there to be a play upsetting that library.,Some doctors oblige there to be a play upsetting that library.,syntax_semantics,control_raising,existential_there_object_raising,True,False,True,False,934,-73.1710433959961,-80.0909194946289,1
Amelia believed there to be a university bothering to testify.,Amelia required there to be a university bothering to testify.,syntax_semantics,control_raising,existential_there_object_raising,True,False,True,False,935,-69.35952758789062,-74.44317626953125,1
Universities preferred there to be a lot of people coughing.,Universities sway there to be a lot of people coughing.,syntax_semantics,control_raising,existential_there_object_raising,True,False,True,False,936,-74.08537292480469,-75.07106018066406,1
Alicia could discover there to be a lamp confusing Karla.,Alicia could prompt there to be a lamp confusing Karla.,syntax_semantics,control_raising,existential_there_object_raising,True,False,True,False,937,-95.16461181640625,-98.31715393066406,1
Bruce's teachers need there to be a cat waking up.,Bruce's teachers ordered there to be a cat waking up.,syntax_semantics,control_raising,existential_there_object_raising,True,False,True,False,938,-61.754581451416016,-63.2310791015625,1
Theodore was considering there to be fewer than three trucks hurting Mitchell.,Theodore was commanding there to be fewer than three trucks hurting Mitchell.,syntax_semantics,control_raising,existential_there_object_raising,True,False,True,False,939,-92.97940826416016,-97.73963165283203,1
Martin declared there to be a computer chipping.,Martin advised there to be a computer chipping.,syntax_semantics,control_raising,existential_there_object_raising,True,False,True,False,940,-52.398895263671875,-53.97434997558594,1
Claire's partner finds there to be a girl skated around this public park.,Claire's partner convinces there to be a girl skated around this public park.,syntax_semantics,control_raising,existential_there_object_raising,True,False,True,False,941,-101.40210723876953,-112.37327575683594,1
Some men's brothers believe there to be a lot of nieces of some guys coughing.,Some men's brothers pressured there to be a lot of nieces of some guys coughing.,syntax_semantics,control_raising,existential_there_object_raising,True,False,True,False,942,-108.27142333984375,-116.57659912109375,1
Some senator finds there to be a high school scaring Marla.,Some senator asked there to be a high school scaring Marla.,syntax_semantics,control_raising,existential_there_object_raising,True,False,True,False,943,-82.63880157470703,-80.48857879638672,0
Maria can't prefer there to be many unicycles vanishing.,Maria can't command there to be many unicycles vanishing.,syntax_semantics,control_raising,existential_there_object_raising,True,False,True,False,944,-87.2060546875,-87.24050903320312,1
Every teacher's hairdressers expect there to be more than three bikes steering.,Every teacher's hairdressers encourage there to be more than three bikes steering.,syntax_semantics,control_raising,existential_there_object_raising,True,False,True,False,945,-102.9657974243164,-104.2166748046875,1
Carmen's grandfather will want there to be a senator thinking about what had maneuvered.,Carmen's grandfather will oblige there to be a senator thinking about what had maneuvered.,syntax_semantics,control_raising,existential_there_object_raising,True,False,True,False,946,-121.77217102050781,-129.02052307128906,1
These actors' podiatrist couldn't declare there to be a candle fading.,These actors' podiatrist couldn't pressure there to be a candle fading.,syntax_semantics,control_raising,existential_there_object_raising,True,False,True,False,947,-113.29199981689453,-113.57667541503906,1
Travis didn't want there to be a granddaughter of Martin disgusting Alicia.,Travis didn't encourage there to be a granddaughter of Martin disgusting Alicia.,syntax_semantics,control_raising,existential_there_object_raising,True,False,True,False,948,-92.61378479003906,-99.044921875,1
Karen is judging there to be a waiter astounding Caroline.,Karen is inducing there to be a waiter astounding Caroline.,syntax_semantics,control_raising,existential_there_object_raising,True,False,True,False,949,-80.0111083984375,-83.3023452758789,1
Kathleen wanted there to be bread blackening.,Kathleen presses there to be bread blackening.,syntax_semantics,control_raising,existential_there_object_raising,True,False,True,False,950,-73.47813415527344,-74.33802032470703,1
Kristin hadn't needed there to be actors winning.,Kristin hadn't enticed there to be actors winning.,syntax_semantics,control_raising,existential_there_object_raising,True,False,True,False,951,-68.42453002929688,-76.83759307861328,1
Debra is judging there to be a lot of children preferring Lucille to boast about Derek.,Debra is entreating there to be a lot of children preferring Lucille to boast about Derek.,syntax_semantics,control_raising,existential_there_object_raising,True,False,True,False,952,-114.78123474121094,-124.6270523071289,1
Some governments consider there to be a granddaughter of Danielle tempting Kenneth's ex-boyfriends to hide away.,Some governments urged there to be a granddaughter of Danielle tempting Kenneth's ex-boyfriends to hide away.,syntax_semantics,control_raising,existential_there_object_raising,True,False,True,False,953,-146.4381103515625,-146.24166870117188,0
Derek preferred there to be a screen appearing.,Derek implores there to be a screen appearing.,syntax_semantics,control_raising,existential_there_object_raising,True,False,True,False,954,-63.25807571411133,-71.0782470703125,1
Donna wanted there to be some lakes distracting Michael.,Donna forced there to be some lakes distracting Michael.,syntax_semantics,control_raising,existential_there_object_raising,True,False,True,False,955,-74.63516998291016,-77.28507995605469,1
Pamela judged there to be a sketch of most birds confusing Sherry.,Pamela spurs there to be a sketch of most birds confusing Sherry.,syntax_semantics,control_raising,existential_there_object_raising,True,False,True,False,956,-108.52562713623047,-114.371337890625,1
The associations are considering there to be a mushroom growing.,The associations are commanding there to be a mushroom growing.,syntax_semantics,control_raising,existential_there_object_raising,True,False,True,False,957,-63.428749084472656,-68.57247924804688,1
Matt wasn't believing there to be a lot of windows scaring Carlos.,Matt wasn't pushing there to be a lot of windows scaring Carlos.,syntax_semantics,control_raising,existential_there_object_raising,True,False,True,False,958,-79.85017395019531,-78.93995666503906,0
The Impressionists want there to be a mushroom bothering that actor.,The Impressionists convince there to be a mushroom bothering that actor.,syntax_semantics,control_raising,existential_there_object_raising,True,False,True,False,959,-98.26873779296875,-103.6812515258789,1
Sandra prefers there to be a lot of pictures falling.,Sandra compels there to be a lot of pictures falling.,syntax_semantics,control_raising,existential_there_object_raising,True,False,True,False,960,-63.98668670654297,-71.60821533203125,1
Liam predicts there to be a hat stunning Meredith.,Liam spurred there to be a hat stunning Meredith.,syntax_semantics,control_raising,existential_there_object_raising,True,False,True,False,961,-78.5368423461914,-78.45346069335938,0
Most schools judge there to be some nieces of some senator predicting Amelia to come here.,Most schools compelled there to be some nieces of some senator predicting Amelia to come here.,syntax_semantics,control_raising,existential_there_object_raising,True,False,True,False,962,-129.95144653320312,-129.8575439453125,0
Some museum found there to be glasses shrinking.,Some museum asked there to be glasses shrinking.,syntax_semantics,control_raising,existential_there_object_raising,True,False,True,False,963,-63.54384231567383,-64.80207824707031,1
Melanie hadn't found there to be few windows hurting Tamara.,Melanie hadn't induced there to be few windows hurting Tamara.,syntax_semantics,control_raising,existential_there_object_raising,True,False,True,False,964,-95.37931060791016,-100.52484130859375,1
Donald's classmate can't predict there to be a slope annoying Richard.,Donald's classmate can't pressure there to be a slope annoying Richard.,syntax_semantics,control_raising,existential_there_object_raising,True,False,True,False,965,-89.81988525390625,-90.82316589355469,1
Becky's ex-wife wouldn't find there to be a book about the Impressionists disagreeing.,Becky's ex-wife wouldn't spur there to be a book about the Impressionists disagreeing.,syntax_semantics,control_raising,existential_there_object_raising,True,False,True,False,966,-119.30931091308594,-127.81442260742188,1
Some offspring find there to be more than three closets worrying Melinda.,Some offspring command there to be more than three closets worrying Melinda.,syntax_semantics,control_raising,existential_there_object_raising,True,False,True,False,967,-102.05035400390625,-104.67573547363281,1
Julia's hairdresser can consider there to be a hospital failing to look like some paintings.,Julia's hairdresser can compel there to be a hospital failing to look like some paintings.,syntax_semantics,control_raising,existential_there_object_raising,True,False,True,False,968,-110.16795349121094,-114.49200439453125,1
Some sons of most senators weren't preferring there to be a story astounding Kirsten.,Some sons of most senators weren't compelling there to be a story astounding Kirsten.,syntax_semantics,control_raising,existential_there_object_raising,True,False,True,False,969,-107.92976379394531,-107.20799255371094,0
Melanie anticipates there to be few dogs bothering Suzanne.,Melanie badgers there to be few dogs bothering Suzanne.,syntax_semantics,control_raising,existential_there_object_raising,True,False,True,False,970,-93.21121215820312,-92.4915542602539,0
Becca believed there to be fewer than three plays shocking Claire.,Becca persuaded there to be fewer than three plays shocking Claire.,syntax_semantics,control_raising,existential_there_object_raising,True,False,True,False,971,-89.660400390625,-94.21855926513672,1
Donna preferred there to be some casseroles annoying those banks.,Donna encourages there to be some casseroles annoying those banks.,syntax_semantics,control_raising,existential_there_object_raising,True,False,True,False,972,-100.81720733642578,-101.20027923583984,1
Those teachers' brother does consider there to be more than three socks shocking Spain.,Those teachers' brother does oblige there to be more than three socks shocking Spain.,syntax_semantics,control_raising,existential_there_object_raising,True,False,True,False,973,-109.94078063964844,-114.0760498046875,1
Waiters weren't anticipating there to be no shoes folding.,Waiters weren't commissioning there to be no shoes folding.,syntax_semantics,control_raising,existential_there_object_raising,True,False,True,False,974,-76.35008239746094,-81.4345474243164,1
This woman was finding there to be few reports stunning Monet.,This woman was persuading there to be few reports stunning Monet.,syntax_semantics,control_raising,existential_there_object_raising,True,False,True,False,975,-89.10504150390625,-101.59046936035156,1
Derek expects there to be water existing.,Derek orders there to be water existing.,syntax_semantics,control_raising,existential_there_object_raising,True,False,True,False,976,-63.64272689819336,-62.58710479736328,0
Maria discovers there to be a newspaper article about Monet winning.,Maria prodded there to be a newspaper article about Monet winning.,syntax_semantics,control_raising,existential_there_object_raising,True,False,True,False,977,-84.79759979248047,-98.71321105957031,1
Some company was judging there to be an eye bothering Sally.,Some company was pressuring there to be an eye bothering Sally.,syntax_semantics,control_raising,existential_there_object_raising,True,False,True,False,978,-71.05513000488281,-72.80671691894531,1
Ronald's cousins declare there to be a painting of Laurie disturbing Ellen.,Ronald's cousins beg there to be a painting of Laurie disturbing Ellen.,syntax_semantics,control_raising,existential_there_object_raising,True,False,True,False,979,-102.68866729736328,-103.41806030273438,1
Gina anticipates there to be few sketches stunning Rhonda.,Gina encourages there to be few sketches stunning Rhonda.,syntax_semantics,control_raising,existential_there_object_raising,True,False,True,False,980,-105.74024963378906,-95.60517883300781,0
Tracy is believing there to be no documentaries about politics alarming Jill.,Tracy is pushing there to be no documentaries about politics alarming Jill.,syntax_semantics,control_raising,existential_there_object_raising,True,False,True,False,981,-101.69035339355469,-102.4344253540039,1
Dennis had judged there to be a plane confusing Melanie.,Dennis had urged there to be a plane confusing Melanie.,syntax_semantics,control_raising,existential_there_object_raising,True,False,True,False,982,-76.87377166748047,-76.6507568359375,0
Martha finds there to be more than three books about the Clintons falling.,Martha badgers there to be more than three books about the Clintons falling.,syntax_semantics,control_raising,existential_there_object_raising,True,False,True,False,983,-86.72490692138672,-99.15950012207031,1
Nicole's plumber wasn't judging there to be a nose looking like a painting.,Nicole's plumber wasn't persuading there to be a nose looking like a painting.,syntax_semantics,control_raising,existential_there_object_raising,True,False,True,False,984,-102.33504486083984,-111.62994384765625,1
Noah couldn't consider there to be a mother of Carlos revealing Heather.,Noah couldn't commission there to be a mother of Carlos revealing Heather.,syntax_semantics,control_raising,existential_there_object_raising,True,False,True,False,985,-93.71170806884766,-98.29116821289062,1
Guys judge there to be a sister of students escaping.,Guys spur there to be a sister of students escaping.,syntax_semantics,control_raising,existential_there_object_raising,True,False,True,False,986,-70.83854675292969,-73.1501235961914,1
A lot of doctors' colleague does believe there to be a niece of the guy annoying Spain.,A lot of doctors' colleague does ask there to be a niece of the guy annoying Spain.,syntax_semantics,control_raising,existential_there_object_raising,True,False,True,False,987,-117.61483764648438,-120.61837005615234,1
Theses predicted there to be many schools changing.,Theses persuade there to be many schools changing.,syntax_semantics,control_raising,existential_there_object_raising,True,False,True,False,988,-68.59467315673828,-69.56501770019531,1
Paul's doctors will expect there to be a senator concurring.,Paul's doctors will prompt there to be a senator concurring.,syntax_semantics,control_raising,existential_there_object_raising,True,False,True,False,989,-80.01666259765625,-85.21391296386719,1
Liam's partner hasn't needed there to be a newspaper article about the Balkans disturbing Alicia.,Liam's partner hasn't implored there to be a newspaper article about the Balkans disturbing Alicia.,syntax_semantics,control_raising,existential_there_object_raising,True,False,True,False,990,-126.83551025390625,-135.35006713867188,1
Most waitresses didn't find there to be a hat tightening.,Most waitresses didn't encourage there to be a hat tightening.,syntax_semantics,control_raising,existential_there_object_raising,True,False,True,False,991,-78.42308044433594,-83.43010711669922,1
That man won't judge there to be a snake climbing down the mountain.,That man won't command there to be a snake climbing down the mountain.,syntax_semantics,control_raising,existential_there_object_raising,True,False,True,False,992,-76.50691223144531,-77.12712097167969,1
Holly hadn't ascertained there to be an essay hurting Anna.,Holly hadn't obligated there to be an essay hurting Anna.,syntax_semantics,control_raising,existential_there_object_raising,True,False,True,False,993,-90.51107788085938,-85.64326477050781,0
Martha needs there to be a horse disappearing.,Martha entices there to be a horse disappearing.,syntax_semantics,control_raising,existential_there_object_raising,True,False,True,False,994,-56.9813232421875,-65.97803497314453,1
Alicia needed there to be fewer than three drivers forfeiting.,Alicia entices there to be fewer than three drivers forfeiting.,syntax_semantics,control_raising,existential_there_object_raising,True,False,True,False,995,-93.66548156738281,-105.60382843017578,1
Martha does ascertain there to be a mirror bothering the Clintons.,Martha does sway there to be a mirror bothering the Clintons.,syntax_semantics,control_raising,existential_there_object_raising,True,False,True,False,996,-86.79326629638672,-86.43404388427734,0
Natalie prefers there to be screens confusing Mitchell.,Natalie encourages there to be screens confusing Mitchell.,syntax_semantics,control_raising,existential_there_object_raising,True,False,True,False,997,-82.24575805664062,-82.42555236816406,1
Anna's guests ascertained there to be fewer than three pants embarrassing Rhonda.,Anna's guests persuade there to be fewer than three pants embarrassing Rhonda.,syntax_semantics,control_raising,existential_there_object_raising,True,False,True,False,998,-116.30851745605469,-109.68113708496094,0
Regina hadn't found there to be a sock fraying.,Regina hadn't pressed there to be a sock fraying.,syntax_semantics,control_raising,existential_there_object_raising,True,False,True,False,999,-78.04136657714844,-82.21244812011719,1
