sentence_good,sentence_bad,field,linguistics_term,UID,simple_LM_method,one_prefix_method,two_prefix_method,lexically_identical,pair_id,good_prob,bad_prob,correct
This customer who had visited most children has worn some shoes.,This customer who had visited most children have worn some shoes.,morphology,subject_verb_agreement,distractor_agreement_relative_clause,True,True,False,False,0,-72.08785247802734,-70.6860122680664,0
This boy that didn't question all guests has forgotten about what wasn't vaporizing.,This boy that didn't question all guests have forgotten about what wasn't vaporizing.,morphology,subject_verb_agreement,distractor_agreement_relative_clause,True,True,False,False,1,-98.48436737060547,-95.49150848388672,0
Boys that aren't disturbing Natalie suffer.,Boys that aren't disturbing Natalie suffers.,morphology,subject_verb_agreement,distractor_agreement_relative_clause,True,True,False,False,2,-62.65589141845703,-61.83667755126953,0
Some customers who irritates Amelia do persuade Galileo to come here.,Some customers who irritates Amelia does persuade Galileo to come here.,morphology,subject_verb_agreement,distractor_agreement_relative_clause,True,True,False,False,3,-89.32476806640625,-88.409912109375,0
Many children that had questioned this government do cooperate.,Many children that had questioned this government does cooperate.,morphology,subject_verb_agreement,distractor_agreement_relative_clause,True,True,False,False,4,-62.77180480957031,-62.47282409667969,0
A lot of schools that have concealed Adam worry.,A lot of schools that have concealed Adam worries.,morphology,subject_verb_agreement,distractor_agreement_relative_clause,True,True,False,False,5,-60.19207763671875,-59.45227813720703,0
All pedestrians that wouldn't shock William read.,All pedestrians that wouldn't shock William reads.,morphology,subject_verb_agreement,distractor_agreement_relative_clause,True,True,False,False,6,-62.9658317565918,-62.21196746826172,0
The girl who had visited most guests is curing a woman.,The girl who had visited most guests were curing a woman.,morphology,subject_verb_agreement,distractor_agreement_relative_clause,True,True,False,False,7,-70.7665023803711,-70.0829086303711,0
Those guys that hid Kenneth explain Rhonda won't skate around a lot of restaurants.,Those guys that hid Kenneth explains Rhonda won't skate around a lot of restaurants.,morphology,subject_verb_agreement,distractor_agreement_relative_clause,True,True,False,False,8,-110.0034408569336,-111.4148178100586,1
A doctor who researched the Clintons waves.,A doctor who researched the Clintons wave.,morphology,subject_verb_agreement,distractor_agreement_relative_clause,True,True,False,False,9,-54.45804977416992,-51.939605712890625,0
Some mushroom that will bother the Lutherans has upset Regina.,Some mushroom that will bother the Lutherans have upset Regina.,morphology,subject_verb_agreement,distractor_agreement_relative_clause,True,True,False,False,10,-82.1854248046875,-81.37660217285156,0
The girl who doesn't annoy these adults works with Kristin.,The girl who doesn't annoy these adults work with Kristin.,morphology,subject_verb_agreement,distractor_agreement_relative_clause,True,True,False,False,11,-74.00982666015625,-71.74266052246094,0
Some legislature that alarmed the pedestrians has needed Sandra to blink.,Some legislature that alarmed the pedestrians have needed Sandra to blink.,morphology,subject_verb_agreement,distractor_agreement_relative_clause,True,True,False,False,12,-93.38291931152344,-93.32952880859375,0
The drawing that can't look like most sketches isn't looking like Elaine.,The drawing that can't look like most sketches aren't looking like Elaine.,morphology,subject_verb_agreement,distractor_agreement_relative_clause,True,True,False,False,13,-79.878662109375,-77.77101135253906,0
The waitress who was upsetting these associations doesn't admire this cat.,The waitress who was upsetting these associations don't admire this cat.,morphology,subject_verb_agreement,distractor_agreement_relative_clause,True,True,False,False,14,-84.49368286132812,-81.3637924194336,0
Actors who embarrasses Brad long to surrender.,Actors who embarrasses Brad longs to surrender.,morphology,subject_verb_agreement,distractor_agreement_relative_clause,True,True,False,False,15,-71.81004333496094,-75.27706909179688,1
That guy that respects those doctors praises some newspaper article.,That guy that respects those doctors praise some newspaper article.,morphology,subject_verb_agreement,distractor_agreement_relative_clause,True,True,False,False,16,-79.99138641357422,-76.7260513305664,0
The waiter who isn't disturbing many boys writes.,The waiter who isn't disturbing many boys write.,morphology,subject_verb_agreement,distractor_agreement_relative_clause,True,True,False,False,17,-66.65669250488281,-65.19400024414062,0
Some lady that sells some hospitals encourages Vanessa to move.,Some lady that sells some hospitals encourage Vanessa to move.,morphology,subject_verb_agreement,distractor_agreement_relative_clause,True,True,False,False,18,-77.41230010986328,-78.21575164794922,1
These guys who annoys a committee were interacting.,These guys who annoys a committee was interacting.,morphology,subject_verb_agreement,distractor_agreement_relative_clause,True,True,False,False,19,-64.87189483642578,-63.917991638183594,0
Many universities that weren't praising Carla don't talk about a driver.,Many universities that weren't praising Carla doesn't talk about a driver.,morphology,subject_verb_agreement,distractor_agreement_relative_clause,True,True,False,False,20,-84.18714904785156,-82.90658569335938,0
Some adults that are fleeing from Curtis weren't waving.,Some adults that are fleeing from Curtis isn't waving.,morphology,subject_verb_agreement,distractor_agreement_relative_clause,True,True,False,False,21,-65.66268920898438,-65.009521484375,0
This cashier that should disturb those girls has spun around.,This cashier that should disturb those girls have spun around.,morphology,subject_verb_agreement,distractor_agreement_relative_clause,True,True,False,False,22,-76.23182678222656,-73.47579193115234,0
Every association that didn't praise a lot of men badgers Beth to hate Kristin.,Every association that didn't praise a lot of men badger Beth to hate Kristin.,morphology,subject_verb_agreement,distractor_agreement_relative_clause,True,True,False,False,23,-114.21920776367188,-111.93236541748047,0
Some patients who dislike Kendra negotiate.,Some patients who dislike Kendra negotiates.,morphology,subject_verb_agreement,distractor_agreement_relative_clause,True,True,False,False,24,-54.253639221191406,-53.50349807739258,0
A senator who saw the Lutherans doesn't observe Dennis.,A senator who saw the Lutherans don't observe Dennis.,morphology,subject_verb_agreement,distractor_agreement_relative_clause,True,True,False,False,25,-73.0946273803711,-71.22662353515625,0
Every committee that didn't appreciate those men wasn't surrendering.,Every committee that didn't appreciate those men weren't surrendering.,morphology,subject_verb_agreement,distractor_agreement_relative_clause,True,True,False,False,26,-68.84357452392578,-68.65301513671875,0
Some dancer that liked all girls cries.,Some dancer that liked all girls cry.,morphology,subject_verb_agreement,distractor_agreement_relative_clause,True,True,False,False,27,-55.27800369262695,-53.05384826660156,0
All adults who hire Bruce ascend some slope.,All adults who hire Bruce ascends some slope.,morphology,subject_verb_agreement,distractor_agreement_relative_clause,True,True,False,False,28,-70.45716857910156,-71.79351806640625,1
This actress who fired adults is touring the bank.,This actress who fired adults were touring the bank.,morphology,subject_verb_agreement,distractor_agreement_relative_clause,True,True,False,False,29,-65.77481842041016,-65.51666259765625,0
A lot of customers that upset Melissa haven't admired some cafes.,A lot of customers that upset Melissa hasn't admired some cafes.,morphology,subject_verb_agreement,distractor_agreement_relative_clause,True,True,False,False,30,-82.53302001953125,-80.28263854980469,0
A school that could hate these actors testifies.,A school that could hate these actors testify.,morphology,subject_verb_agreement,distractor_agreement_relative_clause,True,True,False,False,31,-69.46070861816406,-56.92877960205078,0
Those ladies who were thinking about Emily break every car.,Those ladies who were thinking about Emily breaks every car.,morphology,subject_verb_agreement,distractor_agreement_relative_clause,True,True,False,False,32,-67.39325714111328,-65.13750457763672,0
Most actors that were stunning Steven do heal Jerry.,Most actors that were stunning Steven does heal Jerry.,morphology,subject_verb_agreement,distractor_agreement_relative_clause,True,True,False,False,33,-82.38801574707031,-80.21467590332031,0
This guy that saw people cares for Claire.,This guy that saw people care for Claire.,morphology,subject_verb_agreement,distractor_agreement_relative_clause,True,True,False,False,34,-54.978660583496094,-50.41813659667969,0
The cashiers who distracts Jesus require this lady to praise Diane.,The cashiers who distracts Jesus requires this lady to praise Diane.,morphology,subject_verb_agreement,distractor_agreement_relative_clause,True,True,False,False,35,-96.05941772460938,-94.30790710449219,0
A lot of students that can flee from Samantha think about libraries.,A lot of students that can flee from Samantha thinks about libraries.,morphology,subject_verb_agreement,distractor_agreement_relative_clause,True,True,False,False,36,-77.67269897460938,-76.86897277832031,0
All libraries that haven't hired Amy weren't judging most waitresses to worry Katherine.,All libraries that haven't hired Amy isn't judging most waitresses to worry Katherine.,morphology,subject_verb_agreement,distractor_agreement_relative_clause,True,True,False,False,37,-116.59141540527344,-114.77548217773438,0
This girl that has shocked senators hasn't baked.,This girl that has shocked senators haven't baked.,morphology,subject_verb_agreement,distractor_agreement_relative_clause,True,True,False,False,38,-70.82014465332031,-69.99449157714844,0
A lot of teachers who hadn't stunned Vanessa dislike Karla.,A lot of teachers who hadn't stunned Vanessa dislikes Karla.,morphology,subject_verb_agreement,distractor_agreement_relative_clause,True,True,False,False,39,-85.0709228515625,-86.41197967529297,1
Every patient who did think about the organizations has concealed what struggled.,Every patient who did think about the organizations have concealed what struggled.,morphology,subject_verb_agreement,distractor_agreement_relative_clause,True,True,False,False,40,-84.70462036132812,-84.44256591796875,0
That adult that investigates these guests is reading.,That adult that investigates these guests are reading.,morphology,subject_verb_agreement,distractor_agreement_relative_clause,True,True,False,False,41,-62.255149841308594,-60.04241943359375,0
A lot of actors that are concealing Wendy neglect to reply.,A lot of actors that are concealing Wendy neglects to reply.,morphology,subject_verb_agreement,distractor_agreement_relative_clause,True,True,False,False,42,-74.96636962890625,-79.89274597167969,1
A lot of actors who were healing Ellen don't visit Martha.,A lot of actors who were healing Ellen doesn't visit Martha.,morphology,subject_verb_agreement,distractor_agreement_relative_clause,True,True,False,False,43,-82.52691650390625,-82.63043975830078,1
The customers that didn't irritate Deborah weren't stretching.,The customers that didn't irritate Deborah isn't stretching.,morphology,subject_verb_agreement,distractor_agreement_relative_clause,True,True,False,False,44,-68.34639739990234,-66.54158782958984,0
Many dancers that had disliked Leslie weren't exploring some museums.,Many dancers that had disliked Leslie isn't exploring some museums.,morphology,subject_verb_agreement,distractor_agreement_relative_clause,True,True,False,False,45,-84.80909729003906,-84.09220886230469,0
That lady that hasn't aggravated most ladies does concur.,That lady that hasn't aggravated most ladies do concur.,morphology,subject_verb_agreement,distractor_agreement_relative_clause,True,True,False,False,46,-82.83185577392578,-81.39192962646484,0
The government that hadn't alarmed these associations finds out who longs to train.,The government that hadn't alarmed these associations find out who longs to train.,morphology,subject_verb_agreement,distractor_agreement_relative_clause,True,True,False,False,47,-101.56027221679688,-98.29194641113281,0
This actor who respected some patients slumps over.,This actor who respected some patients slump over.,morphology,subject_verb_agreement,distractor_agreement_relative_clause,True,True,False,False,48,-70.05740356445312,-68.16008758544922,0
Those girls that distracts Julia aren't wishing to cook.,Those girls that distracts Julia isn't wishing to cook.,morphology,subject_verb_agreement,distractor_agreement_relative_clause,True,True,False,False,49,-69.81332397460938,-68.56929016113281,0
A lot of hospitals that insulted Julie have forgotten about who escape.,A lot of hospitals that insulted Julie has forgotten about who escape.,morphology,subject_verb_agreement,distractor_agreement_relative_clause,True,True,False,False,50,-87.6868667602539,-86.02110290527344,0
Some guest who isn't bothering customers doesn't fire Maria.,Some guest who isn't bothering customers don't fire Maria.,morphology,subject_verb_agreement,distractor_agreement_relative_clause,True,True,False,False,51,-74.49098205566406,-72.17477416992188,0
Every waitress that knew a lot of senators was describing Valerie.,Every waitress that knew a lot of senators are describing Valerie.,morphology,subject_verb_agreement,distractor_agreement_relative_clause,True,True,False,False,52,-80.05276489257812,-78.5547866821289,0
Those patients that returned to Homer weren't training.,Those patients that returned to Homer isn't training.,morphology,subject_verb_agreement,distractor_agreement_relative_clause,True,True,False,False,53,-60.44729232788086,-59.629268646240234,0
The university that had a lot of unicycles alarms Rebecca.,The university that had a lot of unicycles alarm Rebecca.,morphology,subject_verb_agreement,distractor_agreement_relative_clause,True,True,False,False,54,-80.51068115234375,-78.20155334472656,0
The library that was referencing all senators seems to argue.,The library that was referencing all senators seem to argue.,morphology,subject_verb_agreement,distractor_agreement_relative_clause,True,True,False,False,55,-70.20002746582031,-68.10335540771484,0
That library that couldn't listen to these actresses hasn't assembled.,That library that couldn't listen to these actresses haven't assembled.,morphology,subject_verb_agreement,distractor_agreement_relative_clause,True,True,False,False,56,-73.47711944580078,-73.41920471191406,0
The doctors who should dislike some man pass this restaurant.,The doctors who should dislike some man passes this restaurant.,morphology,subject_verb_agreement,distractor_agreement_relative_clause,True,True,False,False,57,-71.60370635986328,-69.49134063720703,0
Every committee that might discuss the Lutherans doesn't yearn to collaborate.,Every committee that might discuss the Lutherans don't yearn to collaborate.,morphology,subject_verb_agreement,distractor_agreement_relative_clause,True,True,False,False,58,-94.24388885498047,-93.95802307128906,0
Every waiter who would visit some banks conceals who assemble.,Every waiter who would visit some banks conceal who assemble.,morphology,subject_verb_agreement,distractor_agreement_relative_clause,True,True,False,False,59,-80.94168090820312,-86.44869995117188,1
A lot of cashiers who didn't approach Cindy have escaped.,A lot of cashiers who didn't approach Cindy has escaped.,morphology,subject_verb_agreement,distractor_agreement_relative_clause,True,True,False,False,60,-76.40249633789062,-73.48588562011719,0
Many glasses that did hurt David do look like most pictures.,Many glasses that did hurt David does look like most pictures.,morphology,subject_verb_agreement,distractor_agreement_relative_clause,True,True,False,False,61,-69.67205810546875,-70.54591369628906,1
Those girls who have questioned Marie were lifting this bank.,Those girls who have questioned Marie was lifting this bank.,morphology,subject_verb_agreement,distractor_agreement_relative_clause,True,True,False,False,62,-72.11746978759766,-70.8556900024414,0
A lot of waiters who didn't dislike Katherine press Pamela to nod.,A lot of waiters who didn't dislike Katherine presses Pamela to nod.,morphology,subject_verb_agreement,distractor_agreement_relative_clause,True,True,False,False,63,-95.11068725585938,-97.34352111816406,1
Teenagers who haven't left Tara do implore Joseph's French teacher to alarm the museum.,Teenagers who haven't left Tara does implore Joseph's French teacher to alarm the museum.,morphology,subject_verb_agreement,distractor_agreement_relative_clause,True,True,False,False,64,-119.91138458251953,-119.68531036376953,0
All teenagers that bother Allison litter.,All teenagers that bother Allison litters.,morphology,subject_verb_agreement,distractor_agreement_relative_clause,True,True,False,False,65,-54.78841018676758,-58.449344635009766,1
These children that have astounded Carol care for Stacy.,These children that have astounded Carol cares for Stacy.,morphology,subject_verb_agreement,distractor_agreement_relative_clause,True,True,False,False,66,-71.51274108886719,-71.18958282470703,0
The teachers who have distracted a library have clashed.,The teachers who have distracted a library has clashed.,morphology,subject_verb_agreement,distractor_agreement_relative_clause,True,True,False,False,67,-60.3834342956543,-61.34553527832031,1
This teenager who watches most children isn't chuckling.,This teenager who watches most children aren't chuckling.,morphology,subject_verb_agreement,distractor_agreement_relative_clause,True,True,False,False,68,-66.24248504638672,-64.38642883300781,0
The senators that confuses Phillip aren't trying to react.,The senators that confuses Phillip wasn't trying to react.,morphology,subject_verb_agreement,distractor_agreement_relative_clause,True,True,False,False,69,-74.67759704589844,-72.73841857910156,0
That customer that helped the waiters investigates a library.,That customer that helped the waiters investigate a library.,morphology,subject_verb_agreement,distractor_agreement_relative_clause,True,True,False,False,70,-71.77391052246094,-66.18013000488281,0
This teenager who remembered those actresses wasn't climbing up a hill.,This teenager who remembered those actresses weren't climbing up a hill.,morphology,subject_verb_agreement,distractor_agreement_relative_clause,True,True,False,False,71,-81.19210815429688,-79.5844497680664,0
Every teenager that didn't admire those waiters wasn't studying.,Every teenager that didn't admire those waiters aren't studying.,morphology,subject_verb_agreement,distractor_agreement_relative_clause,True,True,False,False,72,-76.25932312011719,-73.68354797363281,0
This cashier that admired all waitresses doesn't smile.,This cashier that admired all waitresses don't smile.,morphology,subject_verb_agreement,distractor_agreement_relative_clause,True,True,False,False,73,-82.24226379394531,-80.62858581542969,0
This girl that hadn't fired women does learn.,This girl that hadn't fired women do learn.,morphology,subject_verb_agreement,distractor_agreement_relative_clause,True,True,False,False,74,-61.1546745300293,-60.77225112915039,0
Many students who don't listen to this lady don't irritate Carrie.,Many students who don't listen to this lady doesn't irritate Carrie.,morphology,subject_verb_agreement,distractor_agreement_relative_clause,True,True,False,False,75,-69.7031021118164,-68.70144653320312,0
Every university that bothered many actors loves Caroline.,Every university that bothered many actors love Caroline.,morphology,subject_verb_agreement,distractor_agreement_relative_clause,True,True,False,False,76,-67.89923858642578,-64.50460052490234,0
That actress who isn't leaving most doctors slumps over.,That actress who isn't leaving most doctors slump over.,morphology,subject_verb_agreement,distractor_agreement_relative_clause,True,True,False,False,77,-74.37176513671875,-73.52810668945312,0
That photograph that isn't looking like all tomatoes does look like some prints.,That photograph that isn't looking like all tomatoes do look like some prints.,morphology,subject_verb_agreement,distractor_agreement_relative_clause,True,True,False,False,78,-87.7647476196289,-84.66993713378906,0
Waiters that knew Wayne walk through this movie theater.,Waiters that knew Wayne walks through this movie theater.,morphology,subject_verb_agreement,distractor_agreement_relative_clause,True,True,False,False,79,-69.52655792236328,-67.37150573730469,0
The senators that hadn't investigated a legislature aren't chatting.,The senators that hadn't investigated a legislature isn't chatting.,morphology,subject_verb_agreement,distractor_agreement_relative_clause,True,True,False,False,80,-78.73631286621094,-77.19149780273438,0
Some students who hide Steven stretch.,Some students who hide Steven stretches.,morphology,subject_verb_agreement,distractor_agreement_relative_clause,True,True,False,False,81,-52.03274154663086,-50.46255111694336,0
The pedestrian who healed some hamsters climbs down that ladder.,The pedestrian who healed some hamsters climb down that ladder.,morphology,subject_verb_agreement,distractor_agreement_relative_clause,True,True,False,False,82,-87.11723327636719,-85.26457214355469,0
Some library that insulted women expects some university to talk about Brett.,Some library that insulted women expect some university to talk about Brett.,morphology,subject_verb_agreement,distractor_agreement_relative_clause,True,True,False,False,83,-95.52580261230469,-93.73271179199219,0
Many patients that would approach Patrick continue to work with Marcus.,Many patients that would approach Patrick continues to work with Marcus.,morphology,subject_verb_agreement,distractor_agreement_relative_clause,True,True,False,False,84,-67.70440673828125,-65.82192993164062,0
Actors who revealed Richard have compromised.,Actors who revealed Richard has compromised.,morphology,subject_verb_agreement,distractor_agreement_relative_clause,True,True,False,False,85,-64.57508850097656,-62.01708984375,0
Some actors who criticized Cynthia haven't passed Spain.,Some actors who criticized Cynthia hasn't passed Spain.,morphology,subject_verb_agreement,distractor_agreement_relative_clause,True,True,False,False,86,-68.57283020019531,-66.96732330322266,0
This guy who won't upset universities prods Regina to study.,This guy who won't upset universities prod Regina to study.,morphology,subject_verb_agreement,distractor_agreement_relative_clause,True,True,False,False,87,-86.22119140625,-84.46839904785156,0
The ladies who knew Brett aren't exercising.,The ladies who knew Brett wasn't exercising.,morphology,subject_verb_agreement,distractor_agreement_relative_clause,True,True,False,False,88,-54.381919860839844,-52.105247497558594,0
The bank that hadn't astounded the men has prompted Alan's plumber to confuse Mary.,The bank that hadn't astounded the men have prompted Alan's plumber to confuse Mary.,morphology,subject_verb_agreement,distractor_agreement_relative_clause,True,True,False,False,89,-118.34666442871094,-118.54072570800781,1
This teenager that doesn't distract many actors has failed to litter.,This teenager that doesn't distract many actors have failed to litter.,morphology,subject_verb_agreement,distractor_agreement_relative_clause,True,True,False,False,90,-77.59457397460938,-75.59010314941406,0
Some waiters who boycott every museum weren't reacting.,Some waiters who boycott every museum isn't reacting.,morphology,subject_verb_agreement,distractor_agreement_relative_clause,True,True,False,False,91,-74.31489562988281,-71.74116516113281,0
This boy who disagrees with a lot of ladies has begged Angela to appear.,This boy who disagrees with a lot of ladies have begged Angela to appear.,morphology,subject_verb_agreement,distractor_agreement_relative_clause,True,True,False,False,92,-78.88228607177734,-79.9266357421875,1
Many adults who were stunning Emily do obligate Anna to get a job.,Many adults who were stunning Emily does obligate Anna to get a job.,morphology,subject_verb_agreement,distractor_agreement_relative_clause,True,True,False,False,93,-95.23529052734375,-95.76557922363281,1
Many universities that confused that guy were intending to change.,Many universities that confused that guy was intending to change.,morphology,subject_verb_agreement,distractor_agreement_relative_clause,True,True,False,False,94,-66.6077651977539,-62.25383377075195,0
Most waiters who astounded Dawn have kissed Robert.,Most waiters who astounded Dawn has kissed Robert.,morphology,subject_verb_agreement,distractor_agreement_relative_clause,True,True,False,False,95,-76.52969360351562,-74.78985595703125,0
Every customer who doesn't admire some drivers isn't buying this banana.,Every customer who doesn't admire some drivers weren't buying this banana.,morphology,subject_verb_agreement,distractor_agreement_relative_clause,True,True,False,False,96,-80.73514556884766,-82.94681549072266,1
The teacher who couldn't bore those senators has revealed Jerry.,The teacher who couldn't bore those senators have revealed Jerry.,morphology,subject_verb_agreement,distractor_agreement_relative_clause,True,True,False,False,97,-81.62298583984375,-80.7252426147461,0
Some boy that won't reveal these hospitals does persuade Christopher to speak up.,Some boy that won't reveal these hospitals do persuade Christopher to speak up.,morphology,subject_verb_agreement,distractor_agreement_relative_clause,True,True,False,False,98,-102.38533020019531,-102.0846176147461,0
Some actress who might hide the Borgias hasn't compromised.,Some actress who might hide the Borgias haven't compromised.,morphology,subject_verb_agreement,distractor_agreement_relative_clause,True,True,False,False,99,-76.51545715332031,-76.50426483154297,0
A cashier that isn't disgusting doctors has concealed Stephanie.,A cashier that isn't disgusting doctors have concealed Stephanie.,morphology,subject_verb_agreement,distractor_agreement_relative_clause,True,True,False,False,100,-83.82938385009766,-80.37342834472656,0
This lady that was annoying all boys does yawn.,This lady that was annoying all boys do yawn.,morphology,subject_verb_agreement,distractor_agreement_relative_clause,True,True,False,False,101,-67.42250061035156,-65.15508270263672,0
Pedestrians that shocks Eric ascertain some patients to heal Sonia.,Pedestrians that shocks Eric ascertains some patients to heal Sonia.,morphology,subject_verb_agreement,distractor_agreement_relative_clause,True,True,False,False,102,-99.50471496582031,-104.83120727539062,1
All patients who kiss Craig don't require Theodore to appreciate the pedestrians.,All patients who kiss Craig doesn't require Theodore to appreciate the pedestrians.,morphology,subject_verb_agreement,distractor_agreement_relative_clause,True,True,False,False,103,-97.9947509765625,-94.60382080078125,0
Most students who weren't shocking that school do retaliate.,Most students who weren't shocking that school does retaliate.,morphology,subject_verb_agreement,distractor_agreement_relative_clause,True,True,False,False,104,-67.44011688232422,-63.69473648071289,0
Some waitresses who would embarrass Steve clean many skirts.,Some waitresses who would embarrass Steve cleans many skirts.,morphology,subject_verb_agreement,distractor_agreement_relative_clause,True,True,False,False,105,-85.96226501464844,-87.70304107666016,1
Every customer that isn't irritating many men tours the closet.,Every customer that isn't irritating many men tour the closet.,morphology,subject_verb_agreement,distractor_agreement_relative_clause,True,True,False,False,106,-81.32469940185547,-78.98968505859375,0
Most guests who weren't alarming the legislature weren't negotiating.,Most guests who weren't alarming the legislature isn't negotiating.,morphology,subject_verb_agreement,distractor_agreement_relative_clause,True,True,False,False,107,-71.19634246826172,-70.59393310546875,0
Some cashier who listens to some customers appreciates that man.,Some cashier who listens to some customers appreciate that man.,morphology,subject_verb_agreement,distractor_agreement_relative_clause,True,True,False,False,108,-70.99446105957031,-66.76628875732422,0
Many children that visit Alan do reveal what hasn't irritated every student.,Many children that visit Alan does reveal what hasn't irritated every student.,morphology,subject_verb_agreement,distractor_agreement_relative_clause,True,True,False,False,109,-93.42435455322266,-92.02650451660156,0
This waitress that wouldn't disturb the drivers approves.,This waitress that wouldn't disturb the drivers approve.,morphology,subject_verb_agreement,distractor_agreement_relative_clause,True,True,False,False,110,-62.18486785888672,-60.08468246459961,0
Some boy who wouldn't hide these dancers washes.,Some boy who wouldn't hide these dancers wash.,morphology,subject_verb_agreement,distractor_agreement_relative_clause,True,True,False,False,111,-62.51829528808594,-61.44413757324219,0
This adult who would alarm these dancers doesn't perform.,This adult who would alarm these dancers don't perform.,morphology,subject_verb_agreement,distractor_agreement_relative_clause,True,True,False,False,112,-75.0315170288086,-72.03433227539062,0
Most senators who would praise Maria need to learn.,Most senators who would praise Maria needs to learn.,morphology,subject_verb_agreement,distractor_agreement_relative_clause,True,True,False,False,113,-63.296531677246094,-63.53233337402344,1
These teachers that hadn't left Harvard University succeed.,These teachers that hadn't left Harvard University succeeds.,morphology,subject_verb_agreement,distractor_agreement_relative_clause,True,True,False,False,114,-56.926246643066406,-59.6899299621582,1
Some ladies that stunned Brett are waving.,Some ladies that stunned Brett is waving.,morphology,subject_verb_agreement,distractor_agreement_relative_clause,True,True,False,False,115,-54.95668411254883,-53.837158203125,0
This doctor that discusses cashiers cheers.,This doctor that discusses cashiers cheer.,morphology,subject_verb_agreement,distractor_agreement_relative_clause,True,True,False,False,116,-63.926029205322266,-63.49531936645508,0
A lot of banks that referenced Omar weren't appearing to examine every commentary.,A lot of banks that referenced Omar wasn't appearing to examine every commentary.,morphology,subject_verb_agreement,distractor_agreement_relative_clause,True,True,False,False,117,-92.99787902832031,-92.98280334472656,0
A lot of pedestrians that remember Kristen haven't dared Tonya's mothers to work hard.,A lot of pedestrians that remember Kristen hasn't dared Tonya's mothers to work hard.,morphology,subject_verb_agreement,distractor_agreement_relative_clause,True,True,False,False,118,-110.85279846191406,-109.76519775390625,0
Some customer that had revealed most patients was encouraging Janet to exist.,Some customer that had revealed most patients are encouraging Janet to exist.,morphology,subject_verb_agreement,distractor_agreement_relative_clause,True,True,False,False,119,-83.99549102783203,-82.28319549560547,0
All children who had bored Randolf were persuading Rhonda's tutor to reveal Alan.,All children who had bored Randolf is persuading Rhonda's tutor to reveal Alan.,morphology,subject_verb_agreement,distractor_agreement_relative_clause,True,True,False,False,120,-128.25460815429688,-126.87196350097656,0
A lot of associations that worked with Melinda reveal what isn't dimming.,A lot of associations that worked with Melinda reveals what isn't dimming.,morphology,subject_verb_agreement,distractor_agreement_relative_clause,True,True,False,False,121,-92.41910552978516,-89.50820922851562,0
Some actors who haven't disliked that child get fired.,Some actors who haven't disliked that child gets fired.,morphology,subject_verb_agreement,distractor_agreement_relative_clause,True,True,False,False,122,-63.259742736816406,-62.136260986328125,0
All guests that noticed Phillip sneeze.,All guests that noticed Phillip sneezes.,morphology,subject_verb_agreement,distractor_agreement_relative_clause,True,True,False,False,123,-57.32618713378906,-54.959197998046875,0
The adults that should complain about Marie are buying some school.,The adults that should complain about Marie was buying some school.,morphology,subject_verb_agreement,distractor_agreement_relative_clause,True,True,False,False,124,-75.44956970214844,-73.1769027709961,0
A lot of companies that were bothering David appreciate many teachers.,A lot of companies that were bothering David appreciates many teachers.,morphology,subject_verb_agreement,distractor_agreement_relative_clause,True,True,False,False,125,-71.60847473144531,-71.2773666381836,0
The hamster that was distracting senators isn't hiding.,The hamster that was distracting senators aren't hiding.,morphology,subject_verb_agreement,distractor_agreement_relative_clause,True,True,False,False,126,-71.33415985107422,-69.57479095458984,0
Every wheelbarrow that isn't astounding those governments has moved.,Every wheelbarrow that isn't astounding those governments have moved.,morphology,subject_verb_agreement,distractor_agreement_relative_clause,True,True,False,False,127,-88.51688385009766,-84.46875762939453,0
Some customers that weren't watching Julie were watching Kayla.,Some customers that weren't watching Julie is watching Kayla.,morphology,subject_verb_agreement,distractor_agreement_relative_clause,True,True,False,False,128,-64.9061508178711,-62.836097717285156,0
Many guys who disturb Nicole haven't proposed to retaliate.,Many guys who disturb Nicole hasn't proposed to retaliate.,morphology,subject_verb_agreement,distractor_agreement_relative_clause,True,True,False,False,129,-74.16033935546875,-72.0934829711914,0
All waiters who might leave the man flee from Frank.,All waiters who might leave the man flees from Frank.,morphology,subject_verb_agreement,distractor_agreement_relative_clause,True,True,False,False,130,-69.31341552734375,-74.75923156738281,1
Some waiter that has remembered senators hasn't hidden many girls.,Some waiter that has remembered senators haven't hidden many girls.,morphology,subject_verb_agreement,distractor_agreement_relative_clause,True,True,False,False,131,-89.62640380859375,-90.48455810546875,1
That association that wasn't selling these hospitals doesn't remember Travis.,That association that wasn't selling these hospitals don't remember Travis.,morphology,subject_verb_agreement,distractor_agreement_relative_clause,True,True,False,False,132,-86.14151000976562,-83.5553207397461,0
That dancer who wouldn't talk to many guests does exercise.,That dancer who wouldn't talk to many guests do exercise.,morphology,subject_verb_agreement,distractor_agreement_relative_clause,True,True,False,False,133,-71.28871154785156,-69.50094604492188,0
That customer that worried the Lutherans hasn't hugged Samuel.,That customer that worried the Lutherans haven't hugged Samuel.,morphology,subject_verb_agreement,distractor_agreement_relative_clause,True,True,False,False,134,-80.49472045898438,-79.02587890625,0
Guests who aren't stunning Sara know who isn't laughing.,Guests who aren't stunning Sara knows who isn't laughing.,morphology,subject_verb_agreement,distractor_agreement_relative_clause,True,True,False,False,135,-78.62774658203125,-76.8531723022461,0
Some pedestrians who are hurting Benjamin haven't complained.,Some pedestrians who are hurting Benjamin hasn't complained.,morphology,subject_verb_agreement,distractor_agreement_relative_clause,True,True,False,False,136,-65.82847595214844,-64.54533386230469,0
The guests who conceal every waiter donate.,The guests who conceal every waiter donates.,morphology,subject_verb_agreement,distractor_agreement_relative_clause,True,True,False,False,137,-58.517822265625,-60.29243469238281,1
The association that hasn't disgusted these dancers forgets Julia.,The association that hasn't disgusted these dancers forget Julia.,morphology,subject_verb_agreement,distractor_agreement_relative_clause,True,True,False,False,138,-82.84626007080078,-80.99738311767578,0
The dancer who has upset some doctors wasn't shouting.,The dancer who has upset some doctors aren't shouting.,morphology,subject_verb_agreement,distractor_agreement_relative_clause,True,True,False,False,139,-71.30658721923828,-68.1028823852539,0
Those senators who respected Brian approach those ladies.,Those senators who respected Brian approaches those ladies.,morphology,subject_verb_agreement,distractor_agreement_relative_clause,True,True,False,False,140,-71.64584350585938,-72.10603332519531,1
Most teenagers that like a student do entreat Sally's mentee to help Deanna.,Most teenagers that like a student does entreat Sally's mentee to help Deanna.,morphology,subject_verb_agreement,distractor_agreement_relative_clause,True,True,False,False,141,-115.7459945678711,-115.17705535888672,0
Many committees that have disliked Robert haven't enticed some organizations to argue.,Many committees that have disliked Robert hasn't enticed some organizations to argue.,morphology,subject_verb_agreement,distractor_agreement_relative_clause,True,True,False,False,142,-99.83628845214844,-97.32154846191406,0
This cashier who admires the Borgias spins around.,This cashier who admires the Borgias spin around.,morphology,subject_verb_agreement,distractor_agreement_relative_clause,True,True,False,False,143,-78.16629028320312,-75.93921661376953,0
The schools that shock Brett do remember who did say the Impressionists are dating.,The schools that shock Brett does remember who did say the Impressionists are dating.,morphology,subject_verb_agreement,distractor_agreement_relative_clause,True,True,False,False,144,-110.30211639404297,-111.99652862548828,1
These museums that worried Christopher haven't happened to shock every pedestrian.,These museums that worried Christopher hasn't happened to shock every pedestrian.,morphology,subject_verb_agreement,distractor_agreement_relative_clause,True,True,False,False,145,-94.2408447265625,-90.52976989746094,0
That waitress who respects those schools is joking around.,That waitress who respects those schools are joking around.,morphology,subject_verb_agreement,distractor_agreement_relative_clause,True,True,False,False,146,-62.73292541503906,-61.09589767456055,0
All pedestrians who hired Kimberley break every screen.,All pedestrians who hired Kimberley breaks every screen.,morphology,subject_verb_agreement,distractor_agreement_relative_clause,True,True,False,False,147,-73.17584991455078,-69.59344482421875,0
Those lakes that can't stun every museum aren't hurting the Clintons.,Those lakes that can't stun every museum wasn't hurting the Clintons.,morphology,subject_verb_agreement,distractor_agreement_relative_clause,True,True,False,False,148,-89.67110443115234,-90.51240539550781,1
Some senator who is bothering those waiters is forcing Carolyn to aggravate Peter.,Some senator who is bothering those waiters were forcing Carolyn to aggravate Peter.,morphology,subject_verb_agreement,distractor_agreement_relative_clause,True,True,False,False,149,-103.55618286132812,-106.89984130859375,1
That teenager who finds children was crying.,That teenager who finds children are crying.,morphology,subject_verb_agreement,distractor_agreement_relative_clause,True,True,False,False,150,-47.82850646972656,-44.576416015625,0
All museums that discussed Valerie aren't protesting.,All museums that discussed Valerie wasn't protesting.,morphology,subject_verb_agreement,distractor_agreement_relative_clause,True,True,False,False,151,-67.65994262695312,-66.02217102050781,0
A driver who hired those drivers learns who hasn't donated.,A driver who hired those drivers learn who hasn't donated.,morphology,subject_verb_agreement,distractor_agreement_relative_clause,True,True,False,False,152,-73.7252197265625,-72.33183288574219,0
This lady who does observe some boys walks through hospitals.,This lady who does observe some boys walk through hospitals.,morphology,subject_verb_agreement,distractor_agreement_relative_clause,True,True,False,False,153,-70.14788818359375,-69.02113342285156,0
This dancer that doesn't boast about some actors climbs down this slope.,This dancer that doesn't boast about some actors climb down this slope.,morphology,subject_verb_agreement,distractor_agreement_relative_clause,True,True,False,False,154,-90.94424438476562,-89.44725036621094,0
The teacher that can't boast about the drivers remembers what isn't fraying.,The teacher that can't boast about the drivers remember what isn't fraying.,morphology,subject_verb_agreement,distractor_agreement_relative_clause,True,True,False,False,155,-96.4249267578125,-94.97650146484375,0
That student that would care for all adults isn't murmuring.,That student that would care for all adults aren't murmuring.,morphology,subject_verb_agreement,distractor_agreement_relative_clause,True,True,False,False,156,-70.99961853027344,-70.72146606445312,0
This lady who hadn't hugged the Borgias thinks Teresa hasn't shrugged.,This lady who hadn't hugged the Borgias think Teresa hasn't shrugged.,morphology,subject_verb_agreement,distractor_agreement_relative_clause,True,True,False,False,157,-100.51468658447266,-99.38626861572266,0
All actors who hadn't astounded Lisa aren't breaking this couch.,All actors who hadn't astounded Lisa isn't breaking this couch.,morphology,subject_verb_agreement,distractor_agreement_relative_clause,True,True,False,False,158,-87.52652740478516,-85.06776428222656,0
Most waitresses who concealed Laura spur Martin to aggravate Kevin.,Most waitresses who concealed Laura spurs Martin to aggravate Kevin.,morphology,subject_verb_agreement,distractor_agreement_relative_clause,True,True,False,False,159,-104.4580078125,-106.07745361328125,1
Every lady who hurt these waitresses kisses Linda.,Every lady who hurt these waitresses kiss Linda.,morphology,subject_verb_agreement,distractor_agreement_relative_clause,True,True,False,False,160,-75.631103515625,-73.84374237060547,0
These ladies that hadn't revealed Danielle haven't bothered some committee.,These ladies that hadn't revealed Danielle hasn't bothered some committee.,morphology,subject_verb_agreement,distractor_agreement_relative_clause,True,True,False,False,161,-88.50904846191406,-84.96265411376953,0
Every waiter who might insult boys wasn't threatening to scratch.,Every waiter who might insult boys aren't threatening to scratch.,morphology,subject_verb_agreement,distractor_agreement_relative_clause,True,True,False,False,162,-82.0877456665039,-78.8210678100586,0
Many girls who do insult Dawn don't fix most vases.,Many girls who do insult Dawn doesn't fix most vases.,morphology,subject_verb_agreement,distractor_agreement_relative_clause,True,True,False,False,163,-85.34916687011719,-83.03125,0
The guys that weren't alarming this company happen to brighten.,The guys that weren't alarming this company happens to brighten.,morphology,subject_verb_agreement,distractor_agreement_relative_clause,True,True,False,False,164,-68.70899963378906,-67.42797088623047,0
Some lady that leaves the Lutherans blinks.,Some lady that leaves the Lutherans blink.,morphology,subject_verb_agreement,distractor_agreement_relative_clause,True,True,False,False,165,-58.64983367919922,-56.222633361816406,0
Every actor who is boring the people has complained.,Every actor who is boring the people have complained.,morphology,subject_verb_agreement,distractor_agreement_relative_clause,True,True,False,False,166,-55.67889404296875,-53.933387756347656,0
Every organization that hadn't appreciated malls wasn't confusing some dancers.,Every organization that hadn't appreciated malls aren't confusing some dancers.,morphology,subject_verb_agreement,distractor_agreement_relative_clause,True,True,False,False,167,-88.51963806152344,-85.44530487060547,0
A lot of drawings that aren't worrying Carmen do alarm Alicia.,A lot of drawings that aren't worrying Carmen does alarm Alicia.,morphology,subject_verb_agreement,distractor_agreement_relative_clause,True,True,False,False,168,-95.68067932128906,-95.83149719238281,1
Patients who couldn't skate around every bank have succeeded.,Patients who couldn't skate around every bank has succeeded.,morphology,subject_verb_agreement,distractor_agreement_relative_clause,True,True,False,False,169,-70.87928771972656,-70.41600036621094,0
Some waiter that hasn't toured these libraries dislikes Jill.,Some waiter that hasn't toured these libraries dislike Jill.,morphology,subject_verb_agreement,distractor_agreement_relative_clause,True,True,False,False,170,-89.86226654052734,-86.70256805419922,0
Those senators who attacked Christine hide Andrew.,Those senators who attacked Christine hides Andrew.,morphology,subject_verb_agreement,distractor_agreement_relative_clause,True,True,False,False,171,-64.90689086914062,-67.32608032226562,1
That cashier who hadn't respected many waitresses requires Naomi's partners to cook.,That cashier who hadn't respected many waitresses require Naomi's partners to cook.,morphology,subject_verb_agreement,distractor_agreement_relative_clause,True,True,False,False,172,-119.60140991210938,-117.30947875976562,0
This doctor who had discovered women was chuckling.,This doctor who had discovered women are chuckling.,morphology,subject_verb_agreement,distractor_agreement_relative_clause,True,True,False,False,173,-57.18425369262695,-57.27785110473633,1
A waitress who wasn't embarrassing many associations has respected Adam.,A waitress who wasn't embarrassing many associations have respected Adam.,morphology,subject_verb_agreement,distractor_agreement_relative_clause,True,True,False,False,174,-88.75541687011719,-86.10874938964844,0
Every doctor who talked to some people doesn't press those senators to tour some art gallery.,Every doctor who talked to some people don't press those senators to tour some art gallery.,morphology,subject_verb_agreement,distractor_agreement_relative_clause,True,True,False,False,175,-107.93133544921875,-106.33995056152344,0
All dancers who haven't remembered Ronald sit down.,All dancers who haven't remembered Ronald sits down.,morphology,subject_verb_agreement,distractor_agreement_relative_clause,True,True,False,False,176,-64.56143188476562,-62.99951934814453,0
The birds that have distracted Liam hide.,The birds that have distracted Liam hides.,morphology,subject_verb_agreement,distractor_agreement_relative_clause,True,True,False,False,177,-55.18817138671875,-55.873050689697266,1
That waitress that could like those icicles does worry Jacqueline.,That waitress that could like those icicles do worry Jacqueline.,morphology,subject_verb_agreement,distractor_agreement_relative_clause,True,True,False,False,178,-91.29801177978516,-88.86656188964844,0
These guests who aren't stunning Scott cope.,These guests who aren't stunning Scott copes.,morphology,subject_verb_agreement,distractor_agreement_relative_clause,True,True,False,False,179,-63.61673355102539,-62.47354507446289,0
This customer that stunned a lot of associations wasn't answering.,This customer that stunned a lot of associations weren't answering.,morphology,subject_verb_agreement,distractor_agreement_relative_clause,True,True,False,False,180,-74.14025115966797,-73.24623107910156,0
A lot of actresses who have remembered the bank do fight.,A lot of actresses who have remembered the bank does fight.,morphology,subject_verb_agreement,distractor_agreement_relative_clause,True,True,False,False,181,-70.03409576416016,-70.14909362792969,1
The organization that isn't working with most pedestrians describes all dancers.,The organization that isn't working with most pedestrians describe all dancers.,morphology,subject_verb_agreement,distractor_agreement_relative_clause,True,True,False,False,182,-79.08467102050781,-76.29007720947266,0
This bank that argued about students hasn't badgered Carmen to exit a closet.,This bank that argued about students haven't badgered Carmen to exit a closet.,morphology,subject_verb_agreement,distractor_agreement_relative_clause,True,True,False,False,183,-121.92442321777344,-120.94548797607422,0
That driver that aggravated many legislatures wasn't failing to aggravate Spain.,That driver that aggravated many legislatures weren't failing to aggravate Spain.,morphology,subject_verb_agreement,distractor_agreement_relative_clause,True,True,False,False,184,-97.26866149902344,-94.01516723632812,0
Every lady who isn't hugging the patients isn't examining many essays.,Every lady who isn't hugging the patients weren't examining many essays.,morphology,subject_verb_agreement,distractor_agreement_relative_clause,True,True,False,False,185,-81.79940795898438,-83.0338363647461,1
Waiters who haven't loved Homer don't sway all ladies to admire every school.,Waiters who haven't loved Homer doesn't sway all ladies to admire every school.,morphology,subject_verb_agreement,distractor_agreement_relative_clause,True,True,False,False,186,-109.00556945800781,-106.43665313720703,0
Many actresses who work with Candice haven't proposed to climb down steps.,Many actresses who work with Candice hasn't proposed to climb down steps.,morphology,subject_verb_agreement,distractor_agreement_relative_clause,True,True,False,False,187,-92.41560363769531,-90.2068099975586,0
Those pedestrians that bother Becca have complained.,Those pedestrians that bother Becca has complained.,morphology,subject_verb_agreement,distractor_agreement_relative_clause,True,True,False,False,188,-61.60129165649414,-60.26103591918945,0
A lot of children that hired Amy aren't practicing.,A lot of children that hired Amy wasn't practicing.,morphology,subject_verb_agreement,distractor_agreement_relative_clause,True,True,False,False,189,-61.65261459350586,-61.625160217285156,0
A lot of ladies that remember Todd go fishing.,A lot of ladies that remember Todd goes fishing.,morphology,subject_verb_agreement,distractor_agreement_relative_clause,True,True,False,False,190,-59.86894226074219,-61.125267028808594,1
This university that embarrassed museums forgets who left Andrew.,This university that embarrassed museums forget who left Andrew.,morphology,subject_verb_agreement,distractor_agreement_relative_clause,True,True,False,False,191,-81.48797607421875,-79.08656311035156,0
Some boys who hurt Elaine do ascertain most associations to debate.,Some boys who hurt Elaine does ascertain most associations to debate.,morphology,subject_verb_agreement,distractor_agreement_relative_clause,True,True,False,False,192,-94.27139282226562,-93.94790649414062,0
This girl who isn't leaving those customers has come here.,This girl who isn't leaving those customers have come here.,morphology,subject_verb_agreement,distractor_agreement_relative_clause,True,True,False,False,193,-64.12399291992188,-62.188018798828125,0
This adult who scares all guests telephones.,This adult who scares all guests telephone.,morphology,subject_verb_agreement,distractor_agreement_relative_clause,True,True,False,False,194,-62.583595275878906,-61.998374938964844,0
Some waiter who thought about a lot of legislatures is revealing who had cheered.,Some waiter who thought about a lot of legislatures were revealing who had cheered.,morphology,subject_verb_agreement,distractor_agreement_relative_clause,True,True,False,False,195,-93.448974609375,-93.02842712402344,0
Actors who described Laura haven't convinced Janet's best friends to get fired.,Actors who described Laura hasn't convinced Janet's best friends to get fired.,morphology,subject_verb_agreement,distractor_agreement_relative_clause,True,True,False,False,196,-100.72337341308594,-99.74406433105469,0
That patient who hides the Impressionists discusses Ann.,That patient who hides the Impressionists discuss Ann.,morphology,subject_verb_agreement,distractor_agreement_relative_clause,True,True,False,False,197,-74.63609313964844,-72.36531066894531,0
Customers that were fleeing from Emily were arguing about this student.,Customers that were fleeing from Emily was arguing about this student.,morphology,subject_verb_agreement,distractor_agreement_relative_clause,True,True,False,False,198,-77.61296081542969,-76.01781463623047,0
A driver that works with all children litters.,A driver that works with all children litter.,morphology,subject_verb_agreement,distractor_agreement_relative_clause,True,True,False,False,199,-50.2423095703125,-49.23638916015625,0
Libraries that appreciated Danielle talk about Jason.,Libraries that appreciated Danielle talks about Jason.,morphology,subject_verb_agreement,distractor_agreement_relative_clause,True,True,False,False,200,-66.41377258300781,-66.36871337890625,0
A lot of teenagers that weren't embarrassing Clyde haven't fled from Diane.,A lot of teenagers that weren't embarrassing Clyde hasn't fled from Diane.,morphology,subject_verb_agreement,distractor_agreement_relative_clause,True,True,False,False,201,-92.9223861694336,-92.43022918701172,0
Those libraries that were aggravating Homer haven't dared Galileo to see Marie.,Those libraries that were aggravating Homer hasn't dared Galileo to see Marie.,morphology,subject_verb_agreement,distractor_agreement_relative_clause,True,True,False,False,202,-106.19917297363281,-105.02095031738281,0
Some waiter who hasn't distracted all pedestrians hasn't arrived at a museum.,Some waiter who hasn't distracted all pedestrians haven't arrived at a museum.,morphology,subject_verb_agreement,distractor_agreement_relative_clause,True,True,False,False,203,-88.91577911376953,-89.0069580078125,1
This organization that discussed some men has bought a mirror.,This organization that discussed some men have bought a mirror.,morphology,subject_verb_agreement,distractor_agreement_relative_clause,True,True,False,False,204,-63.75444030761719,-61.629417419433594,0
Many students that weren't insulting Carrie kiss David.,Many students that weren't insulting Carrie kisses David.,morphology,subject_verb_agreement,distractor_agreement_relative_clause,True,True,False,False,205,-63.979103088378906,-67.8345718383789,1
The ladies that would discuss David don't pass these museums.,The ladies that would discuss David doesn't pass these museums.,morphology,subject_verb_agreement,distractor_agreement_relative_clause,True,True,False,False,206,-78.72590637207031,-77.1005859375,0
Most actresses who alarms Sara prompt some woman to swallow.,Most actresses who alarms Sara prompts some woman to swallow.,morphology,subject_verb_agreement,distractor_agreement_relative_clause,True,True,False,False,207,-83.75521850585938,-83.67974853515625,0
A government that is impressing the universities investigates what hadn't warped.,A government that is impressing the universities investigate what hadn't warped.,morphology,subject_verb_agreement,distractor_agreement_relative_clause,True,True,False,False,208,-89.00868225097656,-88.33094787597656,0
Some governments that had discussed Janet advise Steven to murmur.,Some governments that had discussed Janet advises Steven to murmur.,morphology,subject_verb_agreement,distractor_agreement_relative_clause,True,True,False,False,209,-94.56553649902344,-93.93592834472656,0
These companies that have disgusted Clyde haven't worked with Brett.,These companies that have disgusted Clyde hasn't worked with Brett.,morphology,subject_verb_agreement,distractor_agreement_relative_clause,True,True,False,False,210,-73.94454193115234,-72.39360046386719,0
Some teachers who distracted the government have worked hard.,Some teachers who distracted the government has worked hard.,morphology,subject_verb_agreement,distractor_agreement_relative_clause,True,True,False,False,211,-55.18479919433594,-53.42923355102539,0
Waitresses who bores Joseph prod Carlos's mentee to bring some pictures.,Waitresses who bores Joseph prods Carlos's mentee to bring some pictures.,morphology,subject_verb_agreement,distractor_agreement_relative_clause,True,True,False,False,212,-120.90615844726562,-123.2252197265625,1
A waitress who impressed some governments thinks about who should describe this woman.,A waitress who impressed some governments think about who should describe this woman.,morphology,subject_verb_agreement,distractor_agreement_relative_clause,True,True,False,False,213,-93.7467041015625,-90.46406555175781,0
These waitresses who had escaped from this guest haven't intended to donate.,These waitresses who had escaped from this guest hasn't intended to donate.,morphology,subject_verb_agreement,distractor_agreement_relative_clause,True,True,False,False,214,-92.64302062988281,-93.29074096679688,1
This dancer who isn't disgusting those cashiers does practice.,This dancer who isn't disgusting those cashiers do practice.,morphology,subject_verb_agreement,distractor_agreement_relative_clause,True,True,False,False,215,-82.18428039550781,-79.08322143554688,0
Many eyes that had impressed that university don't confuse Claire.,Many eyes that had impressed that university doesn't confuse Claire.,morphology,subject_verb_agreement,distractor_agreement_relative_clause,True,True,False,False,216,-81.94242095947266,-79.13601684570312,0
Some museums that wouldn't hate Colleen worry.,Some museums that wouldn't hate Colleen worries.,morphology,subject_verb_agreement,distractor_agreement_relative_clause,True,True,False,False,217,-63.423095703125,-62.22752380371094,0
A lot of museums that bored Martin do fail to love Beverly.,A lot of museums that bored Martin does fail to love Beverly.,morphology,subject_verb_agreement,distractor_agreement_relative_clause,True,True,False,False,218,-90.61726379394531,-88.18232727050781,0
All pedestrians who aren't firing Travis do eat.,All pedestrians who aren't firing Travis does eat.,morphology,subject_verb_agreement,distractor_agreement_relative_clause,True,True,False,False,219,-68.73551177978516,-68.48477172851562,0
This driver that can dislike children admires a sock.,This driver that can dislike children admire a sock.,morphology,subject_verb_agreement,distractor_agreement_relative_clause,True,True,False,False,220,-71.70661926269531,-70.1756591796875,0
Most actors that don't disgust Sherry don't go fishing.,Most actors that don't disgust Sherry doesn't go fishing.,morphology,subject_verb_agreement,distractor_agreement_relative_clause,True,True,False,False,221,-73.50837707519531,-70.22023010253906,0
A teacher who hired these patients wasn't enticing Lisa to walk through these hospitals.,A teacher who hired these patients aren't enticing Lisa to walk through these hospitals.,morphology,subject_verb_agreement,distractor_agreement_relative_clause,True,True,False,False,222,-98.29679870605469,-96.51793670654297,0
Many schools that worry William aren't managing to compete.,Many schools that worry William wasn't managing to compete.,morphology,subject_verb_agreement,distractor_agreement_relative_clause,True,True,False,False,223,-74.32780456542969,-72.443359375,0
The children that haven't found Suzanne play.,The children that haven't found Suzanne plays.,morphology,subject_verb_agreement,distractor_agreement_relative_clause,True,True,False,False,224,-51.450782775878906,-51.029693603515625,0
Those patients that astounds Tara weren't baking.,Those patients that astounds Tara wasn't baking.,morphology,subject_verb_agreement,distractor_agreement_relative_clause,True,True,False,False,225,-73.52792358398438,-72.23309326171875,0
Some patient who embarrassed most men regrets Paul doesn't climb up many mountains.,Some patient who embarrassed most men regret Paul doesn't climb up many mountains.,morphology,subject_verb_agreement,distractor_agreement_relative_clause,True,True,False,False,226,-109.82572937011719,-108.10565185546875,0
The teenager who forgets the actors sees.,The teenager who forgets the actors see.,morphology,subject_verb_agreement,distractor_agreement_relative_clause,True,True,False,False,227,-48.0098876953125,-46.542118072509766,0
Those waiters who have left David leave.,Those waiters who have left David leaves.,morphology,subject_verb_agreement,distractor_agreement_relative_clause,True,True,False,False,228,-51.6475715637207,-49.85643768310547,0
Every organization that took all banks wasn't reacting.,Every organization that took all banks weren't reacting.,morphology,subject_verb_agreement,distractor_agreement_relative_clause,True,True,False,False,229,-59.830379486083984,-58.29911422729492,0
Many patients that knew Steven were threatening to grow.,Many patients that knew Steven was threatening to grow.,morphology,subject_verb_agreement,distractor_agreement_relative_clause,True,True,False,False,230,-59.372650146484375,-54.82038879394531,0
Many teachers who shouldn't respect Jane murmur.,Many teachers who shouldn't respect Jane murmurs.,morphology,subject_verb_agreement,distractor_agreement_relative_clause,True,True,False,False,231,-60.30093002319336,-56.81916046142578,0
A waitress that did hide patients isn't proposing to boast.,A waitress that did hide patients weren't proposing to boast.,morphology,subject_verb_agreement,distractor_agreement_relative_clause,True,True,False,False,232,-82.9864730834961,-80.57940673828125,0
Every customer who doesn't discover those convertibles is appearing.,Every customer who doesn't discover those convertibles were appearing.,morphology,subject_verb_agreement,distractor_agreement_relative_clause,True,True,False,False,233,-73.34767150878906,-73.45921325683594,1
Drivers who embarrass Clyde don't buy the light.,Drivers who embarrass Clyde doesn't buy the light.,morphology,subject_verb_agreement,distractor_agreement_relative_clause,True,True,False,False,234,-71.295654296875,-70.60466766357422,0
This actor that cured those cashiers paints.,This actor that cured those cashiers paint.,morphology,subject_verb_agreement,distractor_agreement_relative_clause,True,True,False,False,235,-66.33055114746094,-64.0655288696289,0
This boy that respected these students practices.,This boy that respected these students practice.,morphology,subject_verb_agreement,distractor_agreement_relative_clause,True,True,False,False,236,-55.039920806884766,-53.17963409423828,0
That waiter who hasn't listened to the Borgias has played.,That waiter who hasn't listened to the Borgias have played.,morphology,subject_verb_agreement,distractor_agreement_relative_clause,True,True,False,False,237,-71.4302978515625,-70.04701232910156,0
Some waitress that didn't reveal those people passes every bank.,Some waitress that didn't reveal those people pass every bank.,morphology,subject_verb_agreement,distractor_agreement_relative_clause,True,True,False,False,238,-74.5188980102539,-73.12126159667969,0
Some actor that did kiss all cashiers has watched a lot of adults.,Some actor that did kiss all cashiers have watched a lot of adults.,morphology,subject_verb_agreement,distractor_agreement_relative_clause,True,True,False,False,239,-88.59053039550781,-87.3330307006836,0
That driver that sounds like the libraries references Galileo.,That driver that sounds like the libraries reference Galileo.,morphology,subject_verb_agreement,distractor_agreement_relative_clause,True,True,False,False,240,-72.50056457519531,-69.96540832519531,0
Customers that hadn't disliked Holly haven't blinked.,Customers that hadn't disliked Holly hasn't blinked.,morphology,subject_verb_agreement,distractor_agreement_relative_clause,True,True,False,False,241,-70.39639282226562,-68.30314636230469,0
Those adults that dislike Lawrence do wake up.,Those adults that dislike Lawrence does wake up.,morphology,subject_verb_agreement,distractor_agreement_relative_clause,True,True,False,False,242,-59.859474182128906,-57.880096435546875,0
A lot of senators who had disturbed Ellen profit.,A lot of senators who had disturbed Ellen profits.,morphology,subject_verb_agreement,distractor_agreement_relative_clause,True,True,False,False,243,-71.71395874023438,-70.41339111328125,0
Associations that did bother the association are donating.,Associations that did bother the association was donating.,morphology,subject_verb_agreement,distractor_agreement_relative_clause,True,True,False,False,244,-71.29156494140625,-70.6707763671875,0
Many boys that can embarrass Sheila haven't referenced Bill.,Many boys that can embarrass Sheila hasn't referenced Bill.,morphology,subject_verb_agreement,distractor_agreement_relative_clause,True,True,False,False,245,-82.1667251586914,-79.32998657226562,0
This legislature that hadn't embarrassed associations appreciates the Balkans.,This legislature that hadn't embarrassed associations appreciate the Balkans.,morphology,subject_verb_agreement,distractor_agreement_relative_clause,True,True,False,False,246,-86.90972900390625,-83.7603759765625,0
A guest that is disgusting girls asks Lissa's oncologists to attack Janice.,A guest that is disgusting girls ask Lissa's oncologists to attack Janice.,morphology,subject_verb_agreement,distractor_agreement_relative_clause,True,True,False,False,247,-120.47084045410156,-121.93759155273438,1
Students who describe Liam are prodding Brenda to break those computers.,Students who describe Liam is prodding Brenda to break those computers.,morphology,subject_verb_agreement,distractor_agreement_relative_clause,True,True,False,False,248,-91.05147552490234,-88.75579833984375,0
The lady that fired most guests longs to wave.,The lady that fired most guests long to wave.,morphology,subject_verb_agreement,distractor_agreement_relative_clause,True,True,False,False,249,-74.87078094482422,-67.84344482421875,0
That waiter that astounded most cashiers is watching Rose.,That waiter that astounded most cashiers were watching Rose.,morphology,subject_verb_agreement,distractor_agreement_relative_clause,True,True,False,False,250,-89.42674255371094,-88.77510070800781,0
Every waitress who complains about some reports resembles prints.,Every waitress who complains about some reports resemble prints.,morphology,subject_verb_agreement,distractor_agreement_relative_clause,True,True,False,False,251,-72.44554138183594,-70.55039978027344,0
Some adult who hasn't talked about cashiers isn't concealing who regret Margaret didn't sit down.,Some adult who hasn't talked about cashiers weren't concealing who regret Margaret didn't sit down.,morphology,subject_verb_agreement,distractor_agreement_relative_clause,True,True,False,False,252,-124.80445861816406,-124.7732925415039,0
Many ladies who aren't insulting Veronica don't beg these women's sisters to run around this river.,Many ladies who aren't insulting Veronica doesn't beg these women's sisters to run around this river.,morphology,subject_verb_agreement,distractor_agreement_relative_clause,True,True,False,False,253,-111.63916015625,-109.77294921875,0
These libraries that knew Anne do entreat Sabrina to fall.,These libraries that knew Anne does entreat Sabrina to fall.,morphology,subject_verb_agreement,distractor_agreement_relative_clause,True,True,False,False,254,-91.20389556884766,-91.42318725585938,1
Many doctors that referenced Kayla haven't nodded.,Many doctors that referenced Kayla hasn't nodded.,morphology,subject_verb_agreement,distractor_agreement_relative_clause,True,True,False,False,255,-63.639286041259766,-63.91682052612305,1
Most schools that don't bore Vanessa forfeit.,Most schools that don't bore Vanessa forfeits.,morphology,subject_verb_agreement,distractor_agreement_relative_clause,True,True,False,False,256,-65.7444076538086,-64.15957641601562,0
This documentary that wasn't impressing most actors isn't winning.,This documentary that wasn't impressing most actors aren't winning.,morphology,subject_verb_agreement,distractor_agreement_relative_clause,True,True,False,False,257,-75.15451049804688,-72.52786254882812,0
This legislature that didn't disgust a lot of companies does work hard.,This legislature that didn't disgust a lot of companies do work hard.,morphology,subject_verb_agreement,distractor_agreement_relative_clause,True,True,False,False,258,-82.00999450683594,-79.57563018798828,0
Many girls that couldn't alarm Victoria anticipate Marla to clean some dress.,Many girls that couldn't alarm Victoria anticipates Marla to clean some dress.,morphology,subject_verb_agreement,distractor_agreement_relative_clause,True,True,False,False,259,-111.47084045410156,-112.37461853027344,1
A legislature that was criticizing many teachers entreats Raymond to salute.,A legislature that was criticizing many teachers entreat Raymond to salute.,morphology,subject_verb_agreement,distractor_agreement_relative_clause,True,True,False,False,260,-103.81356811523438,-97.99124145507812,0
A lot of pedestrians that visited Cheryl salute.,A lot of pedestrians that visited Cheryl salutes.,morphology,subject_verb_agreement,distractor_agreement_relative_clause,True,True,False,False,261,-57.70288848876953,-61.44868850708008,1
A lot of patients who annoys that person have sneezed.,A lot of patients who annoys that person has sneezed.,morphology,subject_verb_agreement,distractor_agreement_relative_clause,True,True,False,False,262,-63.24311065673828,-62.111297607421875,0
These hospitals that might aggravate that government are surrendering.,These hospitals that might aggravate that government was surrendering.,morphology,subject_verb_agreement,distractor_agreement_relative_clause,True,True,False,False,263,-68.92076110839844,-67.1405029296875,0
Most students that hadn't disliked Ruth haven't sneezed.,Most students that hadn't disliked Ruth hasn't sneezed.,morphology,subject_verb_agreement,distractor_agreement_relative_clause,True,True,False,False,264,-74.41975402832031,-71.93607330322266,0
These girls who won't help Amy murmur.,These girls who won't help Amy murmurs.,morphology,subject_verb_agreement,distractor_agreement_relative_clause,True,True,False,False,265,-56.481903076171875,-53.41383361816406,0
This guest who escaped from men boasts about Christine.,This guest who escaped from men boast about Christine.,morphology,subject_verb_agreement,distractor_agreement_relative_clause,True,True,False,False,266,-73.81205749511719,-71.56304168701172,0
The student who isn't listening to a lot of doctors doesn't talk about Roger.,The student who isn't listening to a lot of doctors don't talk about Roger.,morphology,subject_verb_agreement,distractor_agreement_relative_clause,True,True,False,False,267,-76.56305694580078,-74.40628814697266,0
All committees that were confusing Liam do order Frank to nod.,All committees that were confusing Liam does order Frank to nod.,morphology,subject_verb_agreement,distractor_agreement_relative_clause,True,True,False,False,268,-95.51896667480469,-93.80364990234375,0
The pie that alarmed those actors hasn't appeared.,The pie that alarmed those actors haven't appeared.,morphology,subject_verb_agreement,distractor_agreement_relative_clause,True,True,False,False,269,-65.16368865966797,-64.04876708984375,0
Most children who bored Kendra haven't spoken up.,Most children who bored Kendra hasn't spoken up.,morphology,subject_verb_agreement,distractor_agreement_relative_clause,True,True,False,False,270,-65.64976501464844,-65.076416015625,0
Every customer who cured the Clintons sees.,Every customer who cured the Clintons see.,morphology,subject_verb_agreement,distractor_agreement_relative_clause,True,True,False,False,271,-56.62017822265625,-56.21791076660156,0
The dancer that should stun all waiters hasn't suffered.,The dancer that should stun all waiters haven't suffered.,morphology,subject_verb_agreement,distractor_agreement_relative_clause,True,True,False,False,272,-78.91032409667969,-78.57333374023438,0
Most waitresses that can boast about Dan want the eye to open.,Most waitresses that can boast about Dan wants the eye to open.,morphology,subject_verb_agreement,distractor_agreement_relative_clause,True,True,False,False,273,-89.85922241210938,-86.27838134765625,0
Some children that are scaring that association don't react.,Some children that are scaring that association doesn't react.,morphology,subject_verb_agreement,distractor_agreement_relative_clause,True,True,False,False,274,-66.56495666503906,-64.37759399414062,0
A dancer that will admire those rabbits wakes up.,A dancer that will admire those rabbits wake up.,morphology,subject_verb_agreement,distractor_agreement_relative_clause,True,True,False,False,275,-63.63224792480469,-61.985870361328125,0
A lot of associations that admire this hair have impressed Ruth.,A lot of associations that admire this hair has impressed Ruth.,morphology,subject_verb_agreement,distractor_agreement_relative_clause,True,True,False,False,276,-80.8322525024414,-77.97762298583984,0
All pedestrians that wouldn't bother Angela criticize Marcus.,All pedestrians that wouldn't bother Angela criticizes Marcus.,morphology,subject_verb_agreement,distractor_agreement_relative_clause,True,True,False,False,277,-68.83981323242188,-73.27194213867188,1
This driver who hasn't referenced these actors blinks.,This driver who hasn't referenced these actors blink.,morphology,subject_verb_agreement,distractor_agreement_relative_clause,True,True,False,False,278,-65.35910034179688,-65.17819213867188,0
Many senators who confused Carmen find Lissa.,Many senators who confused Carmen finds Lissa.,morphology,subject_verb_agreement,distractor_agreement_relative_clause,True,True,False,False,279,-74.77384185791016,-77.14805603027344,1
Some girls that have observed Sandra do learn.,Some girls that have observed Sandra does learn.,morphology,subject_verb_agreement,distractor_agreement_relative_clause,True,True,False,False,280,-61.89410400390625,-62.997230529785156,1
An actor that could conceal all adults hasn't shouted.,An actor that could conceal all adults haven't shouted.,morphology,subject_verb_agreement,distractor_agreement_relative_clause,True,True,False,False,281,-68.70308685302734,-68.44403076171875,0
This guest that liked all hospitals remembers what isn't steering.,This guest that liked all hospitals remember what isn't steering.,morphology,subject_verb_agreement,distractor_agreement_relative_clause,True,True,False,False,282,-92.68072509765625,-89.38832092285156,0
The lady who has hurt the Borgias was dropping by a lot of public parks.,The lady who has hurt the Borgias were dropping by a lot of public parks.,morphology,subject_verb_agreement,distractor_agreement_relative_clause,True,True,False,False,283,-91.98072814941406,-91.61933898925781,0
A university that remembers these actors isn't begging Sandra to take every scarf.,A university that remembers these actors aren't begging Sandra to take every scarf.,morphology,subject_verb_agreement,distractor_agreement_relative_clause,True,True,False,False,284,-101.48868560791016,-98.87527465820312,0
A lot of actors that aggravated Edward see some candles.,A lot of actors that aggravated Edward sees some candles.,morphology,subject_verb_agreement,distractor_agreement_relative_clause,True,True,False,False,285,-75.16117095947266,-74.81903076171875,0
The guys that hadn't investigated Eva haven't wept.,The guys that hadn't investigated Eva hasn't wept.,morphology,subject_verb_agreement,distractor_agreement_relative_clause,True,True,False,False,286,-77.60733795166016,-76.31277465820312,0
A driver who hadn't left the Clintons respects Cindy.,A driver who hadn't left the Clintons respect Cindy.,morphology,subject_verb_agreement,distractor_agreement_relative_clause,True,True,False,False,287,-77.28598022460938,-73.62986755371094,0
That actress who was impressing those libraries entreats that offspring to think about a mushroom.,That actress who was impressing those libraries entreat that offspring to think about a mushroom.,morphology,subject_verb_agreement,distractor_agreement_relative_clause,True,True,False,False,288,-122.8499755859375,-121.8178939819336,0
This boy that noticed some actresses reveals Dan.,This boy that noticed some actresses reveal Dan.,morphology,subject_verb_agreement,distractor_agreement_relative_clause,True,True,False,False,289,-68.51496887207031,-66.23423767089844,0
The guys that stunned a legislature haven't insulted Donald.,The guys that stunned a legislature hasn't insulted Donald.,morphology,subject_verb_agreement,distractor_agreement_relative_clause,True,True,False,False,290,-77.06749725341797,-75.99818420410156,0
This pedestrian who insulted the teachers gets a job.,This pedestrian who insulted the teachers get a job.,morphology,subject_verb_agreement,distractor_agreement_relative_clause,True,True,False,False,291,-67.8011474609375,-64.98648071289062,0
Every waitress that embarrassed a lot of adults doesn't grin.,Every waitress that embarrassed a lot of adults don't grin.,morphology,subject_verb_agreement,distractor_agreement_relative_clause,True,True,False,False,292,-70.9600830078125,-69.64725494384766,0
This rabbit that is boring girls doesn't come here.,This rabbit that is boring girls don't come here.,morphology,subject_verb_agreement,distractor_agreement_relative_clause,True,True,False,False,293,-61.813507080078125,-59.880821228027344,0
Drivers who had upset Liam have learned.,Drivers who had upset Liam has learned.,morphology,subject_verb_agreement,distractor_agreement_relative_clause,True,True,False,False,294,-58.395477294921875,-55.76392364501953,0
Those guests that irritates Melissa haven't attempted to alarm all guys.,Those guests that irritates Melissa hasn't attempted to alarm all guys.,morphology,subject_verb_agreement,distractor_agreement_relative_clause,True,True,False,False,295,-90.10964965820312,-88.37197875976562,0
Ladies who respect Irene haven't threatened to win.,Ladies who respect Irene hasn't threatened to win.,morphology,subject_verb_agreement,distractor_agreement_relative_clause,True,True,False,False,296,-70.01287841796875,-69.05756378173828,0
All actresses that boasted about Margaret don't say some doctors describe Katherine.,All actresses that boasted about Margaret doesn't say some doctors describe Katherine.,morphology,subject_verb_agreement,distractor_agreement_relative_clause,True,True,False,False,297,-107.77032470703125,-104.16529846191406,0
A girl who wouldn't distract the Impressionists sighs.,A girl who wouldn't distract the Impressionists sigh.,morphology,subject_verb_agreement,distractor_agreement_relative_clause,True,True,False,False,298,-68.86837005615234,-67.73246002197266,0
That museum that astounds those legislatures does retaliate.,That museum that astounds those legislatures do retaliate.,morphology,subject_verb_agreement,distractor_agreement_relative_clause,True,True,False,False,299,-86.39588165283203,-82.25819396972656,0
An actress that returned to many customers has referenced Frank.,An actress that returned to many customers have referenced Frank.,morphology,subject_verb_agreement,distractor_agreement_relative_clause,True,True,False,False,300,-74.24513244628906,-73.44619750976562,0
All companies that hadn't disgusted Donna have entreated a university to remember Lucille.,All companies that hadn't disgusted Donna has entreated a university to remember Lucille.,morphology,subject_verb_agreement,distractor_agreement_relative_clause,True,True,False,False,301,-119.61095428466797,-117.83071899414062,0
Those drivers that respect Clyde have proven to yawn.,Those drivers that respect Clyde has proven to yawn.,morphology,subject_verb_agreement,distractor_agreement_relative_clause,True,True,False,False,302,-70.44304656982422,-68.01480102539062,0
The pedestrian that sounds like all hospitals anticipates Natalie to read.,The pedestrian that sounds like all hospitals anticipate Natalie to read.,morphology,subject_verb_agreement,distractor_agreement_relative_clause,True,True,False,False,303,-88.48687744140625,-85.76123809814453,0
The bicycles that hadn't irritated a committee impress Craig.,The bicycles that hadn't irritated a committee impresses Craig.,morphology,subject_verb_agreement,distractor_agreement_relative_clause,True,True,False,False,304,-83.2365951538086,-85.21802520751953,1
Students who noticed Kenneth haven't eaten.,Students who noticed Kenneth hasn't eaten.,morphology,subject_verb_agreement,distractor_agreement_relative_clause,True,True,False,False,305,-49.46998596191406,-47.57560729980469,0
Senators who have worried Aaron want to clean some ice cream.,Senators who have worried Aaron wants to clean some ice cream.,morphology,subject_verb_agreement,distractor_agreement_relative_clause,True,True,False,False,306,-72.88323211669922,-70.30612182617188,0
Every senator that wasn't praising some drivers was liking to go fishing.,Every senator that wasn't praising some drivers were liking to go fishing.,morphology,subject_verb_agreement,distractor_agreement_relative_clause,True,True,False,False,307,-85.169189453125,-84.01531219482422,0
An actress who shouldn't watch all guests hasn't yawned.,An actress who shouldn't watch all guests haven't yawned.,morphology,subject_verb_agreement,distractor_agreement_relative_clause,True,True,False,False,308,-72.37699890136719,-71.03260803222656,0
Many students that hadn't scared Eva were exercising.,Many students that hadn't scared Eva was exercising.,morphology,subject_verb_agreement,distractor_agreement_relative_clause,True,True,False,False,309,-61.8929443359375,-59.898521423339844,0
Some rabbit that was annoying the dancers ascends most stairs.,Some rabbit that was annoying the dancers ascend most stairs.,morphology,subject_verb_agreement,distractor_agreement_relative_clause,True,True,False,False,310,-87.757080078125,-84.16526794433594,0
Some libraries that hadn't remembered Rachel do answer.,Some libraries that hadn't remembered Rachel does answer.,morphology,subject_verb_agreement,distractor_agreement_relative_clause,True,True,False,False,311,-69.80225372314453,-68.40433502197266,0
A legislature that wouldn't respect some drivers yearns to remember Rebecca.,A legislature that wouldn't respect some drivers yearn to remember Rebecca.,morphology,subject_verb_agreement,distractor_agreement_relative_clause,True,True,False,False,312,-104.68411254882812,-104.48851776123047,0
Organizations that argued about literature aggravate Candice.,Organizations that argued about literature aggravates Candice.,morphology,subject_verb_agreement,distractor_agreement_relative_clause,True,True,False,False,313,-76.21441650390625,-75.64094543457031,0
Some patients that discussed Lucille don't die.,Some patients that discussed Lucille doesn't die.,morphology,subject_verb_agreement,distractor_agreement_relative_clause,True,True,False,False,314,-60.30683135986328,-59.61589813232422,0
A lot of adults who distract Sally sound like Sarah.,A lot of adults who distract Sally sounds like Sarah.,morphology,subject_verb_agreement,distractor_agreement_relative_clause,True,True,False,False,315,-65.44636535644531,-64.31681823730469,0
Every student that had kissed drivers gets a job.,Every student that had kissed drivers get a job.,morphology,subject_verb_agreement,distractor_agreement_relative_clause,True,True,False,False,316,-62.497108459472656,-59.70753860473633,0
A lot of dancers who had sounded like Tamara don't murmur.,A lot of dancers who had sounded like Tamara doesn't murmur.,morphology,subject_verb_agreement,distractor_agreement_relative_clause,True,True,False,False,317,-81.70671081542969,-81.88623046875,1
Some students that can dislike Valerie weren't cleaning most plates.,Some students that can dislike Valerie isn't cleaning most plates.,morphology,subject_verb_agreement,distractor_agreement_relative_clause,True,True,False,False,318,-87.25296020507812,-85.18090057373047,0
The girl who hadn't insulted all waitresses smiles.,The girl who hadn't insulted all waitresses smile.,morphology,subject_verb_agreement,distractor_agreement_relative_clause,True,True,False,False,319,-72.90231323242188,-72.37278747558594,0
That waiter who hadn't described hospitals urges Alice's brothers to come here.,That waiter who hadn't described hospitals urge Alice's brothers to come here.,morphology,subject_verb_agreement,distractor_agreement_relative_clause,True,True,False,False,320,-101.94631958007812,-99.43231201171875,0
A lot of teachers who aren't noticing Scott are discovering Jodi.,A lot of teachers who aren't noticing Scott is discovering Jodi.,morphology,subject_verb_agreement,distractor_agreement_relative_clause,True,True,False,False,321,-78.86715698242188,-77.72076416015625,0
Some teacher who has bored many girls murmurs.,Some teacher who has bored many girls murmur.,morphology,subject_verb_agreement,distractor_agreement_relative_clause,True,True,False,False,322,-57.164031982421875,-58.42448043823242,1
Many patients who have worried Suzanne have doubted Craig hadn't appeared.,Many patients who have worried Suzanne has doubted Craig hadn't appeared.,morphology,subject_verb_agreement,distractor_agreement_relative_clause,True,True,False,False,323,-87.5744857788086,-86.03734588623047,0
Those children that concealed that customer don't speak up.,Those children that concealed that customer doesn't speak up.,morphology,subject_verb_agreement,distractor_agreement_relative_clause,True,True,False,False,324,-66.51051330566406,-65.42095184326172,0
The dancers that aren't disturbing Debra hide.,The dancers that aren't disturbing Debra hides.,morphology,subject_verb_agreement,distractor_agreement_relative_clause,True,True,False,False,325,-63.528770446777344,-63.48895263671875,0
This university that talked to some drivers is declaring governments to clash.,This university that talked to some drivers are declaring governments to clash.,morphology,subject_verb_agreement,distractor_agreement_relative_clause,True,True,False,False,326,-84.4159164428711,-82.5999526977539,0
That school that has bothered a lot of girls talks about some boy.,That school that has bothered a lot of girls talk about some boy.,morphology,subject_verb_agreement,distractor_agreement_relative_clause,True,True,False,False,327,-72.50216674804688,-67.05490112304688,0
The waitresses that would respect Peter do paint.,The waitresses that would respect Peter does paint.,morphology,subject_verb_agreement,distractor_agreement_relative_clause,True,True,False,False,328,-72.46760559082031,-72.909423828125,1
All drivers who can like that adult aren't discovering Melinda.,All drivers who can like that adult isn't discovering Melinda.,morphology,subject_verb_agreement,distractor_agreement_relative_clause,True,True,False,False,329,-82.50740051269531,-80.42921447753906,0
Those senators that had talked to Sarah haven't pushed the Borgias to hate Colleen.,Those senators that had talked to Sarah hasn't pushed the Borgias to hate Colleen.,morphology,subject_verb_agreement,distractor_agreement_relative_clause,True,True,False,False,330,-115.66456604003906,-113.07867431640625,0
That patient who respected the Clintons reveals every high school.,That patient who respected the Clintons reveal every high school.,morphology,subject_verb_agreement,distractor_agreement_relative_clause,True,True,False,False,331,-70.87664794921875,-69.82844543457031,0
Some senators who aren't boasting about Andrew don't conceal Jeffrey.,Some senators who aren't boasting about Andrew doesn't conceal Jeffrey.,morphology,subject_verb_agreement,distractor_agreement_relative_clause,True,True,False,False,332,-95.96648406982422,-93.69447326660156,0
Some guy who notices those students wakes up.,Some guy who notices those students wake up.,morphology,subject_verb_agreement,distractor_agreement_relative_clause,True,True,False,False,333,-57.170074462890625,-55.12564468383789,0
Some committees that astounded Janice have forgotten Matt.,Some committees that astounded Janice has forgotten Matt.,morphology,subject_verb_agreement,distractor_agreement_relative_clause,True,True,False,False,334,-79.2684326171875,-77.60444641113281,0
The customer that hasn't upset the Lutherans hunts.,The customer that hasn't upset the Lutherans hunt.,morphology,subject_verb_agreement,distractor_agreement_relative_clause,True,True,False,False,335,-63.32456970214844,-59.48558807373047,0
Every guy who had kissed boys does badger Martin to fall.,Every guy who had kissed boys do badger Martin to fall.,morphology,subject_verb_agreement,distractor_agreement_relative_clause,True,True,False,False,336,-92.89424133300781,-90.60706329345703,0
That waitress that had approached all customers climbs up the ladders.,That waitress that had approached all customers climb up the ladders.,morphology,subject_verb_agreement,distractor_agreement_relative_clause,True,True,False,False,337,-85.01458740234375,-81.15470886230469,0
This girl who wouldn't flee from the Borgias doesn't plan to climb down many ladders.,This girl who wouldn't flee from the Borgias don't plan to climb down many ladders.,morphology,subject_verb_agreement,distractor_agreement_relative_clause,True,True,False,False,338,-110.1888198852539,-109.33267211914062,0
Some adult that watched these ladies forgets what won't ripen.,Some adult that watched these ladies forget what won't ripen.,morphology,subject_verb_agreement,distractor_agreement_relative_clause,True,True,False,False,339,-83.33646392822266,-79.39966583251953,0
A lot of ladies that are disgusting Rachel were wearing every glove.,A lot of ladies that are disgusting Rachel is wearing every glove.,morphology,subject_verb_agreement,distractor_agreement_relative_clause,True,True,False,False,340,-78.26776885986328,-74.60250091552734,0
These guys who could leave Julie walk through those mountains.,These guys who could leave Julie walks through those mountains.,morphology,subject_verb_agreement,distractor_agreement_relative_clause,True,True,False,False,341,-65.46122741699219,-64.64585876464844,0
Some customer that escapes from most waitresses wears some shoe.,Some customer that escapes from most waitresses wear some shoe.,morphology,subject_verb_agreement,distractor_agreement_relative_clause,True,True,False,False,342,-87.53034973144531,-85.22572326660156,0
The school that concealed a lot of boys does boast.,The school that concealed a lot of boys do boast.,morphology,subject_verb_agreement,distractor_agreement_relative_clause,True,True,False,False,343,-62.4339599609375,-61.296321868896484,0
This guy who wasn't noticing children messes up this hospital.,This guy who wasn't noticing children mess up this hospital.,morphology,subject_verb_agreement,distractor_agreement_relative_clause,True,True,False,False,344,-73.43872833251953,-71.42042541503906,0
A print that looks like most drawings does look like Veronica.,A print that looks like most drawings do look like Veronica.,morphology,subject_verb_agreement,distractor_agreement_relative_clause,True,True,False,False,345,-66.64252471923828,-63.53507614135742,0
This library that might admire some cashiers doesn't judge many committees to benefit.,This library that might admire some cashiers don't judge many committees to benefit.,morphology,subject_verb_agreement,distractor_agreement_relative_clause,True,True,False,False,346,-101.44320678710938,-98.85317993164062,0
A photograph that is disturbing the Clintons has vanished.,A photograph that is disturbing the Clintons have vanished.,morphology,subject_verb_agreement,distractor_agreement_relative_clause,True,True,False,False,347,-58.75120544433594,-57.11829376220703,0
Most horses that aren't boring Elizabeth come here.,Most horses that aren't boring Elizabeth comes here.,morphology,subject_verb_agreement,distractor_agreement_relative_clause,True,True,False,False,348,-60.86988830566406,-60.61103820800781,0
Actresses that haven't distracted some organization were working hard.,Actresses that haven't distracted some organization is working hard.,morphology,subject_verb_agreement,distractor_agreement_relative_clause,True,True,False,False,349,-74.41463470458984,-70.92539978027344,0
Every teenager that appreciated all pedestrians doesn't clean some museum.,Every teenager that appreciated all pedestrians don't clean some museum.,morphology,subject_verb_agreement,distractor_agreement_relative_clause,True,True,False,False,350,-89.21993255615234,-86.95332336425781,0
Some waitress who is discovering all guys has boycotted public parks.,Some waitress who is discovering all guys have boycotted public parks.,morphology,subject_verb_agreement,distractor_agreement_relative_clause,True,True,False,False,351,-99.72807312011719,-98.53799438476562,0
This guy who flees from these students has visited Stephanie.,This guy who flees from these students have visited Stephanie.,morphology,subject_verb_agreement,distractor_agreement_relative_clause,True,True,False,False,352,-74.39501190185547,-72.51924133300781,0
Many waitresses who alarmed a company weren't replying.,Many waitresses who alarmed a company wasn't replying.,morphology,subject_verb_agreement,distractor_agreement_relative_clause,True,True,False,False,353,-75.83372497558594,-75.49394226074219,0
The guys that remembered Phillip haven't thought about who marry.,The guys that remembered Phillip hasn't thought about who marry.,morphology,subject_verb_agreement,distractor_agreement_relative_clause,True,True,False,False,354,-78.1988525390625,-75.85041046142578,0
These drivers that had left Benjamin write.,These drivers that had left Benjamin writes.,morphology,subject_verb_agreement,distractor_agreement_relative_clause,True,True,False,False,355,-54.15468978881836,-52.81927490234375,0
All hospitals that are firing Emily like to talk to Nicole.,All hospitals that are firing Emily likes to talk to Nicole.,morphology,subject_verb_agreement,distractor_agreement_relative_clause,True,True,False,False,356,-73.47215270996094,-69.57654571533203,0
This bird that found those hamsters hides.,This bird that found those hamsters hide.,morphology,subject_verb_agreement,distractor_agreement_relative_clause,True,True,False,False,357,-59.174625396728516,-57.089752197265625,0
An organization that isn't disturbing most committees doesn't plan to bore Kayla.,An organization that isn't disturbing most committees don't plan to bore Kayla.,morphology,subject_verb_agreement,distractor_agreement_relative_clause,True,True,False,False,358,-94.31267547607422,-92.07545471191406,0
This student that disturbed the Borgias has smiled.,This student that disturbed the Borgias have smiled.,morphology,subject_verb_agreement,distractor_agreement_relative_clause,True,True,False,False,359,-66.48149871826172,-66.24974060058594,0
Some waitress who disagrees with teenagers flees from Scott.,Some waitress who disagrees with teenagers flee from Scott.,morphology,subject_verb_agreement,distractor_agreement_relative_clause,True,True,False,False,360,-74.53604125976562,-70.73047637939453,0
Teachers who were noticing some bank haven't revealed who can't motivate Raymond's partners to cook.,Teachers who were noticing some bank hasn't revealed who can't motivate Raymond's partners to cook.,morphology,subject_verb_agreement,distractor_agreement_relative_clause,True,True,False,False,361,-126.17607116699219,-124.63204956054688,0
Some pedestrians who aren't attacking Douglas have attacked Michael.,Some pedestrians who aren't attacking Douglas has attacked Michael.,morphology,subject_verb_agreement,distractor_agreement_relative_clause,True,True,False,False,362,-69.50352478027344,-67.77609252929688,0
That dancer that flees from the Impressionists regrets those men reference those movies.,That dancer that flees from the Impressionists regret those men reference those movies.,morphology,subject_verb_agreement,distractor_agreement_relative_clause,True,True,False,False,363,-120.51870727539062,-119.33154296875,0
A boy that hugs guests has biked to the school.,A boy that hugs guests have biked to the school.,morphology,subject_verb_agreement,distractor_agreement_relative_clause,True,True,False,False,364,-72.70994567871094,-72.43763732910156,0
Some driver that embarrassed these governments figures out who notice those gates.,Some driver that embarrassed these governments figure out who notice those gates.,morphology,subject_verb_agreement,distractor_agreement_relative_clause,True,True,False,False,365,-98.26720428466797,-93.8981704711914,0
This pedestrian who finds these children escapes from Scott.,This pedestrian who finds these children escape from Scott.,morphology,subject_verb_agreement,distractor_agreement_relative_clause,True,True,False,False,366,-68.96768951416016,-64.83935546875,0
The company that hadn't boasted about many women doesn't cope.,The company that hadn't boasted about many women don't cope.,morphology,subject_verb_agreement,distractor_agreement_relative_clause,True,True,False,False,367,-73.26228332519531,-71.4900131225586,0
Those adults who don't complain about Julie haven't disgusted Janet.,Those adults who don't complain about Julie hasn't disgusted Janet.,morphology,subject_verb_agreement,distractor_agreement_relative_clause,True,True,False,False,368,-74.88825988769531,-72.48854064941406,0
The drivers who hadn't concealed Martin are cheering.,The drivers who hadn't concealed Martin was cheering.,morphology,subject_verb_agreement,distractor_agreement_relative_clause,True,True,False,False,369,-66.16053771972656,-63.343666076660156,0
Waiters that cured Erin are talking to Alan.,Waiters that cured Erin is talking to Alan.,morphology,subject_verb_agreement,distractor_agreement_relative_clause,True,True,False,False,370,-67.87630462646484,-65.23445129394531,0
Many boys that haven't hidden Teresa weren't wishing to work with this adult.,Many boys that haven't hidden Teresa wasn't wishing to work with this adult.,morphology,subject_verb_agreement,distractor_agreement_relative_clause,True,True,False,False,371,-86.27706909179688,-85.14274597167969,0
The waitress who hadn't questioned the Impressionists does practice.,The waitress who hadn't questioned the Impressionists do practice.,morphology,subject_verb_agreement,distractor_agreement_relative_clause,True,True,False,False,372,-75.26686096191406,-72.09562683105469,0
All libraries that were aggravating a legislature joke around.,All libraries that were aggravating a legislature jokes around.,morphology,subject_verb_agreement,distractor_agreement_relative_clause,True,True,False,False,373,-74.98396301269531,-78.30731201171875,1
These teenagers who were talking about Elaine don't insult Gerald.,These teenagers who were talking about Elaine doesn't insult Gerald.,morphology,subject_verb_agreement,distractor_agreement_relative_clause,True,True,False,False,374,-78.25772094726562,-76.8370361328125,0
Teenagers who will insult that library don't hire Rachel.,Teenagers who will insult that library doesn't hire Rachel.,morphology,subject_verb_agreement,distractor_agreement_relative_clause,True,True,False,False,375,-82.06321716308594,-81.77478790283203,0
Some university that had helped all people was replying.,Some university that had helped all people were replying.,morphology,subject_verb_agreement,distractor_agreement_relative_clause,True,True,False,False,376,-63.099884033203125,-61.609981536865234,0
These girls who embarrasses Ellen aren't exercising.,These girls who embarrasses Ellen isn't exercising.,morphology,subject_verb_agreement,distractor_agreement_relative_clause,True,True,False,False,377,-66.06312561035156,-64.27561950683594,0
The student that stunned many pedestrians figures out who wears these sweaters.,The student that stunned many pedestrians figure out who wears these sweaters.,morphology,subject_verb_agreement,distractor_agreement_relative_clause,True,True,False,False,378,-92.61221313476562,-88.1981201171875,0
Most actresses who embarrassed every committee haven't neglected to flee from Eva.,Most actresses who embarrassed every committee hasn't neglected to flee from Eva.,morphology,subject_verb_agreement,distractor_agreement_relative_clause,True,True,False,False,379,-95.69927978515625,-94.4441909790039,0
That student who researched the Clintons hasn't hoped to pass those museums.,That student who researched the Clintons haven't hoped to pass those museums.,morphology,subject_verb_agreement,distractor_agreement_relative_clause,True,True,False,False,380,-83.86174011230469,-81.47881317138672,0
A guy that references a lot of customers proves to shatter.,A guy that references a lot of customers prove to shatter.,morphology,subject_verb_agreement,distractor_agreement_relative_clause,True,True,False,False,381,-70.5214614868164,-71.73320007324219,1
This lady that hasn't thought about some fish isn't breaking some wheelbarrows.,This lady that hasn't thought about some fish aren't breaking some wheelbarrows.,morphology,subject_verb_agreement,distractor_agreement_relative_clause,True,True,False,False,382,-97.59412384033203,-97.72412109375,1
An actor that thinks about many horses hasn't descended most stairs.,An actor that thinks about many horses haven't descended most stairs.,morphology,subject_verb_agreement,distractor_agreement_relative_clause,True,True,False,False,383,-85.63651275634766,-84.91989135742188,0
Some committee that was disturbing those committees helps Veronica.,Some committee that was disturbing those committees help Veronica.,morphology,subject_verb_agreement,distractor_agreement_relative_clause,True,True,False,False,384,-77.97789001464844,-76.20732116699219,0
Every committee that has described all girls hasn't conspired.,Every committee that has described all girls haven't conspired.,morphology,subject_verb_agreement,distractor_agreement_relative_clause,True,True,False,False,385,-71.24896240234375,-69.91463470458984,0
Actors that approach Theresa do say Bethany should criticize every hill.,Actors that approach Theresa does say Bethany should criticize every hill.,morphology,subject_verb_agreement,distractor_agreement_relative_clause,True,True,False,False,386,-108.32243347167969,-105.68262481689453,0
Some pedestrians who hide Bradley don't research the mountains.,Some pedestrians who hide Bradley doesn't research the mountains.,morphology,subject_verb_agreement,distractor_agreement_relative_clause,True,True,False,False,387,-74.47946166992188,-74.13446044921875,0
The organization that has shocked these ladies motivates Katherine to forfeit.,The organization that has shocked these ladies motivate Katherine to forfeit.,morphology,subject_verb_agreement,distractor_agreement_relative_clause,True,True,False,False,388,-86.25899505615234,-82.2283935546875,0
This girl who has attacked a lot of drivers lies.,This girl who has attacked a lot of drivers lie.,morphology,subject_verb_agreement,distractor_agreement_relative_clause,True,True,False,False,389,-58.5581169128418,-59.56801986694336,1
Many waitresses who thought about Elaine have joked around.,Many waitresses who thought about Elaine has joked around.,morphology,subject_verb_agreement,distractor_agreement_relative_clause,True,True,False,False,390,-79.55758666992188,-77.83291625976562,0
Guys that insulted Monet don't learn.,Guys that insulted Monet doesn't learn.,morphology,subject_verb_agreement,distractor_agreement_relative_clause,True,True,False,False,391,-71.96187591552734,-68.75917053222656,0
A teenager that approaches a lot of men scratches.,A teenager that approaches a lot of men scratch.,morphology,subject_verb_agreement,distractor_agreement_relative_clause,True,True,False,False,392,-60.22010803222656,-59.41960906982422,0
Dancers who stuns a student compromise.,Dancers who stuns a student compromises.,morphology,subject_verb_agreement,distractor_agreement_relative_clause,True,True,False,False,393,-55.61009216308594,-58.59272003173828,1
A lot of actresses who did astound this actress sit down.,A lot of actresses who did astound this actress sits down.,morphology,subject_verb_agreement,distractor_agreement_relative_clause,True,True,False,False,394,-74.81843566894531,-77.29369354248047,1
A lot of teachers that distracted Ellen have healed Katherine.,A lot of teachers that distracted Ellen has healed Katherine.,morphology,subject_verb_agreement,distractor_agreement_relative_clause,True,True,False,False,395,-76.9110107421875,-75.77198791503906,0
A lot of waiters that wouldn't conceal Patrick do anticipate a lot of couches to drop.,A lot of waiters that wouldn't conceal Patrick does anticipate a lot of couches to drop.,morphology,subject_verb_agreement,distractor_agreement_relative_clause,True,True,False,False,396,-111.36664581298828,-109.65666198730469,0
Teenagers who can work with Kathleen observe Tonya.,Teenagers who can work with Kathleen observes Tonya.,morphology,subject_verb_agreement,distractor_agreement_relative_clause,True,True,False,False,397,-66.7894287109375,-66.99047088623047,1
A company that concealed all cashiers forgets about what shrank.,A company that concealed all cashiers forget about what shrank.,morphology,subject_verb_agreement,distractor_agreement_relative_clause,True,True,False,False,398,-88.12318420410156,-81.90621185302734,0
All banks that upset Kristen want this river to vaporize.,All banks that upset Kristen wants this river to vaporize.,morphology,subject_verb_agreement,distractor_agreement_relative_clause,True,True,False,False,399,-87.76150512695312,-84.23656463623047,0
Drivers who aren't dropping by the grocery store do resemble every drawing.,Drivers who aren't dropping by the grocery store does resemble every drawing.,morphology,subject_verb_agreement,distractor_agreement_relative_clause,True,True,False,False,400,-89.44518280029297,-87.64118957519531,0
This museum that is bothering a lot of drivers threatens to bother Melinda.,This museum that is bothering a lot of drivers threaten to bother Melinda.,morphology,subject_verb_agreement,distractor_agreement_relative_clause,True,True,False,False,401,-87.82862854003906,-87.09530639648438,0
The students that hadn't confused Jennifer leave.,The students that hadn't confused Jennifer leaves.,morphology,subject_verb_agreement,distractor_agreement_relative_clause,True,True,False,False,402,-54.66218185424805,-53.45025634765625,0
Those waiters who bothers Harvard University have retaliated.,Those waiters who bothers Harvard University has retaliated.,morphology,subject_verb_agreement,distractor_agreement_relative_clause,True,True,False,False,403,-71.26927947998047,-69.08418273925781,0
Every guy who hurt some boys has wept.,Every guy who hurt some boys have wept.,morphology,subject_verb_agreement,distractor_agreement_relative_clause,True,True,False,False,404,-64.23558044433594,-63.0660400390625,0
Some museum that shocks these teenagers was coping.,Some museum that shocks these teenagers are coping.,morphology,subject_verb_agreement,distractor_agreement_relative_clause,True,True,False,False,405,-71.05979919433594,-64.58155059814453,0
Every pedestrian who disgusted all ladies smiles.,Every pedestrian who disgusted all ladies smile.,morphology,subject_verb_agreement,distractor_agreement_relative_clause,True,True,False,False,406,-62.52833557128906,-60.36437225341797,0
Some governments that hadn't talked to Paula happen to move.,Some governments that hadn't talked to Paula happens to move.,morphology,subject_verb_agreement,distractor_agreement_relative_clause,True,True,False,False,407,-70.11930847167969,-70.71270751953125,1
These ladies that were bothering Eric don't complain.,These ladies that were bothering Eric doesn't complain.,morphology,subject_verb_agreement,distractor_agreement_relative_clause,True,True,False,False,408,-55.912025451660156,-56.151283264160156,1
Most museums that had described Gary want the Clintons to vanish.,Most museums that had described Gary wants the Clintons to vanish.,morphology,subject_verb_agreement,distractor_agreement_relative_clause,True,True,False,False,409,-86.25066375732422,-83.955322265625,0
Many students who took the sock confuse that child.,Many students who took the sock confuses that child.,morphology,subject_verb_agreement,distractor_agreement_relative_clause,True,True,False,False,410,-60.331199645996094,-58.86882781982422,0
The universities that weren't describing Donald haven't asked a lot of nieces of Andrew to waste away.,The universities that weren't describing Donald hasn't asked a lot of nieces of Andrew to waste away.,morphology,subject_verb_agreement,distractor_agreement_relative_clause,True,True,False,False,411,-125.51632690429688,-122.60493469238281,0
Actors who discover every legislature have responded.,Actors who discover every legislature has responded.,morphology,subject_verb_agreement,distractor_agreement_relative_clause,True,True,False,False,412,-62.86388397216797,-61.170654296875,0
A lot of libraries that listened to the man forget the commentaries.,A lot of libraries that listened to the man forgets the commentaries.,morphology,subject_verb_agreement,distractor_agreement_relative_clause,True,True,False,False,413,-71.39454650878906,-72.97468566894531,1
The customer who walked through the banks has spurred the Clintons to fire Janet.,The customer who walked through the banks have spurred the Clintons to fire Janet.,morphology,subject_verb_agreement,distractor_agreement_relative_clause,True,True,False,False,414,-90.52364349365234,-90.44929504394531,0
Most companies that should impress that library are reacting.,Most companies that should impress that library was reacting.,morphology,subject_verb_agreement,distractor_agreement_relative_clause,True,True,False,False,415,-65.34031677246094,-66.21800231933594,1
Some pedestrian who admired many doctors is concealing that river.,Some pedestrian who admired many doctors are concealing that river.,morphology,subject_verb_agreement,distractor_agreement_relative_clause,True,True,False,False,416,-86.88748931884766,-85.61875915527344,0
Some ladies who haven't irritated Beverly kiss Sara.,Some ladies who haven't irritated Beverly kisses Sara.,morphology,subject_verb_agreement,distractor_agreement_relative_clause,True,True,False,False,417,-72.0845947265625,-72.01954650878906,0
Many boys who dislike Dawn talk.,Many boys who dislike Dawn talks.,morphology,subject_verb_agreement,distractor_agreement_relative_clause,True,True,False,False,418,-50.2155876159668,-48.775264739990234,0
These boys that did embarrass every government don't tempt every thesis to insult Steve.,These boys that did embarrass every government doesn't tempt every thesis to insult Steve.,morphology,subject_verb_agreement,distractor_agreement_relative_clause,True,True,False,False,419,-117.07291412353516,-114.61444091796875,0
The customers who respected Angela dislike Deanna.,The customers who respected Angela dislikes Deanna.,morphology,subject_verb_agreement,distractor_agreement_relative_clause,True,True,False,False,420,-63.36915588378906,-64.01651000976562,1
Those pedestrians that could listen to Lissa don't think those customers pass college campuses.,Those pedestrians that could listen to Lissa doesn't think those customers pass college campuses.,morphology,subject_verb_agreement,distractor_agreement_relative_clause,True,True,False,False,421,-105.55397033691406,-106.07742309570312,1
That boy who investigates boys wasn't asking Melissa to study.,That boy who investigates boys aren't asking Melissa to study.,morphology,subject_verb_agreement,distractor_agreement_relative_clause,True,True,False,False,422,-80.63539123535156,-78.249267578125,0
Every cashier who wasn't visiting those senators salutes.,Every cashier who wasn't visiting those senators salute.,morphology,subject_verb_agreement,distractor_agreement_relative_clause,True,True,False,False,423,-80.83357238769531,-75.70414733886719,0
That teacher that is alarming the museums cooperates.,That teacher that is alarming the museums cooperate.,morphology,subject_verb_agreement,distractor_agreement_relative_clause,True,True,False,False,424,-63.1292724609375,-61.088993072509766,0
This customer who has praised all ladies criticizes Rhonda.,This customer who has praised all ladies criticize Rhonda.,morphology,subject_verb_agreement,distractor_agreement_relative_clause,True,True,False,False,425,-76.41299438476562,-74.36121368408203,0
This waitress that observes many cashiers isn't inducing Carolyn to die.,This waitress that observes many cashiers aren't inducing Carolyn to die.,morphology,subject_verb_agreement,distractor_agreement_relative_clause,True,True,False,False,426,-106.25444030761719,-104.78836059570312,0
A shoe that annoys a lot of guys upsets the Borgias.,A shoe that annoys a lot of guys upset the Borgias.,morphology,subject_verb_agreement,distractor_agreement_relative_clause,True,True,False,False,427,-79.974853515625,-74.27664184570312,0
That senator who wasn't boring all customers doubts Joel forgot about who isn't complaining.,That senator who wasn't boring all customers doubt Joel forgot about who isn't complaining.,morphology,subject_verb_agreement,distractor_agreement_relative_clause,True,True,False,False,428,-116.44355773925781,-113.54878234863281,0
This driver that has described many dancers hides.,This driver that has described many dancers hide.,morphology,subject_verb_agreement,distractor_agreement_relative_clause,True,True,False,False,429,-59.42420959472656,-58.80586624145508,0
The guy who is appreciating those ladies has want to discover Judy.,The guy who is appreciating those ladies have want to discover Judy.,morphology,subject_verb_agreement,distractor_agreement_relative_clause,True,True,False,False,430,-79.87036895751953,-79.33081817626953,0
These girls who couldn't visit Rodney weren't sighing.,These girls who couldn't visit Rodney wasn't sighing.,morphology,subject_verb_agreement,distractor_agreement_relative_clause,True,True,False,False,431,-71.02894592285156,-69.3495864868164,0
The doctor that has impressed these teachers laughs.,The doctor that has impressed these teachers laugh.,morphology,subject_verb_agreement,distractor_agreement_relative_clause,True,True,False,False,432,-61.17510223388672,-57.86798858642578,0
Most teachers who aren't thinking about every company do conspire.,Most teachers who aren't thinking about every company does conspire.,morphology,subject_verb_agreement,distractor_agreement_relative_clause,True,True,False,False,433,-70.61981201171875,-70.1767578125,0
Children who approached the boy are coughing.,Children who approached the boy is coughing.,morphology,subject_verb_agreement,distractor_agreement_relative_clause,True,True,False,False,434,-45.77231979370117,-44.1291618347168,0
A customer who kisses all boys murmurs.,A customer who kisses all boys murmur.,morphology,subject_verb_agreement,distractor_agreement_relative_clause,True,True,False,False,435,-57.56743240356445,-60.653987884521484,1
These dancers that sound like Debra run around this art gallery.,These dancers that sound like Debra runs around this art gallery.,morphology,subject_verb_agreement,distractor_agreement_relative_clause,True,True,False,False,436,-71.34235382080078,-70.39236450195312,0
Some teenagers who annoy William don't realize who hadn't waved.,Some teenagers who annoy William doesn't realize who hadn't waved.,morphology,subject_verb_agreement,distractor_agreement_relative_clause,True,True,False,False,437,-81.8983383178711,-80.3946533203125,0
A school that does annoy a lot of customers judges that doctor to exit Spain.,A school that does annoy a lot of customers judge that doctor to exit Spain.,morphology,subject_verb_agreement,distractor_agreement_relative_clause,True,True,False,False,438,-107.52896118164062,-105.95833587646484,0
A lot of boys who haven't returned to Brad have respected Kendra.,A lot of boys who haven't returned to Brad has respected Kendra.,morphology,subject_verb_agreement,distractor_agreement_relative_clause,True,True,False,False,439,-80.26158142089844,-78.11457824707031,0
All patients that discovered Keith do read.,All patients that discovered Keith does read.,morphology,subject_verb_agreement,distractor_agreement_relative_clause,True,True,False,False,440,-53.324501037597656,-55.644805908203125,1
This adult who isn't attacking all students doesn't oblige this grandson of Chad to smile.,This adult who isn't attacking all students don't oblige this grandson of Chad to smile.,morphology,subject_verb_agreement,distractor_agreement_relative_clause,True,True,False,False,441,-119.06854248046875,-117.43634796142578,0
These guests that didn't discuss every senator cure Amy.,These guests that didn't discuss every senator cures Amy.,morphology,subject_verb_agreement,distractor_agreement_relative_clause,True,True,False,False,442,-80.80322265625,-80.06660461425781,0
Most dogs that disturbed Vincent do fall asleep.,Most dogs that disturbed Vincent does fall asleep.,morphology,subject_verb_agreement,distractor_agreement_relative_clause,True,True,False,False,443,-57.864898681640625,-58.3897705078125,1
Every senator who couldn't conceal many actors has changed.,Every senator who couldn't conceal many actors have changed.,morphology,subject_verb_agreement,distractor_agreement_relative_clause,True,True,False,False,444,-63.526004791259766,-63.226844787597656,0
That snake that was boring some men does climb up many ladders.,That snake that was boring some men do climb up many ladders.,morphology,subject_verb_agreement,distractor_agreement_relative_clause,True,True,False,False,445,-90.18267822265625,-90.12789916992188,0
Every patient that boasts about a lot of boys does come here.,Every patient that boasts about a lot of boys do come here.,morphology,subject_verb_agreement,distractor_agreement_relative_clause,True,True,False,False,446,-72.59707641601562,-70.76565551757812,0
Those doctors that weren't aggravating Carrie aren't seeming to complain about Roger.,Those doctors that weren't aggravating Carrie wasn't seeming to complain about Roger.,morphology,subject_verb_agreement,distractor_agreement_relative_clause,True,True,False,False,447,-91.45674133300781,-89.66969299316406,0
A lot of girls who were upsetting Becky don't exercise.,A lot of girls who were upsetting Becky doesn't exercise.,morphology,subject_verb_agreement,distractor_agreement_relative_clause,True,True,False,False,448,-71.78314208984375,-71.31536865234375,0
A boy who has talked about many teenagers bothers to joke around.,A boy who has talked about many teenagers bother to joke around.,morphology,subject_verb_agreement,distractor_agreement_relative_clause,True,True,False,False,449,-72.43731689453125,-72.17862701416016,0
Many doctors that have remembered Sarah aren't tempting that doctor to bother many doctors.,Many doctors that have remembered Sarah isn't tempting that doctor to bother many doctors.,morphology,subject_verb_agreement,distractor_agreement_relative_clause,True,True,False,False,450,-103.21574401855469,-99.33975219726562,0
That waitress who was appreciating a lot of cashiers wears a lot of skirts.,That waitress who was appreciating a lot of cashiers wear a lot of skirts.,morphology,subject_verb_agreement,distractor_agreement_relative_clause,True,True,False,False,451,-80.71829223632812,-79.35685729980469,0
All actors that exit this bank are competing.,All actors that exit this bank is competing.,morphology,subject_verb_agreement,distractor_agreement_relative_clause,True,True,False,False,452,-55.4743766784668,-56.50060272216797,1
This teacher that wouldn't shock these teenagers says George distracted Monet.,This teacher that wouldn't shock these teenagers say George distracted Monet.,morphology,subject_verb_agreement,distractor_agreement_relative_clause,True,True,False,False,453,-107.16471862792969,-104.55074310302734,0
The casserole that scares these ladies bakes.,The casserole that scares these ladies bake.,morphology,subject_verb_agreement,distractor_agreement_relative_clause,True,True,False,False,454,-59.17570495605469,-59.044219970703125,0
A lot of teachers who referenced Eva break all bikes.,A lot of teachers who referenced Eva breaks all bikes.,morphology,subject_verb_agreement,distractor_agreement_relative_clause,True,True,False,False,455,-78.42506408691406,-75.16650390625,0
Some students that could care for Jennifer haven't joked around.,Some students that could care for Jennifer hasn't joked around.,morphology,subject_verb_agreement,distractor_agreement_relative_clause,True,True,False,False,456,-69.0561752319336,-66.99569702148438,0
Those pedestrians who impressed Donald have gotten fired.,Those pedestrians who impressed Donald has gotten fired.,morphology,subject_verb_agreement,distractor_agreement_relative_clause,True,True,False,False,457,-68.39920043945312,-65.64739990234375,0
Some customers that hate Denise have urged Anna to research every drawing.,Some customers that hate Denise has urged Anna to research every drawing.,morphology,subject_verb_agreement,distractor_agreement_relative_clause,True,True,False,False,458,-88.45448303222656,-84.48783874511719,0
This university that remembers waitresses does stun Tara.,This university that remembers waitresses do stun Tara.,morphology,subject_verb_agreement,distractor_agreement_relative_clause,True,True,False,False,459,-87.77830505371094,-86.18529510498047,0
Most cashiers that were fleeing from Gregory do complain.,Most cashiers that were fleeing from Gregory does complain.,morphology,subject_verb_agreement,distractor_agreement_relative_clause,True,True,False,False,460,-73.12398529052734,-73.70802307128906,1
These actors that haven't investigated Cheryl paint.,These actors that haven't investigated Cheryl paints.,morphology,subject_verb_agreement,distractor_agreement_relative_clause,True,True,False,False,461,-59.56319046020508,-59.352725982666016,0
All senators who return to Sonia haven't obligated Martha to love Kimberley.,All senators who return to Sonia hasn't obligated Martha to love Kimberley.,morphology,subject_verb_agreement,distractor_agreement_relative_clause,True,True,False,False,462,-106.17992401123047,-106.23316192626953,1
Those students that worried Stephen predict Sheila to wash.,Those students that worried Stephen predicts Sheila to wash.,morphology,subject_verb_agreement,distractor_agreement_relative_clause,True,True,False,False,463,-82.47904968261719,-79.94750213623047,0
The guest that isn't talking to most guests is practicing.,The guest that isn't talking to most guests are practicing.,morphology,subject_verb_agreement,distractor_agreement_relative_clause,True,True,False,False,464,-63.370277404785156,-63.78550720214844,1
Most actors who have hurt Dan skate around a hill.,Most actors who have hurt Dan skates around a hill.,morphology,subject_verb_agreement,distractor_agreement_relative_clause,True,True,False,False,465,-68.2182388305664,-67.74351501464844,0
A government that stunned many waiters was reacting.,A government that stunned many waiters were reacting.,morphology,subject_verb_agreement,distractor_agreement_relative_clause,True,True,False,False,466,-62.73334503173828,-60.42472457885742,0
The waiter that had appreciated many teenagers has littered.,The waiter that had appreciated many teenagers have littered.,morphology,subject_verb_agreement,distractor_agreement_relative_clause,True,True,False,False,467,-75.68840026855469,-73.43311309814453,0
That actress that buys most jackets doesn't hurt Brad.,That actress that buys most jackets don't hurt Brad.,morphology,subject_verb_agreement,distractor_agreement_relative_clause,True,True,False,False,468,-76.88150024414062,-76.83759307861328,0
That waiter who upset most guests has compromised.,That waiter who upset most guests have compromised.,morphology,subject_verb_agreement,distractor_agreement_relative_clause,True,True,False,False,469,-66.07101440429688,-64.26807403564453,0
A lady who was observing many patients escapes from those hills.,A lady who was observing many patients escape from those hills.,morphology,subject_verb_agreement,distractor_agreement_relative_clause,True,True,False,False,470,-72.71037292480469,-69.74262237548828,0
Doctors that embarrass Dawn weren't entreating Nicole to escape from Patricia.,Doctors that embarrass Dawn wasn't entreating Nicole to escape from Patricia.,morphology,subject_verb_agreement,distractor_agreement_relative_clause,True,True,False,False,471,-98.94429779052734,-95.85812377929688,0
Those girls that discovered Jennifer don't boycott many associations.,Those girls that discovered Jennifer doesn't boycott many associations.,morphology,subject_verb_agreement,distractor_agreement_relative_clause,True,True,False,False,472,-77.81883239746094,-76.40799713134766,0
Those legislatures that could embarrass every school were expecting some dress to loosen.,Those legislatures that could embarrass every school is expecting some dress to loosen.,morphology,subject_verb_agreement,distractor_agreement_relative_clause,True,True,False,False,473,-98.62344360351562,-94.2614974975586,0
This girl that returned to the students hasn't hunted.,This girl that returned to the students haven't hunted.,morphology,subject_verb_agreement,distractor_agreement_relative_clause,True,True,False,False,474,-62.72595977783203,-61.34519958496094,0
The doctor that reveals the Borgias researches this lake.,The doctor that reveals the Borgias research this lake.,morphology,subject_verb_agreement,distractor_agreement_relative_clause,True,True,False,False,475,-76.1826171875,-72.83778381347656,0
This teacher who bothered the guests drops by the hospitals.,This teacher who bothered the guests drop by the hospitals.,morphology,subject_verb_agreement,distractor_agreement_relative_clause,True,True,False,False,476,-72.10429382324219,-68.66952514648438,0
A pedestrian who is worrying the Impressionists wins.,A pedestrian who is worrying the Impressionists win.,morphology,subject_verb_agreement,distractor_agreement_relative_clause,True,True,False,False,477,-68.9168472290039,-67.21768188476562,0
That teenager that talks about the Borgias tours the library.,That teenager that talks about the Borgias tour the library.,morphology,subject_verb_agreement,distractor_agreement_relative_clause,True,True,False,False,478,-79.31417083740234,-76.97679138183594,0
Many committees that will respect Charles induce Adam to look like most pictures.,Many committees that will respect Charles induces Adam to look like most pictures.,morphology,subject_verb_agreement,distractor_agreement_relative_clause,True,True,False,False,479,-95.49073791503906,-97.24980163574219,1
Some guys who dislike Janet neglect to bother Steve.,Some guys who dislike Janet neglects to bother Steve.,morphology,subject_verb_agreement,distractor_agreement_relative_clause,True,True,False,False,480,-69.68059539794922,-73.32115173339844,1
Most children that aren't visiting Harvard University haven't responded.,Most children that aren't visiting Harvard University hasn't responded.,morphology,subject_verb_agreement,distractor_agreement_relative_clause,True,True,False,False,481,-65.7357177734375,-65.11054992675781,0
A lot of waiters that sounded like Beth exercise.,A lot of waiters that sounded like Beth exercises.,morphology,subject_verb_agreement,distractor_agreement_relative_clause,True,True,False,False,482,-59.530181884765625,-61.77033233642578,1
Those schools that wouldn't distract a senator discover who isn't helping Gerald.,Those schools that wouldn't distract a senator discovers who isn't helping Gerald.,morphology,subject_verb_agreement,distractor_agreement_relative_clause,True,True,False,False,483,-93.748779296875,-95.18201446533203,1
All ladies that are thinking about this organization have hired Homer.,All ladies that are thinking about this organization has hired Homer.,morphology,subject_verb_agreement,distractor_agreement_relative_clause,True,True,False,False,484,-71.28263854980469,-68.84529113769531,0
That teacher that attacked these students forgets who cried.,That teacher that attacked these students forget who cried.,morphology,subject_verb_agreement,distractor_agreement_relative_clause,True,True,False,False,485,-70.87811279296875,-70.18656921386719,0
These ladies that are hugging Noah escape from Jennifer.,These ladies that are hugging Noah escapes from Jennifer.,morphology,subject_verb_agreement,distractor_agreement_relative_clause,True,True,False,False,486,-64.81382751464844,-64.77055358886719,0
That senator that observed these teachers has talked about some girls.,That senator that observed these teachers have talked about some girls.,morphology,subject_verb_agreement,distractor_agreement_relative_clause,True,True,False,False,487,-76.07283782958984,-72.98248291015625,0
Some boy that hadn't scared most ladies doesn't salute.,Some boy that hadn't scared most ladies don't salute.,morphology,subject_verb_agreement,distractor_agreement_relative_clause,True,True,False,False,488,-72.38084411621094,-69.74146270751953,0
The teachers that shouldn't kiss Tammy haven't spun around.,The teachers that shouldn't kiss Tammy hasn't spun around.,morphology,subject_verb_agreement,distractor_agreement_relative_clause,True,True,False,False,489,-73.42881774902344,-70.57938385009766,0
Those universities that can't remember that lady do prod Tammy to fall asleep.,Those universities that can't remember that lady does prod Tammy to fall asleep.,morphology,subject_verb_agreement,distractor_agreement_relative_clause,True,True,False,False,490,-99.15803527832031,-94.95408630371094,0
This lady who did heal most teenagers does nod.,This lady who did heal most teenagers do nod.,morphology,subject_verb_agreement,distractor_agreement_relative_clause,True,True,False,False,491,-70.70933532714844,-68.80621337890625,0
Those shoes that distracted Martin stretch.,Those shoes that distracted Martin stretches.,morphology,subject_verb_agreement,distractor_agreement_relative_clause,True,True,False,False,492,-53.71139907836914,-54.81053161621094,1
This driver who thought about many committees has ordered Beth's hairdressers to concur.,This driver who thought about many committees have ordered Beth's hairdressers to concur.,morphology,subject_verb_agreement,distractor_agreement_relative_clause,True,True,False,False,493,-117.71728515625,-116.22630310058594,0
This adult who didn't astound the doctors gets fired.,This adult who didn't astound the doctors get fired.,morphology,subject_verb_agreement,distractor_agreement_relative_clause,True,True,False,False,494,-73.12689971923828,-69.56253051757812,0
A lot of patients that were stunning Donna are encouraging Mark to nod.,A lot of patients that were stunning Donna is encouraging Mark to nod.,morphology,subject_verb_agreement,distractor_agreement_relative_clause,True,True,False,False,495,-90.96752166748047,-89.30850982666016,0
These senators who didn't respect Valerie aren't longing to tour a school.,These senators who didn't respect Valerie isn't longing to tour a school.,morphology,subject_verb_agreement,distractor_agreement_relative_clause,True,True,False,False,496,-94.00796508789062,-91.36679077148438,0
Some organization that helps a lot of customers likes Edward.,Some organization that helps a lot of customers like Edward.,morphology,subject_verb_agreement,distractor_agreement_relative_clause,True,True,False,False,497,-63.069549560546875,-52.00788879394531,0
This boy who could investigate the Clintons isn't talking.,This boy who could investigate the Clintons aren't talking.,morphology,subject_verb_agreement,distractor_agreement_relative_clause,True,True,False,False,498,-65.48980712890625,-63.42292785644531,0
This actor that is revealing the people has washed.,This actor that is revealing the people have washed.,morphology,subject_verb_agreement,distractor_agreement_relative_clause,True,True,False,False,499,-59.046669006347656,-58.86301040649414,0
Some teenager that hasn't observed drivers drives to a bank.,Some teenager that hasn't observed drivers drive to a bank.,morphology,subject_verb_agreement,distractor_agreement_relative_clause,True,True,False,False,500,-76.20501708984375,-72.562255859375,0
Some student that had stunned the organizations hasn't realized who happens to help Gina.,Some student that had stunned the organizations haven't realized who happens to help Gina.,morphology,subject_verb_agreement,distractor_agreement_relative_clause,True,True,False,False,501,-101.67352294921875,-101.1656494140625,0
The dancer who hasn't embarrassed those guests conceals many gloves.,The dancer who hasn't embarrassed those guests conceal many gloves.,morphology,subject_verb_agreement,distractor_agreement_relative_clause,True,True,False,False,502,-86.36647033691406,-83.65647888183594,0
Ladies that aggravates Wayne have intended to sneeze.,Ladies that aggravates Wayne has intended to sneeze.,morphology,subject_verb_agreement,distractor_agreement_relative_clause,True,True,False,False,503,-77.8616943359375,-75.56220245361328,0
The cashier that doesn't work with all pedestrians doesn't explain these ladies hate the customer.,The cashier that doesn't work with all pedestrians don't explain these ladies hate the customer.,morphology,subject_verb_agreement,distractor_agreement_relative_clause,True,True,False,False,504,-106.82654571533203,-106.15989685058594,0
Some committee that has known the adults judges the adults to compete.,Some committee that has known the adults judge the adults to compete.,morphology,subject_verb_agreement,distractor_agreement_relative_clause,True,True,False,False,505,-83.71479034423828,-82.08038330078125,0
All waiters who left the guy aren't shouting.,All waiters who left the guy wasn't shouting.,morphology,subject_verb_agreement,distractor_agreement_relative_clause,True,True,False,False,506,-61.87480926513672,-61.27632141113281,0
Many doctors that aren't astounding a bank don't approve.,Many doctors that aren't astounding a bank doesn't approve.,morphology,subject_verb_agreement,distractor_agreement_relative_clause,True,True,False,False,507,-71.09272766113281,-70.97311401367188,0
Some universities that remembered Harvard University haven't met.,Some universities that remembered Harvard University hasn't met.,morphology,subject_verb_agreement,distractor_agreement_relative_clause,True,True,False,False,508,-58.637142181396484,-58.653045654296875,1
Boys that had questioned Marla don't skate around these malls.,Boys that had questioned Marla doesn't skate around these malls.,morphology,subject_verb_agreement,distractor_agreement_relative_clause,True,True,False,False,509,-98.42686462402344,-97.79093933105469,0
The organization that does know most actors reveals who hasn't kissed Anna.,The organization that does know most actors reveal who hasn't kissed Anna.,morphology,subject_verb_agreement,distractor_agreement_relative_clause,True,True,False,False,510,-90.43795776367188,-87.65080261230469,0
These children who distract Cindy weren't murmuring.,These children who distract Cindy wasn't murmuring.,morphology,subject_verb_agreement,distractor_agreement_relative_clause,True,True,False,False,511,-66.88385772705078,-65.99949645996094,0
That teacher that can reference a lot of adults protests.,That teacher that can reference a lot of adults protest.,morphology,subject_verb_agreement,distractor_agreement_relative_clause,True,True,False,False,512,-65.48837280273438,-64.11932373046875,0
A lot of schools that liked Edward weren't buying fish.,A lot of schools that liked Edward isn't buying fish.,morphology,subject_verb_agreement,distractor_agreement_relative_clause,True,True,False,False,513,-71.34187316894531,-70.2201919555664,0
These forks that hadn't alarmed Brett exist.,These forks that hadn't alarmed Brett exists.,morphology,subject_verb_agreement,distractor_agreement_relative_clause,True,True,False,False,514,-65.23332214355469,-63.9849739074707,0
Most actresses that shouldn't conceal Kayla have sounded like Teresa.,Most actresses that shouldn't conceal Kayla has sounded like Teresa.,morphology,subject_verb_agreement,distractor_agreement_relative_clause,True,True,False,False,515,-84.01500701904297,-82.15119934082031,0
An actress who had upset all museums fires Helen.,An actress who had upset all museums fire Helen.,morphology,subject_verb_agreement,distractor_agreement_relative_clause,True,True,False,False,516,-77.52226257324219,-75.45125579833984,0
All senators who were hiring Alice don't prompt Monica to investigate all girls.,All senators who were hiring Alice doesn't prompt Monica to investigate all girls.,morphology,subject_verb_agreement,distractor_agreement_relative_clause,True,True,False,False,517,-105.10348510742188,-104.32186889648438,0
Some students that can't stun this association do negotiate.,Some students that can't stun this association does negotiate.,morphology,subject_verb_agreement,distractor_agreement_relative_clause,True,True,False,False,518,-71.56087493896484,-70.11921691894531,0
The ladies that dislike Gina have painted.,The ladies that dislike Gina has painted.,morphology,subject_verb_agreement,distractor_agreement_relative_clause,True,True,False,False,519,-56.69057083129883,-55.07030487060547,0
Many waitresses who aren't kissing Jennifer cook.,Many waitresses who aren't kissing Jennifer cooks.,morphology,subject_verb_agreement,distractor_agreement_relative_clause,True,True,False,False,520,-70.45632934570312,-69.09390258789062,0
Waitresses that can't disturb Danielle shout.,Waitresses that can't disturb Danielle shouts.,morphology,subject_verb_agreement,distractor_agreement_relative_clause,True,True,False,False,521,-61.720542907714844,-58.44469451904297,0
These waiters that aren't scaring Emily escape from that adult.,These waiters that aren't scaring Emily escapes from that adult.,morphology,subject_verb_agreement,distractor_agreement_relative_clause,True,True,False,False,522,-85.61709594726562,-86.18325805664062,1
Teenagers who should stun Monet aren't reading.,Teenagers who should stun Monet isn't reading.,morphology,subject_verb_agreement,distractor_agreement_relative_clause,True,True,False,False,523,-76.54782104492188,-74.59065246582031,0
This actress who is observing those guys laughs.,This actress who is observing those guys laugh.,morphology,subject_verb_agreement,distractor_agreement_relative_clause,True,True,False,False,524,-57.26115798950195,-55.450538635253906,0
Every library that is boring some boys describes closets.,Every library that is boring some boys describe closets.,morphology,subject_verb_agreement,distractor_agreement_relative_clause,True,True,False,False,525,-77.38121032714844,-73.75752258300781,0
These teachers that weren't insulting Dawn salute.,These teachers that weren't insulting Dawn salutes.,morphology,subject_verb_agreement,distractor_agreement_relative_clause,True,True,False,False,526,-64.43616485595703,-69.67777252197266,1
Some waitress that left the hospitals neglects to talk to Larry.,Some waitress that left the hospitals neglect to talk to Larry.,morphology,subject_verb_agreement,distractor_agreement_relative_clause,True,True,False,False,527,-76.28437805175781,-72.64042663574219,0
A cashier that was astounding most cashiers hasn't returned to a waiter.,A cashier that was astounding most cashiers haven't returned to a waiter.,morphology,subject_verb_agreement,distractor_agreement_relative_clause,True,True,False,False,528,-96.22483825683594,-93.32337951660156,0
Those boys that might reference Bruce work hard.,Those boys that might reference Bruce works hard.,morphology,subject_verb_agreement,distractor_agreement_relative_clause,True,True,False,False,529,-66.35205078125,-66.53219604492188,1
Some association that listens to the waiters doesn't chat.,Some association that listens to the waiters don't chat.,morphology,subject_verb_agreement,distractor_agreement_relative_clause,True,True,False,False,530,-68.9192886352539,-67.31361389160156,0
Committees that have embarrassed a government have approved.,Committees that have embarrassed a government has approved.,morphology,subject_verb_agreement,distractor_agreement_relative_clause,True,True,False,False,531,-62.057003021240234,-61.102020263671875,0
Girls that disagreed with Guy aren't preferring Leslie to skate around the hill.,Girls that disagreed with Guy wasn't preferring Leslie to skate around the hill.,morphology,subject_verb_agreement,distractor_agreement_relative_clause,True,True,False,False,532,-90.05944061279297,-89.17213439941406,0
A lot of dogs that find the snake aren't upsetting Marie.,A lot of dogs that find the snake isn't upsetting Marie.,morphology,subject_verb_agreement,distractor_agreement_relative_clause,True,True,False,False,533,-69.95062255859375,-68.63935852050781,0
Those legislatures that are disturbing Randolf do commission Christopher to explain everything.,Those legislatures that are disturbing Randolf does commission Christopher to explain everything.,morphology,subject_verb_agreement,distractor_agreement_relative_clause,True,True,False,False,534,-112.32099151611328,-110.76356506347656,0
These organizations that insulted Marcus compel Donald to sneeze.,These organizations that insulted Marcus compels Donald to sneeze.,morphology,subject_verb_agreement,distractor_agreement_relative_clause,True,True,False,False,535,-85.83417510986328,-92.26325988769531,1
Many teachers that would boast about Cindy are leaving Nicole.,Many teachers that would boast about Cindy was leaving Nicole.,morphology,subject_verb_agreement,distractor_agreement_relative_clause,True,True,False,False,536,-76.25009155273438,-73.029541015625,0
Every adult that does know the Lutherans complains about the commentaries.,Every adult that does know the Lutherans complain about the commentaries.,morphology,subject_verb_agreement,distractor_agreement_relative_clause,True,True,False,False,537,-78.31486511230469,-76.70255279541016,0
The children that saw Regina think those waitresses mutter.,The children that saw Regina thinks those waitresses mutter.,morphology,subject_verb_agreement,distractor_agreement_relative_clause,True,True,False,False,538,-86.97915649414062,-87.21961975097656,1
That adult that dislikes those men isn't arriving at that hill.,That adult that dislikes those men weren't arriving at that hill.,morphology,subject_verb_agreement,distractor_agreement_relative_clause,True,True,False,False,539,-81.16069030761719,-80.27234649658203,0
A lot of doctors who won't heal Bill drink.,A lot of doctors who won't heal Bill drinks.,morphology,subject_verb_agreement,distractor_agreement_relative_clause,True,True,False,False,540,-65.15898895263672,-63.16150665283203,0
Some boys that stunned Christina don't shrug.,Some boys that stunned Christina doesn't shrug.,morphology,subject_verb_agreement,distractor_agreement_relative_clause,True,True,False,False,541,-63.83922576904297,-62.068572998046875,0
The customers who can't boast about Debra weren't forgetting about who were debating.,The customers who can't boast about Debra isn't forgetting about who were debating.,morphology,subject_verb_agreement,distractor_agreement_relative_clause,True,True,False,False,542,-97.26872253417969,-96.713623046875,0
The waiter who does heal some actors messes up those pants.,The waiter who does heal some actors mess up those pants.,morphology,subject_verb_agreement,distractor_agreement_relative_clause,True,True,False,False,543,-89.42057037353516,-87.73562622070312,0
A lot of pedestrians that hide Katherine were singing.,A lot of pedestrians that hide Katherine was singing.,morphology,subject_verb_agreement,distractor_agreement_relative_clause,True,True,False,False,544,-61.234378814697266,-59.53273010253906,0
Some pedestrian that couldn't bother all waitresses paints.,Some pedestrian that couldn't bother all waitresses paint.,morphology,subject_verb_agreement,distractor_agreement_relative_clause,True,True,False,False,545,-78.24263763427734,-75.63745880126953,0
This university that was distracting a lot of actresses appears to talk to Winston Churchill.,This university that was distracting a lot of actresses appear to talk to Winston Churchill.,morphology,subject_verb_agreement,distractor_agreement_relative_clause,True,True,False,False,546,-90.23963928222656,-89.68759155273438,0
That actor that fires those actresses doesn't suffer.,That actor that fires those actresses don't suffer.,morphology,subject_verb_agreement,distractor_agreement_relative_clause,True,True,False,False,547,-65.74700927734375,-62.75631332397461,0
A student that can approach these pedestrians visits Adam.,A student that can approach these pedestrians visit Adam.,morphology,subject_verb_agreement,distractor_agreement_relative_clause,True,True,False,False,548,-74.1084976196289,-72.47074127197266,0
Some doctor who wasn't hugging some pedestrians kisses Thomas.,Some doctor who wasn't hugging some pedestrians kiss Thomas.,morphology,subject_verb_agreement,distractor_agreement_relative_clause,True,True,False,False,549,-81.71233367919922,-78.33125305175781,0
All boys who hadn't hugged Eva were smiling.,All boys who hadn't hugged Eva is smiling.,morphology,subject_verb_agreement,distractor_agreement_relative_clause,True,True,False,False,550,-60.48666000366211,-59.920265197753906,0
A lot of schools that upset Susan have begged Timothy to fire Suzanne.,A lot of schools that upset Susan has begged Timothy to fire Suzanne.,morphology,subject_verb_agreement,distractor_agreement_relative_clause,True,True,False,False,551,-94.83450317382812,-92.67802429199219,0
A lot of actors that had praised Ellen do murmur.,A lot of actors that had praised Ellen does murmur.,morphology,subject_verb_agreement,distractor_agreement_relative_clause,True,True,False,False,552,-72.93871307373047,-74.8593521118164,1
Some dancer who would disgust all adults sneezes.,Some dancer who would disgust all adults sneeze.,morphology,subject_verb_agreement,distractor_agreement_relative_clause,True,True,False,False,553,-73.02320098876953,-73.93041229248047,1
A teacher that shouldn't hurt ladies concurs.,A teacher that shouldn't hurt ladies concur.,morphology,subject_verb_agreement,distractor_agreement_relative_clause,True,True,False,False,554,-62.90836715698242,-60.72848129272461,0
The patients who aren't referencing every guy have murmured.,The patients who aren't referencing every guy has murmured.,morphology,subject_verb_agreement,distractor_agreement_relative_clause,True,True,False,False,555,-70.21258544921875,-68.31407165527344,0
Many teenagers that sounded like Joseph don't drink.,Many teenagers that sounded like Joseph doesn't drink.,morphology,subject_verb_agreement,distractor_agreement_relative_clause,True,True,False,False,556,-57.77466583251953,-56.317264556884766,0
Those teenagers that weren't finding Kristen anticipate every couch to crack.,Those teenagers that weren't finding Kristen anticipates every couch to crack.,morphology,subject_verb_agreement,distractor_agreement_relative_clause,True,True,False,False,557,-92.33221435546875,-91.24771118164062,0
A guest that isn't discussing all schools respects the hill.,A guest that isn't discussing all schools respect the hill.,morphology,subject_verb_agreement,distractor_agreement_relative_clause,True,True,False,False,558,-79.39509582519531,-77.01817321777344,0
Water that has disgusted many schools doesn't disappear.,Water that has disgusted many schools don't disappear.,morphology,subject_verb_agreement,distractor_agreement_relative_clause,True,True,False,False,559,-58.37815475463867,-56.624149322509766,0
These cashiers who respected Amanda do know who was boasting about a lot of plays.,These cashiers who respected Amanda does know who was boasting about a lot of plays.,morphology,subject_verb_agreement,distractor_agreement_relative_clause,True,True,False,False,560,-104.93112182617188,-106.31196594238281,1
Those patients who are firing Judy have badgered Melissa to hurt Brad.,Those patients who are firing Judy has badgered Melissa to hurt Brad.,morphology,subject_verb_agreement,distractor_agreement_relative_clause,True,True,False,False,561,-106.81423950195312,-103.61921691894531,0
Most libraries that were discussing Andrew don't have candles.,Most libraries that were discussing Andrew doesn't have candles.,morphology,subject_verb_agreement,distractor_agreement_relative_clause,True,True,False,False,562,-69.20855712890625,-67.55447387695312,0
Many doctors who scare the woman weren't sneezing.,Many doctors who scare the woman isn't sneezing.,morphology,subject_verb_agreement,distractor_agreement_relative_clause,True,True,False,False,563,-58.69664764404297,-56.095619201660156,0
Many libraries that scared Edward conceal Dana.,Many libraries that scared Edward conceals Dana.,morphology,subject_verb_agreement,distractor_agreement_relative_clause,True,True,False,False,564,-67.87635803222656,-68.36174011230469,1
That brochure that does irritate companies was upsetting Naomi.,That brochure that does irritate companies were upsetting Naomi.,morphology,subject_verb_agreement,distractor_agreement_relative_clause,True,True,False,False,565,-84.7908935546875,-84.15876770019531,0
Those associations that had the library are approving.,Those associations that had the library is approving.,morphology,subject_verb_agreement,distractor_agreement_relative_clause,True,True,False,False,566,-54.511680603027344,-54.08625030517578,0
The ladies who aggravated this association were chatting.,The ladies who aggravated this association is chatting.,morphology,subject_verb_agreement,distractor_agreement_relative_clause,True,True,False,False,567,-66.84030151367188,-65.5999526977539,0
Every teacher that will kiss most adults worries.,Every teacher that will kiss most adults worry.,morphology,subject_verb_agreement,distractor_agreement_relative_clause,True,True,False,False,568,-62.06940841674805,-62.995079040527344,1
A lot of boys who fire Victoria telephone.,A lot of boys who fire Victoria telephones.,morphology,subject_verb_agreement,distractor_agreement_relative_clause,True,True,False,False,569,-57.82340621948242,-59.84198760986328,1
The university that disturbs these legislatures tries to compete.,The university that disturbs these legislatures try to compete.,morphology,subject_verb_agreement,distractor_agreement_relative_clause,True,True,False,False,570,-66.87500762939453,-63.15877151489258,0
A lot of teenagers who irritated Dawn haven't muttered.,A lot of teenagers who irritated Dawn hasn't muttered.,morphology,subject_verb_agreement,distractor_agreement_relative_clause,True,True,False,False,571,-76.01480102539062,-73.27484130859375,0
A girl that did upset some people has fixed every plane.,A girl that did upset some people have fixed every plane.,morphology,subject_verb_agreement,distractor_agreement_relative_clause,True,True,False,False,572,-76.16999816894531,-74.46464538574219,0
The customers that haven't upset Amelia prevent many vases from vanishing.,The customers that haven't upset Amelia prevents many vases from vanishing.,morphology,subject_verb_agreement,distractor_agreement_relative_clause,True,True,False,False,573,-93.18134307861328,-93.00090026855469,0
Those teenagers who complain about Catherine play.,Those teenagers who complain about Catherine plays.,morphology,subject_verb_agreement,distractor_agreement_relative_clause,True,True,False,False,574,-49.225669860839844,-48.21280288696289,0
Many pedestrians that scared this committee weren't debating.,Many pedestrians that scared this committee wasn't debating.,morphology,subject_verb_agreement,distractor_agreement_relative_clause,True,True,False,False,575,-69.37190246582031,-68.46184539794922,0
Girls who have hurt every boy haven't talked.,Girls who have hurt every boy hasn't talked.,morphology,subject_verb_agreement,distractor_agreement_relative_clause,True,True,False,False,576,-53.15981674194336,-51.16508865356445,0
Some boys who do discover Julia mess up a lot of pants.,Some boys who do discover Julia messes up a lot of pants.,morphology,subject_verb_agreement,distractor_agreement_relative_clause,True,True,False,False,577,-76.27484130859375,-76.62055206298828,1
The student that leaves those libraries does commission Marcus to bring the computer.,The student that leaves those libraries do commission Marcus to bring the computer.,morphology,subject_verb_agreement,distractor_agreement_relative_clause,True,True,False,False,578,-95.67346954345703,-92.34076690673828,0
These guys that visited this senator drink.,These guys that visited this senator drinks.,morphology,subject_verb_agreement,distractor_agreement_relative_clause,True,True,False,False,579,-57.13205337524414,-58.799659729003906,1
Many companies that will shock Dawn don't like Cheryl.,Many companies that will shock Dawn doesn't like Cheryl.,morphology,subject_verb_agreement,distractor_agreement_relative_clause,True,True,False,False,580,-65.9843521118164,-64.2141342163086,0
This legislature that was scaring those dancers has a gate.,This legislature that was scaring those dancers have a gate.,morphology,subject_verb_agreement,distractor_agreement_relative_clause,True,True,False,False,581,-84.13504028320312,-81.09374237060547,0
The dancer that hadn't worked with some patients doesn't clean some cafe.,The dancer that hadn't worked with some patients don't clean some cafe.,morphology,subject_verb_agreement,distractor_agreement_relative_clause,True,True,False,False,582,-88.80899810791016,-87.19180297851562,0
Most committees that respected Alan do forget Gary.,Most committees that respected Alan does forget Gary.,morphology,subject_verb_agreement,distractor_agreement_relative_clause,True,True,False,False,583,-74.77071380615234,-75.74142456054688,1
That waitress that cared for a lot of patients tours the college campus.,That waitress that cared for a lot of patients tour the college campus.,morphology,subject_verb_agreement,distractor_agreement_relative_clause,True,True,False,False,584,-80.74900817871094,-79.53722381591797,0
The organization that hasn't bothered some universities prods Sherry to complain.,The organization that hasn't bothered some universities prod Sherry to complain.,morphology,subject_verb_agreement,distractor_agreement_relative_clause,True,True,False,False,585,-92.36727142333984,-92.18861389160156,0
Most boys that insulted Rachelle have questioned Tiffany.,Most boys that insulted Rachelle has questioned Tiffany.,morphology,subject_verb_agreement,distractor_agreement_relative_clause,True,True,False,False,586,-74.78194427490234,-73.21719360351562,0
This guy that watched the cashiers wasn't complaining.,This guy that watched the cashiers weren't complaining.,morphology,subject_verb_agreement,distractor_agreement_relative_clause,True,True,False,False,587,-62.10924530029297,-59.812015533447266,0
A waiter that had confused the committees proves to have this glass.,A waiter that had confused the committees prove to have this glass.,morphology,subject_verb_agreement,distractor_agreement_relative_clause,True,True,False,False,588,-85.09992980957031,-84.52925872802734,0
This guest who was concealing many people wasn't suffering.,This guest who was concealing many people weren't suffering.,morphology,subject_verb_agreement,distractor_agreement_relative_clause,True,True,False,False,589,-71.29508972167969,-69.96804809570312,0
Boys who bother Theodore do predict Renee to complain about Bruce.,Boys who bother Theodore does predict Renee to complain about Bruce.,morphology,subject_verb_agreement,distractor_agreement_relative_clause,True,True,False,False,590,-108.58738708496094,-106.24834442138672,0
Many students who attacked Jesus have revealed Debra.,Many students who attacked Jesus has revealed Debra.,morphology,subject_verb_agreement,distractor_agreement_relative_clause,True,True,False,False,591,-62.703338623046875,-62.60683059692383,0
A brochure that bores a lot of teenagers has won.,A brochure that bores a lot of teenagers have won.,morphology,subject_verb_agreement,distractor_agreement_relative_clause,True,True,False,False,592,-68.01510620117188,-66.28968048095703,0
These children that discovered Renee haven't scanned some play.,These children that discovered Renee hasn't scanned some play.,morphology,subject_verb_agreement,distractor_agreement_relative_clause,True,True,False,False,593,-78.28077697753906,-78.508544921875,1
Governments that hate Mark do attempt to protest.,Governments that hate Mark does attempt to protest.,morphology,subject_verb_agreement,distractor_agreement_relative_clause,True,True,False,False,594,-64.60417175292969,-62.23297119140625,0
That committee that is criticizing some adults knows Sonia.,That committee that is criticizing some adults know Sonia.,morphology,subject_verb_agreement,distractor_agreement_relative_clause,True,True,False,False,595,-74.00643920898438,-73.8011245727539,0
A museum that has described the Lutherans does compel Steve to forfeit.,A museum that has described the Lutherans do compel Steve to forfeit.,morphology,subject_verb_agreement,distractor_agreement_relative_clause,True,True,False,False,596,-97.71022033691406,-96.48715209960938,0
Every student who hasn't bored these waiters has yelled.,Every student who hasn't bored these waiters have yelled.,morphology,subject_verb_agreement,distractor_agreement_relative_clause,True,True,False,False,597,-72.61421203613281,-70.75300598144531,0
A senator that shocked most teenagers does see.,A senator that shocked most teenagers do see.,morphology,subject_verb_agreement,distractor_agreement_relative_clause,True,True,False,False,598,-62.60160446166992,-58.16191101074219,0
This driver that praises most ladies has practiced.,This driver that praises most ladies have practiced.,morphology,subject_verb_agreement,distractor_agreement_relative_clause,True,True,False,False,599,-61.14792251586914,-58.21468734741211,0
Some teachers who wouldn't stun Noah lift these skirts.,Some teachers who wouldn't stun Noah lifts these skirts.,morphology,subject_verb_agreement,distractor_agreement_relative_clause,True,True,False,False,600,-77.1486587524414,-79.42340087890625,1
That boy who confused the Lutherans has spoken up.,That boy who confused the Lutherans have spoken up.,morphology,subject_verb_agreement,distractor_agreement_relative_clause,True,True,False,False,601,-64.59131622314453,-63.70787048339844,0
Some waitress that described most students has compelled some governments to like Lisa.,Some waitress that described most students have compelled some governments to like Lisa.,morphology,subject_verb_agreement,distractor_agreement_relative_clause,True,True,False,False,602,-102.72390747070312,-100.71022033691406,0
An organization that should aggravate those universities isn't thinking about what disturbed Tanya.,An organization that should aggravate those universities weren't thinking about what disturbed Tanya.,morphology,subject_verb_agreement,distractor_agreement_relative_clause,True,True,False,False,603,-103.46449279785156,-104.36041259765625,1
Every university that alarms many governments explains everything.,Every university that alarms many governments explain everything.,morphology,subject_verb_agreement,distractor_agreement_relative_clause,True,True,False,False,604,-69.61927795410156,-64.09056091308594,0
All students who were revealing Noah do discover Leslie.,All students who were revealing Noah does discover Leslie.,morphology,subject_verb_agreement,distractor_agreement_relative_clause,True,True,False,False,605,-71.25605773925781,-71.43017578125,1
Every waiter that has discussed children drives to Spain.,Every waiter that has discussed children drive to Spain.,morphology,subject_verb_agreement,distractor_agreement_relative_clause,True,True,False,False,606,-71.53123474121094,-67.68009185791016,0
That company that does respect these adults doesn't praise most guys.,That company that does respect these adults don't praise most guys.,morphology,subject_verb_agreement,distractor_agreement_relative_clause,True,True,False,False,607,-79.29937744140625,-77.2436294555664,0
The dancers that should confuse Laurie do argue about the play.,The dancers that should confuse Laurie does argue about the play.,morphology,subject_verb_agreement,distractor_agreement_relative_clause,True,True,False,False,608,-80.03614807128906,-78.46731567382812,0
These drivers that don't think about Paula haven't revealed who stretches.,These drivers that don't think about Paula hasn't revealed who stretches.,morphology,subject_verb_agreement,distractor_agreement_relative_clause,True,True,False,False,609,-84.52499389648438,-81.63328552246094,0
Some adult who has helped a lot of patients wears this skirt.,Some adult who has helped a lot of patients wear this skirt.,morphology,subject_verb_agreement,distractor_agreement_relative_clause,True,True,False,False,610,-67.2108154296875,-64.19464111328125,0
The guys that bothers Lissa have explored that college campus.,The guys that bothers Lissa has explored that college campus.,morphology,subject_verb_agreement,distractor_agreement_relative_clause,True,True,False,False,611,-80.14132690429688,-77.1143798828125,0
These children who conceal Becca have longed to sound like Cynthia.,These children who conceal Becca has longed to sound like Cynthia.,morphology,subject_verb_agreement,distractor_agreement_relative_clause,True,True,False,False,612,-88.40945434570312,-86.32954406738281,0
Many schools that embarrassed some government have referenced Paul.,Many schools that embarrassed some government has referenced Paul.,morphology,subject_verb_agreement,distractor_agreement_relative_clause,True,True,False,False,613,-74.499267578125,-73.80375671386719,0
Most cashiers who hated Wayne weren't regretting Candice knew Janice.,Most cashiers who hated Wayne wasn't regretting Candice knew Janice.,morphology,subject_verb_agreement,distractor_agreement_relative_clause,True,True,False,False,614,-110.73294067382812,-109.06385803222656,0
Many fish that stun Paula have hidden.,Many fish that stun Paula has hidden.,morphology,subject_verb_agreement,distractor_agreement_relative_clause,True,True,False,False,615,-58.50970458984375,-55.31168746948242,0
Patients that will hurt Gerald know the Impressionists.,Patients that will hurt Gerald knows the Impressionists.,morphology,subject_verb_agreement,distractor_agreement_relative_clause,True,True,False,False,616,-71.80458068847656,-71.34669494628906,0
Every waitress who isn't irritating a lot of waitresses drops by most cafes.,Every waitress who isn't irritating a lot of waitresses drop by most cafes.,morphology,subject_verb_agreement,distractor_agreement_relative_clause,True,True,False,False,617,-95.88975524902344,-93.55482482910156,0
These prints that looked like a turtle don't hurt William.,These prints that looked like a turtle doesn't hurt William.,morphology,subject_verb_agreement,distractor_agreement_relative_clause,True,True,False,False,618,-68.40641021728516,-67.15742492675781,0
That doctor who did admire most adults has telephoned.,That doctor who did admire most adults have telephoned.,morphology,subject_verb_agreement,distractor_agreement_relative_clause,True,True,False,False,619,-81.6459732055664,-79.86361694335938,0
Some waitress that isn't listening to these customers prevents those photographs from wasting away.,Some waitress that isn't listening to these customers prevent those photographs from wasting away.,morphology,subject_verb_agreement,distractor_agreement_relative_clause,True,True,False,False,620,-99.16175079345703,-99.05138397216797,0
This teacher who can't take scarves is embarrassing Leslie.,This teacher who can't take scarves were embarrassing Leslie.,morphology,subject_verb_agreement,distractor_agreement_relative_clause,True,True,False,False,621,-73.61144256591797,-75.91413879394531,1
Some guests who hadn't visited Catherine find Dana.,Some guests who hadn't visited Catherine finds Dana.,morphology,subject_verb_agreement,distractor_agreement_relative_clause,True,True,False,False,622,-60.882938385009766,-63.96048355102539,1
A cashier who complains about a lot of cashiers isn't pressuring Teresa to discuss Tamara.,A cashier who complains about a lot of cashiers weren't pressuring Teresa to discuss Tamara.,morphology,subject_verb_agreement,distractor_agreement_relative_clause,True,True,False,False,623,-118.61624908447266,-119.24510955810547,1
The teacher that isn't admiring some girls has sounded like Maria.,The teacher that isn't admiring some girls have sounded like Maria.,morphology,subject_verb_agreement,distractor_agreement_relative_clause,True,True,False,False,624,-81.72915649414062,-80.65059661865234,0
The waiter that hadn't disturbed all waiters tours this closet.,The waiter that hadn't disturbed all waiters tour this closet.,morphology,subject_verb_agreement,distractor_agreement_relative_clause,True,True,False,False,625,-92.62120056152344,-90.17542266845703,0
A lot of teachers that aggravated Wayne haven't stood up.,A lot of teachers that aggravated Wayne hasn't stood up.,morphology,subject_verb_agreement,distractor_agreement_relative_clause,True,True,False,False,626,-71.99786376953125,-70.05307006835938,0
This dancer who loves women hides away.,This dancer who loves women hide away.,morphology,subject_verb_agreement,distractor_agreement_relative_clause,True,True,False,False,627,-48.57793426513672,-46.191162109375,0
Some boys that were praising Eric chuckle.,Some boys that were praising Eric chuckles.,morphology,subject_verb_agreement,distractor_agreement_relative_clause,True,True,False,False,628,-54.64565658569336,-53.4696044921875,0
Some doctors who had argued about Aaron don't refuse to resemble some prints.,Some doctors who had argued about Aaron doesn't refuse to resemble some prints.,morphology,subject_verb_agreement,distractor_agreement_relative_clause,True,True,False,False,629,-95.02786254882812,-93.13287353515625,0
Every patient that did discover movies doesn't win.,Every patient that did discover movies don't win.,morphology,subject_verb_agreement,distractor_agreement_relative_clause,True,True,False,False,630,-67.84626770019531,-66.20246887207031,0
Senators who will insult Deanna conceal those teachers.,Senators who will insult Deanna conceals those teachers.,morphology,subject_verb_agreement,distractor_agreement_relative_clause,True,True,False,False,631,-74.45510864257812,-76.30640411376953,1
Those cashiers who discovered Tara weren't discovering what are moving.,Those cashiers who discovered Tara wasn't discovering what are moving.,morphology,subject_verb_agreement,distractor_agreement_relative_clause,True,True,False,False,632,-86.91297912597656,-85.99907684326172,0
A lot of customers that had thought about Rachelle haven't yearned to complain.,A lot of customers that had thought about Rachelle hasn't yearned to complain.,morphology,subject_verb_agreement,distractor_agreement_relative_clause,True,True,False,False,633,-97.5776596069336,-96.62348937988281,0
The committee that hadn't talked about some women learns who can't believe Ellen to answer.,The committee that hadn't talked about some women learn who can't believe Ellen to answer.,morphology,subject_verb_agreement,distractor_agreement_relative_clause,True,True,False,False,634,-99.98896789550781,-98.87979125976562,0
That library that isn't admiring those students hasn't answered.,That library that isn't admiring those students haven't answered.,morphology,subject_verb_agreement,distractor_agreement_relative_clause,True,True,False,False,635,-69.93638610839844,-68.50460815429688,0
A lot of dancers that won't escape from Frank appear to melt.,A lot of dancers that won't escape from Frank appears to melt.,morphology,subject_verb_agreement,distractor_agreement_relative_clause,True,True,False,False,636,-73.61383056640625,-71.90425109863281,0
This doctor that concealed some senators has fired Elizabeth.,This doctor that concealed some senators have fired Elizabeth.,morphology,subject_verb_agreement,distractor_agreement_relative_clause,True,True,False,False,637,-79.02981567382812,-77.14901733398438,0
The adult that hurt a lot of boys complains about those documentaries.,The adult that hurt a lot of boys complain about those documentaries.,morphology,subject_verb_agreement,distractor_agreement_relative_clause,True,True,False,False,638,-76.05927276611328,-74.05107879638672,0
That government that had fired the men urges Homer's French teachers to fire Melinda.,That government that had fired the men urge Homer's French teachers to fire Melinda.,morphology,subject_verb_agreement,distractor_agreement_relative_clause,True,True,False,False,639,-111.0157470703125,-109.873046875,0
Most senators that love Melinda come here.,Most senators that love Melinda comes here.,morphology,subject_verb_agreement,distractor_agreement_relative_clause,True,True,False,False,640,-60.364601135253906,-58.595001220703125,0
A lot of paintings that aren't looking like some carriage stun Omar.,A lot of paintings that aren't looking like some carriage stuns Omar.,morphology,subject_verb_agreement,distractor_agreement_relative_clause,True,True,False,False,641,-89.12889862060547,-92.08146667480469,1
Some organization that is admiring all women does declare Melinda to nod.,Some organization that is admiring all women do declare Melinda to nod.,morphology,subject_verb_agreement,distractor_agreement_relative_clause,True,True,False,False,642,-93.99057006835938,-91.6825180053711,0
Some patients who discussed every library do criticize many plays.,Some patients who discussed every library does criticize many plays.,morphology,subject_verb_agreement,distractor_agreement_relative_clause,True,True,False,False,643,-76.82820129394531,-76.9912109375,1
All patients that alarm Kimberley concur.,All patients that alarm Kimberley concurs.,morphology,subject_verb_agreement,distractor_agreement_relative_clause,True,True,False,False,644,-60.46206283569336,-61.805625915527344,1
Some senator that questioned some committees turns out to hate Erin.,Some senator that questioned some committees turn out to hate Erin.,morphology,subject_verb_agreement,distractor_agreement_relative_clause,True,True,False,False,645,-83.61235046386719,-82.58702087402344,0
Some guys who investigated a patient aren't neglecting to cope.,Some guys who investigated a patient wasn't neglecting to cope.,morphology,subject_verb_agreement,distractor_agreement_relative_clause,True,True,False,False,646,-72.18734741210938,-70.17884063720703,0
The cashiers who annoys every committee do communicate.,The cashiers who annoys every committee does communicate.,morphology,subject_verb_agreement,distractor_agreement_relative_clause,True,True,False,False,647,-74.55095672607422,-72.47077941894531,0
These organizations that should boast about Rhonda judge the rivers to condense.,These organizations that should boast about Rhonda judges the rivers to condense.,morphology,subject_verb_agreement,distractor_agreement_relative_clause,True,True,False,False,648,-101.64389038085938,-102.78271484375,1
Some patient who can't exit these museums continues to weep.,Some patient who can't exit these museums continue to weep.,morphology,subject_verb_agreement,distractor_agreement_relative_clause,True,True,False,False,649,-76.64035034179688,-75.91056823730469,0
Some associations that should aggravate a pedestrian do prove to struggle.,Some associations that should aggravate a pedestrian does prove to struggle.,morphology,subject_verb_agreement,distractor_agreement_relative_clause,True,True,False,False,650,-74.72114562988281,-75.01244354248047,1
The bird that upsets these guests wastes away.,The bird that upsets these guests waste away.,morphology,subject_verb_agreement,distractor_agreement_relative_clause,True,True,False,False,651,-69.11116790771484,-65.17878723144531,0
Some committees that worry Kendra dislike a lot of women.,Some committees that worry Kendra dislikes a lot of women.,morphology,subject_verb_agreement,distractor_agreement_relative_clause,True,True,False,False,652,-75.71002960205078,-78.69252014160156,1
Every cashier who can embarrass these doctors was considering Florence to play.,Every cashier who can embarrass these doctors were considering Florence to play.,morphology,subject_verb_agreement,distractor_agreement_relative_clause,True,True,False,False,653,-96.19520568847656,-95.67062377929688,0
These doctors that argued about Carla don't get fired.,These doctors that argued about Carla doesn't get fired.,morphology,subject_verb_agreement,distractor_agreement_relative_clause,True,True,False,False,654,-75.19609069824219,-73.97242736816406,0
A lot of associations that can't disturb that government prefer the Impressionists to hate ladies.,A lot of associations that can't disturb that government prefers the Impressionists to hate ladies.,morphology,subject_verb_agreement,distractor_agreement_relative_clause,True,True,False,False,655,-107.09884643554688,-107.6112060546875,1
Those drivers who hadn't hurt Patricia sigh.,Those drivers who hadn't hurt Patricia sighs.,morphology,subject_verb_agreement,distractor_agreement_relative_clause,True,True,False,False,656,-59.00242233276367,-59.36327362060547,1
Some customer that didn't sell a lot of dogs doesn't climb up some ladder.,Some customer that didn't sell a lot of dogs don't climb up some ladder.,morphology,subject_verb_agreement,distractor_agreement_relative_clause,True,True,False,False,657,-86.09489440917969,-84.74775695800781,0
Those boys that worry Dana refuse to correspond.,Those boys that worry Dana refuses to correspond.,morphology,subject_verb_agreement,distractor_agreement_relative_clause,True,True,False,False,658,-69.55181884765625,-64.9780044555664,0
The actress who isn't firing those senators slumps over.,The actress who isn't firing those senators slump over.,morphology,subject_verb_agreement,distractor_agreement_relative_clause,True,True,False,False,659,-76.70227813720703,-75.60343170166016,0
That association that has impressed a lot of men proves to work hard.,That association that has impressed a lot of men prove to work hard.,morphology,subject_verb_agreement,distractor_agreement_relative_clause,True,True,False,False,660,-72.0605239868164,-71.92250061035156,0
A lot of adults who could hide Jeffrey haven't arrived at most mountains.,A lot of adults who could hide Jeffrey hasn't arrived at most mountains.,morphology,subject_verb_agreement,distractor_agreement_relative_clause,True,True,False,False,661,-90.06646728515625,-87.966552734375,0
Most pedestrians who thought about Amelia exercise.,Most pedestrians who thought about Amelia exercises.,morphology,subject_verb_agreement,distractor_agreement_relative_clause,True,True,False,False,662,-58.79035949707031,-59.44272994995117,1
This driver who is kissing drivers presses Lisa to upset Benjamin.,This driver who is kissing drivers press Lisa to upset Benjamin.,morphology,subject_verb_agreement,distractor_agreement_relative_clause,True,True,False,False,663,-96.3807144165039,-95.02835083007812,0
Most hospitals that aggravate every organization haven't worked hard.,Most hospitals that aggravate every organization hasn't worked hard.,morphology,subject_verb_agreement,distractor_agreement_relative_clause,True,True,False,False,664,-65.54017639160156,-62.49639129638672,0
Some senator who hadn't disliked the actors drives to a lot of rivers.,Some senator who hadn't disliked the actors drive to a lot of rivers.,morphology,subject_verb_agreement,distractor_agreement_relative_clause,True,True,False,False,665,-88.67076110839844,-84.66444396972656,0
The company that confuses those committees ascertains the Borgias to retaliate.,The company that confuses those committees ascertain the Borgias to retaliate.,morphology,subject_verb_agreement,distractor_agreement_relative_clause,True,True,False,False,666,-94.89410400390625,-92.40707397460938,0
A lot of girls that have cured Lucille yearn to answer.,A lot of girls that have cured Lucille yearns to answer.,morphology,subject_verb_agreement,distractor_agreement_relative_clause,True,True,False,False,667,-84.08918762207031,-83.054931640625,0
The customer who hadn't visited all men researches that library.,The customer who hadn't visited all men research that library.,morphology,subject_verb_agreement,distractor_agreement_relative_clause,True,True,False,False,668,-74.45751953125,-71.91043090820312,0
Every pedestrian who should sound like a lot of guests was exiting this glacier.,Every pedestrian who should sound like a lot of guests were exiting this glacier.,morphology,subject_verb_agreement,distractor_agreement_relative_clause,True,True,False,False,669,-85.10832977294922,-84.62242889404297,0
A teacher that won't upset all waitresses has run around a cafe.,A teacher that won't upset all waitresses have run around a cafe.,morphology,subject_verb_agreement,distractor_agreement_relative_clause,True,True,False,False,670,-93.11860656738281,-91.24995422363281,0
Those teachers who escaped from Theodore explain everything.,Those teachers who escaped from Theodore explains everything.,morphology,subject_verb_agreement,distractor_agreement_relative_clause,True,True,False,False,671,-61.18220901489258,-61.33112335205078,1
Every patient that has returned to many girls departs.,Every patient that has returned to many girls depart.,morphology,subject_verb_agreement,distractor_agreement_relative_clause,True,True,False,False,672,-58.310935974121094,-57.865814208984375,0
That horse that finds many cats falls asleep.,That horse that finds many cats fall asleep.,morphology,subject_verb_agreement,distractor_agreement_relative_clause,True,True,False,False,673,-52.877235412597656,-47.833656311035156,0
These museums that had upset Angela motivate Claire to fall asleep.,These museums that had upset Angela motivates Claire to fall asleep.,morphology,subject_verb_agreement,distractor_agreement_relative_clause,True,True,False,False,674,-81.837890625,-83.6906509399414,1
The libraries that have bothered Andrew oblige Paul to admire this bicycle.,The libraries that have bothered Andrew obliges Paul to admire this bicycle.,morphology,subject_verb_agreement,distractor_agreement_relative_clause,True,True,False,False,675,-94.18118286132812,-96.69398498535156,1
These drivers who haven't helped Rose explain some water has frozen.,These drivers who haven't helped Rose explains some water has frozen.,morphology,subject_verb_agreement,distractor_agreement_relative_clause,True,True,False,False,676,-87.11387634277344,-85.9229965209961,0
These drivers that criticize Janice do wake up.,These drivers that criticize Janice does wake up.,morphology,subject_verb_agreement,distractor_agreement_relative_clause,True,True,False,False,677,-65.31978607177734,-64.10986328125,0
Those doctors that have described Ella were littering.,Those doctors that have described Ella is littering.,morphology,subject_verb_agreement,distractor_agreement_relative_clause,True,True,False,False,678,-63.47846984863281,-62.706199645996094,0
Children who argue about Lawrence haven't dared Dawn to weep.,Children who argue about Lawrence hasn't dared Dawn to weep.,morphology,subject_verb_agreement,distractor_agreement_relative_clause,True,True,False,False,679,-80.96908569335938,-79.09591674804688,0
A guest who couldn't hug the men goes fishing.,A guest who couldn't hug the men go fishing.,morphology,subject_verb_agreement,distractor_agreement_relative_clause,True,True,False,False,680,-63.28142166137695,-60.43935012817383,0
Most pedestrians who had known Alice weren't entreating a lot of doctors to salute.,Most pedestrians who had known Alice isn't entreating a lot of doctors to salute.,morphology,subject_verb_agreement,distractor_agreement_relative_clause,True,True,False,False,681,-102.6158447265625,-101.13716888427734,0
All universities that were distracting Todd fail to flirt.,All universities that were distracting Todd fails to flirt.,morphology,subject_verb_agreement,distractor_agreement_relative_clause,True,True,False,False,682,-77.49249267578125,-76.6107406616211,0
Every lady who shouldn't exit the schools does manage to mutter.,Every lady who shouldn't exit the schools do manage to mutter.,morphology,subject_verb_agreement,distractor_agreement_relative_clause,True,True,False,False,683,-83.18558502197266,-83.31704711914062,1
Customers that astound Ronald don't get fired.,Customers that astound Ronald doesn't get fired.,morphology,subject_verb_agreement,distractor_agreement_relative_clause,True,True,False,False,684,-71.726806640625,-69.69610595703125,0
Every government that confuses most organizations investigates who hasn't learned who isn't refusing to help Rose.,Every government that confuses most organizations investigate who hasn't learned who isn't refusing to help Rose.,morphology,subject_verb_agreement,distractor_agreement_relative_clause,True,True,False,False,685,-122.39285278320312,-117.85699462890625,0
All guests who flee from Steven think John turned out to slump over.,All guests who flee from Steven thinks John turned out to slump over.,morphology,subject_verb_agreement,distractor_agreement_relative_clause,True,True,False,False,686,-95.296875,-92.62937927246094,0
Every student who wasn't revealing the Impressionists doesn't drink.,Every student who wasn't revealing the Impressionists don't drink.,morphology,subject_verb_agreement,distractor_agreement_relative_clause,True,True,False,False,687,-73.9656753540039,-70.57536315917969,0
The pedestrian who didn't appreciate actresses isn't weeping.,The pedestrian who didn't appreciate actresses aren't weeping.,morphology,subject_verb_agreement,distractor_agreement_relative_clause,True,True,False,False,688,-71.67240905761719,-71.59739685058594,0
All cashiers that weren't revealing Kristen cook.,All cashiers that weren't revealing Kristen cooks.,morphology,subject_verb_agreement,distractor_agreement_relative_clause,True,True,False,False,689,-72.80799102783203,-70.53582000732422,0
This patient that isn't finding these women doesn't learn.,This patient that isn't finding these women don't learn.,morphology,subject_verb_agreement,distractor_agreement_relative_clause,True,True,False,False,690,-61.3621940612793,-59.826744079589844,0
A senator that has hated a lot of teachers weeps.,A senator that has hated a lot of teachers weep.,morphology,subject_verb_agreement,distractor_agreement_relative_clause,True,True,False,False,691,-67.85970306396484,-64.02848815917969,0
This pedestrian that worried the Lutherans stands up.,This pedestrian that worried the Lutherans stand up.,morphology,subject_verb_agreement,distractor_agreement_relative_clause,True,True,False,False,692,-66.64728546142578,-62.97801208496094,0
Every committee that does praise those doctors wonders who sees.,Every committee that does praise those doctors wonder who sees.,morphology,subject_verb_agreement,distractor_agreement_relative_clause,True,True,False,False,693,-80.46488952636719,-77.05320739746094,0
Those senators who annoys Christina don't entice Renee to hurt those cashiers.,Those senators who annoys Christina doesn't entice Renee to hurt those cashiers.,morphology,subject_verb_agreement,distractor_agreement_relative_clause,True,True,False,False,694,-119.90120697021484,-118.30157470703125,0
Those students who might distract Chad remember who isn't passing this cafe.,Those students who might distract Chad remembers who isn't passing this cafe.,morphology,subject_verb_agreement,distractor_agreement_relative_clause,True,True,False,False,695,-96.53015899658203,-95.16558074951172,0
All teachers that helped Jason disturb Regina.,All teachers that helped Jason disturbs Regina.,morphology,subject_verb_agreement,distractor_agreement_relative_clause,True,True,False,False,696,-59.39331817626953,-62.13276672363281,1
Most guests that fled from Holly haven't waved.,Most guests that fled from Holly hasn't waved.,morphology,subject_verb_agreement,distractor_agreement_relative_clause,True,True,False,False,697,-64.09555053710938,-63.46514129638672,0
A lot of governments that don't dislike a school do benefit.,A lot of governments that don't dislike a school does benefit.,morphology,subject_verb_agreement,distractor_agreement_relative_clause,True,True,False,False,698,-71.44685363769531,-68.72116088867188,0
Every patient who noticed the Clintons hasn't arrived at that college campus.,Every patient who noticed the Clintons haven't arrived at that college campus.,morphology,subject_verb_agreement,distractor_agreement_relative_clause,True,True,False,False,699,-83.63575744628906,-80.54730987548828,0
Every patient who heals some birds hasn't broken computers.,Every patient who heals some birds haven't broken computers.,morphology,subject_verb_agreement,distractor_agreement_relative_clause,True,True,False,False,700,-71.85870361328125,-71.781982421875,0
Some waiter who should aggravate the Clintons hasn't loved Martha.,Some waiter who should aggravate the Clintons haven't loved Martha.,morphology,subject_verb_agreement,distractor_agreement_relative_clause,True,True,False,False,701,-86.30657958984375,-84.90010070800781,0
A lot of teachers that visit a woman boycott Harvard University.,A lot of teachers that visit a woman boycotts Harvard University.,morphology,subject_verb_agreement,distractor_agreement_relative_clause,True,True,False,False,702,-69.72518920898438,-71.01881408691406,1
The patient who investigates these boys finds out who won't telephone.,The patient who investigates these boys find out who won't telephone.,morphology,subject_verb_agreement,distractor_agreement_relative_clause,True,True,False,False,703,-82.5328369140625,-79.04076385498047,0
Every bank that disturbed those committees wasn't hiring Brian.,Every bank that disturbed those committees weren't hiring Brian.,morphology,subject_verb_agreement,distractor_agreement_relative_clause,True,True,False,False,704,-81.06233978271484,-78.57151794433594,0
Those patients that astounds some committee don't like Beth.,Those patients that astounds some committee doesn't like Beth.,morphology,subject_verb_agreement,distractor_agreement_relative_clause,True,True,False,False,705,-83.4088134765625,-82.24197387695312,0
The actresses who haven't healed Tonya die.,The actresses who haven't healed Tonya dies.,morphology,subject_verb_agreement,distractor_agreement_relative_clause,True,True,False,False,706,-61.943397521972656,-60.355796813964844,0
A boy that fled from guests was hiding the library.,A boy that fled from guests are hiding the library.,morphology,subject_verb_agreement,distractor_agreement_relative_clause,True,True,False,False,707,-66.35834503173828,-66.08495330810547,0
These guys who can investigate Andrea approve.,These guys who can investigate Andrea approves.,morphology,subject_verb_agreement,distractor_agreement_relative_clause,True,True,False,False,708,-58.093360900878906,-59.71492004394531,1
Most dancers that observe Ann turn out to crack.,Most dancers that observe Ann turns out to crack.,morphology,subject_verb_agreement,distractor_agreement_relative_clause,True,True,False,False,709,-65.96305847167969,-63.047080993652344,0
The guys that might embarrass Lucille aren't concurring.,The guys that might embarrass Lucille isn't concurring.,morphology,subject_verb_agreement,distractor_agreement_relative_clause,True,True,False,False,710,-72.20062255859375,-70.0167465209961,0
That lady that investigated many guests was failing to climb down those stairs.,That lady that investigated many guests were failing to climb down those stairs.,morphology,subject_verb_agreement,distractor_agreement_relative_clause,True,True,False,False,711,-85.10639953613281,-84.50141906738281,0
All drivers that loved Alan do attack Melanie.,All drivers that loved Alan does attack Melanie.,morphology,subject_verb_agreement,distractor_agreement_relative_clause,True,True,False,False,712,-70.78779602050781,-69.42295837402344,0
Universities that shouldn't distract Karla have embarrassed Lucille.,Universities that shouldn't distract Karla has embarrassed Lucille.,morphology,subject_verb_agreement,distractor_agreement_relative_clause,True,True,False,False,713,-88.12847900390625,-85.55789947509766,0
That committee that disgusted many patients reacts.,That committee that disgusted many patients react.,morphology,subject_verb_agreement,distractor_agreement_relative_clause,True,True,False,False,714,-61.03169250488281,-57.37543487548828,0
A waiter that had bothered those people heals Sarah.,A waiter that had bothered those people heal Sarah.,morphology,subject_verb_agreement,distractor_agreement_relative_clause,True,True,False,False,715,-73.4707260131836,-70.43731689453125,0
Many students that aren't aggravating this museum entreat many associations to hate Claire.,Many students that aren't aggravating this museum entreats many associations to hate Claire.,morphology,subject_verb_agreement,distractor_agreement_relative_clause,True,True,False,False,716,-113.59558868408203,-116.50631713867188,1
This bank that embarrasses some teachers moves.,This bank that embarrasses some teachers move.,morphology,subject_verb_agreement,distractor_agreement_relative_clause,True,True,False,False,717,-61.8946533203125,-60.24242401123047,0
All teachers who alarmed Lori are failing to explain everything.,All teachers who alarmed Lori is failing to explain everything.,morphology,subject_verb_agreement,distractor_agreement_relative_clause,True,True,False,False,718,-72.13572692871094,-69.84597778320312,0
Many dancers who won't return to Samuel escape from some person.,Many dancers who won't return to Samuel escapes from some person.,morphology,subject_verb_agreement,distractor_agreement_relative_clause,True,True,False,False,719,-76.61859130859375,-77.68110656738281,1
The school that irritated the libraries has responded.,The school that irritated the libraries have responded.,morphology,subject_verb_agreement,distractor_agreement_relative_clause,True,True,False,False,720,-60.070777893066406,-57.026405334472656,0
Some dancer that admired most boys isn't smiling.,Some dancer that admired most boys weren't smiling.,morphology,subject_verb_agreement,distractor_agreement_relative_clause,True,True,False,False,721,-66.06167602539062,-65.42524719238281,0
This waitress that isn't thinking about those governments doesn't implore some hospital to worry a pedestrian.,This waitress that isn't thinking about those governments don't implore some hospital to worry a pedestrian.,morphology,subject_verb_agreement,distractor_agreement_relative_clause,True,True,False,False,722,-125.38845825195312,-121.36447143554688,0
Every association that dislikes the doctors does forget who does want to cry.,Every association that dislikes the doctors do forget who does want to cry.,morphology,subject_verb_agreement,distractor_agreement_relative_clause,True,True,False,False,723,-88.94500732421875,-85.21244812011719,0
That turtle that annoys many doctors climbs down most hills.,That turtle that annoys many doctors climb down most hills.,morphology,subject_verb_agreement,distractor_agreement_relative_clause,True,True,False,False,724,-84.15982055664062,-81.38754272460938,0
Most guests that insulted Charles do realize who had sung.,Most guests that insulted Charles does realize who had sung.,morphology,subject_verb_agreement,distractor_agreement_relative_clause,True,True,False,False,725,-80.44393157958984,-81.56687927246094,1
The senators who haven't known Tara heal Naomi.,The senators who haven't known Tara heals Naomi.,morphology,subject_verb_agreement,distractor_agreement_relative_clause,True,True,False,False,726,-77.97016906738281,-77.61402893066406,0
Some doctor that won't distract most pedestrians does cure that horse.,Some doctor that won't distract most pedestrians do cure that horse.,morphology,subject_verb_agreement,distractor_agreement_relative_clause,True,True,False,False,727,-93.24737548828125,-93.22804260253906,0
This organization that hates the doctors doesn't spur this pedestrian's ex-wives to kiss the woman.,This organization that hates the doctors don't spur this pedestrian's ex-wives to kiss the woman.,morphology,subject_verb_agreement,distractor_agreement_relative_clause,True,True,False,False,728,-118.25320434570312,-116.65953063964844,0
This dancer who boasts about all drivers was planning to bake.,This dancer who boasts about all drivers are planning to bake.,morphology,subject_verb_agreement,distractor_agreement_relative_clause,True,True,False,False,729,-82.04653930664062,-78.85246276855469,0
This driver who can work with the Borgias is examining every essay.,This driver who can work with the Borgias were examining every essay.,morphology,subject_verb_agreement,distractor_agreement_relative_clause,True,True,False,False,730,-85.09175109863281,-86.8643798828125,1
Every dog that finds these blouses has appeared.,Every dog that finds these blouses have appeared.,morphology,subject_verb_agreement,distractor_agreement_relative_clause,True,True,False,False,731,-60.16205596923828,-57.225730895996094,0
Some boy who has appreciated many actors isn't departing.,Some boy who has appreciated many actors aren't departing.,morphology,subject_verb_agreement,distractor_agreement_relative_clause,True,True,False,False,732,-71.97833251953125,-71.03178405761719,0
These guys who watch some actress haven't persuaded drivers to work hard.,These guys who watch some actress hasn't persuaded drivers to work hard.,morphology,subject_verb_agreement,distractor_agreement_relative_clause,True,True,False,False,733,-80.02569580078125,-78.05827331542969,0
Many lakes that had bothered Kenneth exist.,Many lakes that had bothered Kenneth exists.,morphology,subject_verb_agreement,distractor_agreement_relative_clause,True,True,False,False,734,-64.02579498291016,-63.26564025878906,0
Most waiters who weren't talking to this man appreciate Andrew.,Most waiters who weren't talking to this man appreciates Andrew.,morphology,subject_verb_agreement,distractor_agreement_relative_clause,True,True,False,False,735,-72.55734252929688,-74.89035034179688,1
Many teenagers that hate Noah ascertain that mushroom to rot.,Many teenagers that hate Noah ascertains that mushroom to rot.,morphology,subject_verb_agreement,distractor_agreement_relative_clause,True,True,False,False,736,-85.58636474609375,-88.01890563964844,1
The guys that were talking to the waitress were learning.,The guys that were talking to the waitress was learning.,morphology,subject_verb_agreement,distractor_agreement_relative_clause,True,True,False,False,737,-52.87448501586914,-51.45720672607422,0
A waitress that alarmed these actresses figures out who changed.,A waitress that alarmed these actresses figure out who changed.,morphology,subject_verb_agreement,distractor_agreement_relative_clause,True,True,False,False,738,-80.13702392578125,-74.91416931152344,0
That student who hugged some guests wasn't boasting.,That student who hugged some guests aren't boasting.,morphology,subject_verb_agreement,distractor_agreement_relative_clause,True,True,False,False,739,-69.05937194824219,-68.31232452392578,0
Every waiter that couldn't observe patients doesn't complain about those dancers.,Every waiter that couldn't observe patients don't complain about those dancers.,morphology,subject_verb_agreement,distractor_agreement_relative_clause,True,True,False,False,740,-86.17378234863281,-84.4469985961914,0
Many students that haven't discovered Natalie clean all couches.,Many students that haven't discovered Natalie cleans all couches.,morphology,subject_verb_agreement,distractor_agreement_relative_clause,True,True,False,False,741,-72.66911315917969,-75.23882293701172,1
That girl that didn't visit cashiers doesn't continue to mess up every library.,That girl that didn't visit cashiers don't continue to mess up every library.,morphology,subject_verb_agreement,distractor_agreement_relative_clause,True,True,False,False,742,-94.63243103027344,-92.80169677734375,0
Many actresses who did find Lori surrender.,Many actresses who did find Lori surrenders.,morphology,subject_verb_agreement,distractor_agreement_relative_clause,True,True,False,False,743,-55.812713623046875,-62.992164611816406,1
The hospital that loves those senators does approve.,The hospital that loves those senators do approve.,morphology,subject_verb_agreement,distractor_agreement_relative_clause,True,True,False,False,744,-68.3331298828125,-65.98063659667969,0
These ladies who remember Benjamin don't escape.,These ladies who remember Benjamin doesn't escape.,morphology,subject_verb_agreement,distractor_agreement_relative_clause,True,True,False,False,745,-58.71872329711914,-56.66516876220703,0
Those ladies who weren't describing Carolyn do climb up most slopes.,Those ladies who weren't describing Carolyn does climb up most slopes.,morphology,subject_verb_agreement,distractor_agreement_relative_clause,True,True,False,False,746,-90.92829132080078,-88.95797729492188,0
Some senator who has scared most committees plans to distract Dan.,Some senator who has scared most committees plan to distract Dan.,morphology,subject_verb_agreement,distractor_agreement_relative_clause,True,True,False,False,747,-84.77577209472656,-84.50070190429688,0
Many girls who hide Veronica benefit.,Many girls who hide Veronica benefits.,morphology,subject_verb_agreement,distractor_agreement_relative_clause,True,True,False,False,748,-52.03957748413086,-48.965614318847656,0
Some customers that hadn't appreciated Robert haven't badgered Russell to joke around.,Some customers that hadn't appreciated Robert hasn't badgered Russell to joke around.,morphology,subject_verb_agreement,distractor_agreement_relative_clause,True,True,False,False,749,-107.08370971679688,-104.38729858398438,0
That organization that fired actresses isn't helping Theodore.,That organization that fired actresses aren't helping Theodore.,morphology,subject_verb_agreement,distractor_agreement_relative_clause,True,True,False,False,750,-70.02426147460938,-68.81623840332031,0
Committees that were admiring Charles haven't commissioned those customers to sit down.,Committees that were admiring Charles hasn't commissioned those customers to sit down.,morphology,subject_verb_agreement,distractor_agreement_relative_clause,True,True,False,False,751,-98.70816040039062,-98.38603973388672,0
The dancer who did aggravate the guys was coming here.,The dancer who did aggravate the guys are coming here.,morphology,subject_verb_agreement,distractor_agreement_relative_clause,True,True,False,False,752,-68.56536102294922,-67.57493591308594,0
A teacher who hadn't fled from these waiters fixes that bicycle.,A teacher who hadn't fled from these waiters fix that bicycle.,morphology,subject_verb_agreement,distractor_agreement_relative_clause,True,True,False,False,753,-92.32390594482422,-89.63693237304688,0
Many companies that shouldn't remember Daniel haven't moved.,Many companies that shouldn't remember Daniel hasn't moved.,morphology,subject_verb_agreement,distractor_agreement_relative_clause,True,True,False,False,754,-61.067543029785156,-58.82004928588867,0
Every bird that can't find mouths does hurt Rebecca.,Every bird that can't find mouths do hurt Rebecca.,morphology,subject_verb_agreement,distractor_agreement_relative_clause,True,True,False,False,755,-74.64064025878906,-73.34152221679688,0
Some dancers that were leaving Scott need to return to Gregory.,Some dancers that were leaving Scott needs to return to Gregory.,morphology,subject_verb_agreement,distractor_agreement_relative_clause,True,True,False,False,756,-69.53755187988281,-69.78199768066406,1
Many cashiers that can discuss Frank slump over.,Many cashiers that can discuss Frank slumps over.,morphology,subject_verb_agreement,distractor_agreement_relative_clause,True,True,False,False,757,-74.23335266113281,-76.55284118652344,1
Most pedestrians who were noticing the man don't concur.,Most pedestrians who were noticing the man doesn't concur.,morphology,subject_verb_agreement,distractor_agreement_relative_clause,True,True,False,False,758,-69.62893676757812,-69.3265609741211,0
Those governments that worried every actor do find those bicycles to crack.,Those governments that worried every actor does find those bicycles to crack.,morphology,subject_verb_agreement,distractor_agreement_relative_clause,True,True,False,False,759,-93.35018157958984,-89.98282623291016,0
The cashiers who left Brad protest.,The cashiers who left Brad protests.,morphology,subject_verb_agreement,distractor_agreement_relative_clause,True,True,False,False,760,-55.06298828125,-54.36613464355469,0
Some committees that can distract Ruth don't prefer the guys to benefit.,Some committees that can distract Ruth doesn't prefer the guys to benefit.,morphology,subject_verb_agreement,distractor_agreement_relative_clause,True,True,False,False,761,-88.98678588867188,-86.49534606933594,0
Those boys who distract some legislature have approved.,Those boys who distract some legislature has approved.,morphology,subject_verb_agreement,distractor_agreement_relative_clause,True,True,False,False,762,-62.509857177734375,-62.33747482299805,0
A senator that wasn't leaving a lot of teachers conceals who weren't noticing Russell.,A senator that wasn't leaving a lot of teachers conceal who weren't noticing Russell.,morphology,subject_verb_agreement,distractor_agreement_relative_clause,True,True,False,False,763,-97.28114318847656,-101.28669738769531,1
The waiter who cures many teachers hasn't noticed the couches.,The waiter who cures many teachers haven't noticed the couches.,morphology,subject_verb_agreement,distractor_agreement_relative_clause,True,True,False,False,764,-85.49099731445312,-84.43659973144531,0
Every teacher that wasn't finding some hamsters hides.,Every teacher that wasn't finding some hamsters hide.,morphology,subject_verb_agreement,distractor_agreement_relative_clause,True,True,False,False,765,-65.24832153320312,-64.13092803955078,0
That dog that can't aggravate those guys wakes up.,That dog that can't aggravate those guys wake up.,morphology,subject_verb_agreement,distractor_agreement_relative_clause,True,True,False,False,766,-60.26921081542969,-58.25251007080078,0
Most boys that boasted about Mary bike to those schools.,Most boys that boasted about Mary bikes to those schools.,morphology,subject_verb_agreement,distractor_agreement_relative_clause,True,True,False,False,767,-75.10929870605469,-74.58904266357422,0
Some museums that would criticize a library have responded.,Some museums that would criticize a library has responded.,morphology,subject_verb_agreement,distractor_agreement_relative_clause,True,True,False,False,768,-60.785160064697266,-60.48100280761719,0
The ladies who will impress Connie don't cry.,The ladies who will impress Connie doesn't cry.,morphology,subject_verb_agreement,distractor_agreement_relative_clause,True,True,False,False,769,-59.37624740600586,-59.16172790527344,0
A lot of cashiers that don't complain about Heidi have fired Aaron.,A lot of cashiers that don't complain about Heidi has fired Aaron.,morphology,subject_verb_agreement,distractor_agreement_relative_clause,True,True,False,False,770,-82.8843765258789,-80.60031127929688,0
An actress who worried those guys isn't seeing.,An actress who worried those guys weren't seeing.,morphology,subject_verb_agreement,distractor_agreement_relative_clause,True,True,False,False,771,-59.08297348022461,-55.98759841918945,0
Every guest that hired some drivers hasn't shrugged.,Every guest that hired some drivers haven't shrugged.,morphology,subject_verb_agreement,distractor_agreement_relative_clause,True,True,False,False,772,-68.15213012695312,-66.96054077148438,0
Most dancers who can't kiss every customer don't imagine the cat wakes up.,Most dancers who can't kiss every customer doesn't imagine the cat wakes up.,morphology,subject_verb_agreement,distractor_agreement_relative_clause,True,True,False,False,773,-85.92552185058594,-85.26016235351562,0
Those libraries that will respect Jane aren't listening to Denise.,Those libraries that will respect Jane isn't listening to Denise.,morphology,subject_verb_agreement,distractor_agreement_relative_clause,True,True,False,False,774,-74.82516479492188,-72.68263244628906,0
A bank that stunned the Impressionists does look to wear these shawls.,A bank that stunned the Impressionists do look to wear these shawls.,morphology,subject_verb_agreement,distractor_agreement_relative_clause,True,True,False,False,775,-93.81394958496094,-90.96475219726562,0
Many girls that didn't disturb Peter long to kiss.,Many girls that didn't disturb Peter longs to kiss.,morphology,subject_verb_agreement,distractor_agreement_relative_clause,True,True,False,False,776,-64.56578826904297,-69.7933349609375,1
This girl that is distracting the Clintons isn't curing this teacher.,This girl that is distracting the Clintons aren't curing this teacher.,morphology,subject_verb_agreement,distractor_agreement_relative_clause,True,True,False,False,777,-84.84428405761719,-82.61648559570312,0
The adult who had listened to those students suffers.,The adult who had listened to those students suffer.,morphology,subject_verb_agreement,distractor_agreement_relative_clause,True,True,False,False,778,-53.29484939575195,-51.9610595703125,0
The pedestrians who can't discover Bruce pass many museums.,The pedestrians who can't discover Bruce passes many museums.,morphology,subject_verb_agreement,distractor_agreement_relative_clause,True,True,False,False,779,-75.06109619140625,-73.85404968261719,0
That girl that found those ladies wasn't fixing some computers.,That girl that found those ladies weren't fixing some computers.,morphology,subject_verb_agreement,distractor_agreement_relative_clause,True,True,False,False,780,-77.94912719726562,-75.64313507080078,0
This senator that didn't flee from the Clintons replies.,This senator that didn't flee from the Clintons reply.,morphology,subject_verb_agreement,distractor_agreement_relative_clause,True,True,False,False,781,-64.61953735351562,-65.02294921875,1
A lot of boys who hadn't visited Denise don't heal Rebecca.,A lot of boys who hadn't visited Denise doesn't heal Rebecca.,morphology,subject_verb_agreement,distractor_agreement_relative_clause,True,True,False,False,782,-80.37645721435547,-80.57666015625,1
A cashier that should flee from most patients practices.,A cashier that should flee from most patients practice.,morphology,subject_verb_agreement,distractor_agreement_relative_clause,True,True,False,False,783,-69.1327896118164,-68.44963073730469,0
Some guys who appreciate Stacy do protest.,Some guys who appreciate Stacy does protest.,morphology,subject_verb_agreement,distractor_agreement_relative_clause,True,True,False,False,784,-58.401893615722656,-57.540016174316406,0
These patients that escaped from Kathleen do argue about Phillip.,These patients that escaped from Kathleen does argue about Phillip.,morphology,subject_verb_agreement,distractor_agreement_relative_clause,True,True,False,False,785,-77.7023696899414,-78.77870178222656,1
The patient that fired a lot of guests hasn't hunted.,The patient that fired a lot of guests haven't hunted.,morphology,subject_verb_agreement,distractor_agreement_relative_clause,True,True,False,False,786,-66.51395416259766,-67.22215270996094,1
Many boys that confused William wash.,Many boys that confused William washes.,morphology,subject_verb_agreement,distractor_agreement_relative_clause,True,True,False,False,787,-54.78901672363281,-53.09914016723633,0
That customer that isn't bothering many girls wasn't biking to some restaurants.,That customer that isn't bothering many girls aren't biking to some restaurants.,morphology,subject_verb_agreement,distractor_agreement_relative_clause,True,True,False,False,788,-89.84437561035156,-85.19207763671875,0
Every girl who admired all women whispers.,Every girl who admired all women whisper.,morphology,subject_verb_agreement,distractor_agreement_relative_clause,True,True,False,False,789,-50.07563781738281,-51.56641387939453,1
Those guests who embarrasses that organization haven't wondered what obligate these schools to argue.,Those guests who embarrasses that organization hasn't wondered what obligate these schools to argue.,morphology,subject_verb_agreement,distractor_agreement_relative_clause,True,True,False,False,790,-110.55850219726562,-107.74853515625,0
Waitresses that talked about Caroline stand up.,Waitresses that talked about Caroline stands up.,morphology,subject_verb_agreement,distractor_agreement_relative_clause,True,True,False,False,791,-61.54034423828125,-60.06925964355469,0
Adults who would discuss Samantha have cleaned every museum.,Adults who would discuss Samantha has cleaned every museum.,morphology,subject_verb_agreement,distractor_agreement_relative_clause,True,True,False,False,792,-83.80438995361328,-81.9915771484375,0
The patient that worried men has wondered who trains.,The patient that worried men have wondered who trains.,morphology,subject_verb_agreement,distractor_agreement_relative_clause,True,True,False,False,793,-69.02925872802734,-68.27005004882812,0
Some pedestrians that listen to Dana do run around the hills.,Some pedestrians that listen to Dana does run around the hills.,morphology,subject_verb_agreement,distractor_agreement_relative_clause,True,True,False,False,794,-66.99295043945312,-66.73992919921875,0
A university that would love these guests was joking around.,A university that would love these guests are joking around.,morphology,subject_verb_agreement,distractor_agreement_relative_clause,True,True,False,False,795,-64.51313781738281,-62.74662780761719,0
Some driver who watches most actors telephones.,Some driver who watches most actors telephone.,morphology,subject_verb_agreement,distractor_agreement_relative_clause,True,True,False,False,796,-58.454925537109375,-59.95158004760742,1
These companies that hadn't worried Wendy listen to most guests.,These companies that hadn't worried Wendy listens to most guests.,morphology,subject_verb_agreement,distractor_agreement_relative_clause,True,True,False,False,797,-76.24190521240234,-76.00802612304688,0
Dancers who know Lori sigh.,Dancers who know Lori sighs.,morphology,subject_verb_agreement,distractor_agreement_relative_clause,True,True,False,False,798,-52.5826301574707,-51.239662170410156,0
Some teenager that talks to the Borgias is returning to Danielle.,Some teenager that talks to the Borgias are returning to Danielle.,morphology,subject_verb_agreement,distractor_agreement_relative_clause,True,True,False,False,799,-76.19615936279297,-76.30707550048828,1
This waitress who hasn't aggravated those doctors cures Gina.,This waitress who hasn't aggravated those doctors cure Gina.,morphology,subject_verb_agreement,distractor_agreement_relative_clause,True,True,False,False,800,-83.33436584472656,-80.65502166748047,0
The cashier who conceals many waiters hasn't washed.,The cashier who conceals many waiters haven't washed.,morphology,subject_verb_agreement,distractor_agreement_relative_clause,True,True,False,False,801,-78.64019775390625,-77.18321990966797,0
That cashier that wasn't embarrassing the dancers hasn't biked to many restaurants.,That cashier that wasn't embarrassing the dancers haven't biked to many restaurants.,morphology,subject_verb_agreement,distractor_agreement_relative_clause,True,True,False,False,802,-101.8057632446289,-99.44688415527344,0
Some waiter who sees all hospitals isn't talking about Nicole.,Some waiter who sees all hospitals aren't talking about Nicole.,morphology,subject_verb_agreement,distractor_agreement_relative_clause,True,True,False,False,803,-76.04557037353516,-74.63407897949219,0
Some museums that were disgusting Elizabeth fail to hide away.,Some museums that were disgusting Elizabeth fails to hide away.,morphology,subject_verb_agreement,distractor_agreement_relative_clause,True,True,False,False,804,-72.07701110839844,-71.11431884765625,0
A lot of doctors who weren't attacking Tonya have murmured.,A lot of doctors who weren't attacking Tonya has murmured.,morphology,subject_verb_agreement,distractor_agreement_relative_clause,True,True,False,False,805,-74.03265380859375,-73.02957916259766,0
A lot of libraries that impress Ronald do joke around.,A lot of libraries that impress Ronald does joke around.,morphology,subject_verb_agreement,distractor_agreement_relative_clause,True,True,False,False,806,-70.93824768066406,-69.8357162475586,0
All actresses who can scare Charles do play.,All actresses who can scare Charles does play.,morphology,subject_verb_agreement,distractor_agreement_relative_clause,True,True,False,False,807,-61.007354736328125,-61.44021224975586,1
All girls who hadn't disgusted some actor weren't skated around many rivers.,All girls who hadn't disgusted some actor wasn't skated around many rivers.,morphology,subject_verb_agreement,distractor_agreement_relative_clause,True,True,False,False,808,-106.08709716796875,-105.00598907470703,0
Every actress that can approach most boys is yawning.,Every actress that can approach most boys are yawning.,morphology,subject_verb_agreement,distractor_agreement_relative_clause,True,True,False,False,809,-69.66291046142578,-68.80845642089844,0
Some lady that is talking to most waitresses hasn't fled from Carol.,Some lady that is talking to most waitresses haven't fled from Carol.,morphology,subject_verb_agreement,distractor_agreement_relative_clause,True,True,False,False,810,-98.233642578125,-97.16116333007812,0
Most guys that confuse the government have succeeded.,Most guys that confuse the government has succeeded.,morphology,subject_verb_agreement,distractor_agreement_relative_clause,True,True,False,False,811,-51.22795867919922,-48.71837615966797,0
Every driver who has cured fish is climbing up a ladder.,Every driver who has cured fish are climbing up a ladder.,morphology,subject_verb_agreement,distractor_agreement_relative_clause,True,True,False,False,812,-73.25698852539062,-72.98114013671875,0
A lot of guests that aren't questioning Ella scare the schools.,A lot of guests that aren't questioning Ella scares the schools.,morphology,subject_verb_agreement,distractor_agreement_relative_clause,True,True,False,False,813,-83.08644104003906,-80.1264419555664,0
Many customers that alarm Alexander encourage Steven's grandmothers to flee from Sonia.,Many customers that alarm Alexander encourages Steven's grandmothers to flee from Sonia.,morphology,subject_verb_agreement,distractor_agreement_relative_clause,True,True,False,False,814,-106.39842224121094,-102.55977630615234,0
These children that have admired Carl were visiting Guy.,These children that have admired Carl is visiting Guy.,morphology,subject_verb_agreement,distractor_agreement_relative_clause,True,True,False,False,815,-68.74250793457031,-65.28355407714844,0
Some dancer that talks to some women doesn't take many mushrooms.,Some dancer that talks to some women don't take many mushrooms.,morphology,subject_verb_agreement,distractor_agreement_relative_clause,True,True,False,False,816,-77.78080749511719,-78.0936508178711,1
That boy who talked to all dancers is entreating Steven's fathers to reply.,That boy who talked to all dancers are entreating Steven's fathers to reply.,morphology,subject_verb_agreement,distractor_agreement_relative_clause,True,True,False,False,817,-108.13031005859375,-108.1898193359375,1
This cashier who admires all adults drops by hospitals.,This cashier who admires all adults drop by hospitals.,morphology,subject_verb_agreement,distractor_agreement_relative_clause,True,True,False,False,818,-82.68991088867188,-80.15348815917969,0
This school that bothers the Impressionists does reference that child.,This school that bothers the Impressionists do reference that child.,morphology,subject_verb_agreement,distractor_agreement_relative_clause,True,True,False,False,819,-80.13058471679688,-76.8816146850586,0
All cashiers that had embarrassed Dennis don't protest.,All cashiers that had embarrassed Dennis doesn't protest.,morphology,subject_verb_agreement,distractor_agreement_relative_clause,True,True,False,False,820,-78.24182891845703,-77.58379364013672,0
All patients that hurts Steven sing.,All patients that hurts Steven singing.,morphology,subject_verb_agreement,distractor_agreement_relative_clause,True,True,False,False,821,-53.607025146484375,-51.76593017578125,0
Most teachers who were annoying Robert do read.,Most teachers who were annoying Robert does read.,morphology,subject_verb_agreement,distractor_agreement_relative_clause,True,True,False,False,822,-62.24937057495117,-62.11878967285156,0
Many ladies who could hug Lori examine most books.,Many ladies who could hug Lori examines most books.,morphology,subject_verb_agreement,distractor_agreement_relative_clause,True,True,False,False,823,-68.94905090332031,-70.87916564941406,1
Many waiters who were returning to Victoria study.,Many waiters who were returning to Victoria studies.,morphology,subject_verb_agreement,distractor_agreement_relative_clause,True,True,False,False,824,-55.671905517578125,-57.873291015625,1
Some guest who discussed those ladies is watching Elaine.,Some guest who discussed those ladies are watching Elaine.,morphology,subject_verb_agreement,distractor_agreement_relative_clause,True,True,False,False,825,-68.1175537109375,-66.56825256347656,0
Those pedestrians that aren't impressing Caroline blink.,Those pedestrians that aren't impressing Caroline blinks.,morphology,subject_verb_agreement,distractor_agreement_relative_clause,True,True,False,False,826,-69.96952819824219,-68.30131530761719,0
That actor that argued about many cashiers has motivated those universities to criticize customers.,That actor that argued about many cashiers have motivated those universities to criticize customers.,morphology,subject_verb_agreement,distractor_agreement_relative_clause,True,True,False,False,827,-114.87132263183594,-113.44158172607422,0
That cup that hadn't scared many teachers has upset Eva.,That cup that hadn't scared many teachers have upset Eva.,morphology,subject_verb_agreement,distractor_agreement_relative_clause,True,True,False,False,828,-83.20068359375,-80.34525299072266,0
The girl who hasn't observed the actors was smiling.,The girl who hasn't observed the actors were smiling.,morphology,subject_verb_agreement,distractor_agreement_relative_clause,True,True,False,False,829,-58.614654541015625,-58.16489028930664,0
The driver who boycotted the committees wasn't anticipating Jane to praise Becca.,The driver who boycotted the committees weren't anticipating Jane to praise Becca.,morphology,subject_verb_agreement,distractor_agreement_relative_clause,True,True,False,False,830,-127.1895751953125,-125.20256042480469,0
A waiter that isn't thinking about many people writes.,A waiter that isn't thinking about many people write.,morphology,subject_verb_agreement,distractor_agreement_relative_clause,True,True,False,False,831,-61.94813537597656,-60.34300231933594,0
The customers that dropped by the hospital have clashed.,The customers that dropped by the hospital has clashed.,morphology,subject_verb_agreement,distractor_agreement_relative_clause,True,True,False,False,832,-56.96160125732422,-55.76396179199219,0
Those girls who are curing Tracy were managing to communicate.,Those girls who are curing Tracy is managing to communicate.,morphology,subject_verb_agreement,distractor_agreement_relative_clause,True,True,False,False,833,-74.08988189697266,-70.2303695678711,0
Most guests who hadn't talked to Laurie do vanish.,Most guests who hadn't talked to Laurie does vanish.,morphology,subject_verb_agreement,distractor_agreement_relative_clause,True,True,False,False,834,-65.98515319824219,-66.29789733886719,1
Those cashiers who couldn't watch Christine beg every niece of Tiffany to disagree with all doctors.,Those cashiers who couldn't watch Christine begs every niece of Tiffany to disagree with all doctors.,morphology,subject_verb_agreement,distractor_agreement_relative_clause,True,True,False,False,835,-131.66505432128906,-128.54550170898438,0
Some legislature that could know some guests wasn't reacting.,Some legislature that could know some guests aren't reacting.,morphology,subject_verb_agreement,distractor_agreement_relative_clause,True,True,False,False,836,-75.08586883544922,-72.97259521484375,0
All doctors who hired Wendy don't scan documentaries.,All doctors who hired Wendy doesn't scan documentaries.,morphology,subject_verb_agreement,distractor_agreement_relative_clause,True,True,False,False,837,-68.70773315429688,-68.73707580566406,1
That waiter that hasn't complained about guests prods Sheila's teacher to perform.,That waiter that hasn't complained about guests prod Sheila's teacher to perform.,morphology,subject_verb_agreement,distractor_agreement_relative_clause,True,True,False,False,838,-107.51545715332031,-106.08161926269531,0
The teenager that shouldn't bore some women coughs.,The teenager that shouldn't bore some women cough.,morphology,subject_verb_agreement,distractor_agreement_relative_clause,True,True,False,False,839,-66.70345306396484,-64.82212829589844,0
A university that criticized those guests does discuss Denise.,A university that criticized those guests do discuss Denise.,morphology,subject_verb_agreement,distractor_agreement_relative_clause,True,True,False,False,840,-80.46440124511719,-77.92643737792969,0
The bank that should discuss a lot of women urges Aaron to attack Deborah.,The bank that should discuss a lot of women urge Aaron to attack Deborah.,morphology,subject_verb_agreement,distractor_agreement_relative_clause,True,True,False,False,841,-92.22697448730469,-91.60147094726562,0
A lot of senators who have described Kenneth wave.,A lot of senators who have described Kenneth waves.,morphology,subject_verb_agreement,distractor_agreement_relative_clause,True,True,False,False,842,-63.69409942626953,-62.19757843017578,0
Many customers who couldn't find Timothy long to hunt.,Many customers who couldn't find Timothy longs to hunt.,morphology,subject_verb_agreement,distractor_agreement_relative_clause,True,True,False,False,843,-63.96084976196289,-68.90768432617188,1
Some patients that aren't appreciating some actor were liking to profit.,Some patients that aren't appreciating some actor was liking to profit.,morphology,subject_verb_agreement,distractor_agreement_relative_clause,True,True,False,False,844,-85.16846466064453,-83.34208679199219,0
The association that had argued about these people does collaborate.,The association that had argued about these people do collaborate.,morphology,subject_verb_agreement,distractor_agreement_relative_clause,True,True,False,False,845,-70.94570922851562,-70.2187271118164,0
Some organizations that respected Sally oblige that customer to cure Galileo.,Some organizations that respected Sally obliges that customer to cure Galileo.,morphology,subject_verb_agreement,distractor_agreement_relative_clause,True,True,False,False,846,-92.52062225341797,-92.75183868408203,1
Some actor who hadn't hugged most drivers doesn't slump over.,Some actor who hadn't hugged most drivers don't slump over.,morphology,subject_verb_agreement,distractor_agreement_relative_clause,True,True,False,False,847,-84.9205322265625,-83.15609741210938,0
That actor that alarmed the guys hasn't muttered.,That actor that alarmed the guys haven't muttered.,morphology,subject_verb_agreement,distractor_agreement_relative_clause,True,True,False,False,848,-65.12942504882812,-66.74710083007812,1
The guys that annoy the organization reference Keith.,The guys that annoy the organization references Keith.,morphology,subject_verb_agreement,distractor_agreement_relative_clause,True,True,False,False,849,-68.20787048339844,-67.54261779785156,0
The guys that had astounded a university have discovered these cars to steer.,The guys that had astounded a university has discovered these cars to steer.,morphology,subject_verb_agreement,distractor_agreement_relative_clause,True,True,False,False,850,-90.7683334350586,-89.972412109375,0
The doctor that is approaching actors finds out what slow.,The doctor that is approaching actors find out what slow.,morphology,subject_verb_agreement,distractor_agreement_relative_clause,True,True,False,False,851,-74.40385437011719,-73.51219177246094,0
Every committee that disturbs many teachers has these eggplants.,Every committee that disturbs many teachers have these eggplants.,morphology,subject_verb_agreement,distractor_agreement_relative_clause,True,True,False,False,852,-81.38887023925781,-77.55473327636719,0
A lot of waiters that couldn't reveal Erin have waved.,A lot of waiters that couldn't reveal Erin has waved.,morphology,subject_verb_agreement,distractor_agreement_relative_clause,True,True,False,False,853,-77.07939910888672,-74.36299133300781,0
These guys that aren't firing Rachel don't explore Spain.,These guys that aren't firing Rachel doesn't explore Spain.,morphology,subject_verb_agreement,distractor_agreement_relative_clause,True,True,False,False,854,-77.09634399414062,-75.6810302734375,0
Some teachers that left Angela work with Tina.,Some teachers that left Angela works with Tina.,morphology,subject_verb_agreement,distractor_agreement_relative_clause,True,True,False,False,855,-56.503456115722656,-57.22415542602539,1
All organizations that praised Diane do boast about these newspaper articles.,All organizations that praised Diane does boast about these newspaper articles.,morphology,subject_verb_agreement,distractor_agreement_relative_clause,True,True,False,False,856,-85.80988311767578,-85.30948638916016,0
The driver that had shocked the Clintons waves.,The driver that had shocked the Clintons wave.,morphology,subject_verb_agreement,distractor_agreement_relative_clause,True,True,False,False,857,-59.189056396484375,-56.70728302001953,0
A doctor that is discovering the Lutherans litters.,A doctor that is discovering the Lutherans litter.,morphology,subject_verb_agreement,distractor_agreement_relative_clause,True,True,False,False,858,-60.699920654296875,-59.552162170410156,0
All waiters that have concealed Dawn do figure out who hasn't investigated Cynthia.,All waiters that have concealed Dawn does figure out who hasn't investigated Cynthia.,morphology,subject_verb_agreement,distractor_agreement_relative_clause,True,True,False,False,859,-106.43254089355469,-105.35438537597656,0
That girl that cares for guys is daring Patricia to suffer.,That girl that cares for guys are daring Patricia to suffer.,morphology,subject_verb_agreement,distractor_agreement_relative_clause,True,True,False,False,860,-78.50289916992188,-78.67202758789062,1
That boy that references all patients hasn't shrugged.,That boy that references all patients haven't shrugged.,morphology,subject_verb_agreement,distractor_agreement_relative_clause,True,True,False,False,861,-69.72592163085938,-68.52251434326172,0
A girl who is listening to actresses doesn't joke around.,A girl who is listening to actresses don't joke around.,morphology,subject_verb_agreement,distractor_agreement_relative_clause,True,True,False,False,862,-62.01121139526367,-61.869136810302734,0
Some doctors who cured Sonia ask Deanna to perform.,Some doctors who cured Sonia asks Deanna to perform.,morphology,subject_verb_agreement,distractor_agreement_relative_clause,True,True,False,False,863,-74.97343444824219,-73.7430191040039,0
Most adults who did dislike Julia haven't shouted.,Most adults who did dislike Julia hasn't shouted.,morphology,subject_verb_agreement,distractor_agreement_relative_clause,True,True,False,False,864,-66.5616455078125,-65.4400863647461,0
The senators that did scare every legislature propose to get a job.,The senators that did scare every legislature proposes to get a job.,morphology,subject_verb_agreement,distractor_agreement_relative_clause,True,True,False,False,865,-82.30815887451172,-82.86285400390625,1
That government that wasn't upsetting many organizations does change.,That government that wasn't upsetting many organizations do change.,morphology,subject_verb_agreement,distractor_agreement_relative_clause,True,True,False,False,866,-63.52293395996094,-61.74852752685547,0
A lot of customers who weren't boycotting Spain have worried.,A lot of customers who weren't boycotting Spain has worried.,morphology,subject_verb_agreement,distractor_agreement_relative_clause,True,True,False,False,867,-68.43661499023438,-69.47918701171875,1
Those students that hadn't disagreed with Timothy are commissioning a teacher to boycott this company.,Those students that hadn't disagreed with Timothy is commissioning a teacher to boycott this company.,morphology,subject_verb_agreement,distractor_agreement_relative_clause,True,True,False,False,868,-100.03065490722656,-97.43342590332031,0
Most hamsters that bored Gary have woken up.,Most hamsters that bored Gary has woken up.,morphology,subject_verb_agreement,distractor_agreement_relative_clause,True,True,False,False,869,-66.86016082763672,-64.59454345703125,0
Many ladies who discussed Sara haven't thought about those ladders.,Many ladies who discussed Sara hasn't thought about those ladders.,morphology,subject_verb_agreement,distractor_agreement_relative_clause,True,True,False,False,870,-78.2789306640625,-77.85986328125,0
A guest who remembers the children does grin.,A guest who remembers the children do grin.,morphology,subject_verb_agreement,distractor_agreement_relative_clause,True,True,False,False,871,-54.94655990600586,-53.08281326293945,0
These senators who wouldn't like Christina weep.,These senators who wouldn't like Christina weeps.,morphology,subject_verb_agreement,distractor_agreement_relative_clause,True,True,False,False,872,-60.99552536010742,-64.59943389892578,1
Some teenagers who have insulted Alexander exercise.,Some teenagers who have insulted Alexander exercises.,morphology,subject_verb_agreement,distractor_agreement_relative_clause,True,True,False,False,873,-53.1216926574707,-54.18134689331055,1
Some libraries that didn't aggravate every company haven't conspired.,Some libraries that didn't aggravate every company hasn't conspired.,morphology,subject_verb_agreement,distractor_agreement_relative_clause,True,True,False,False,874,-75.78445434570312,-74.41007232666016,0
Every adult that was visiting the Lutherans does scream.,Every adult that was visiting the Lutherans do scream.,morphology,subject_verb_agreement,distractor_agreement_relative_clause,True,True,False,False,875,-66.84677124023438,-65.09837341308594,0
Every waitress that is working with many children ascends some steps.,Every waitress that is working with many children ascend some steps.,morphology,subject_verb_agreement,distractor_agreement_relative_clause,True,True,False,False,876,-77.02278900146484,-74.08168029785156,0
Some teenagers that irritated the boy reply.,Some teenagers that irritated the boy replies.,morphology,subject_verb_agreement,distractor_agreement_relative_clause,True,True,False,False,877,-53.614891052246094,-51.491004943847656,0
This adult that hadn't stunned a lot of drivers doesn't upset Martha.,This adult that hadn't stunned a lot of drivers don't upset Martha.,morphology,subject_verb_agreement,distractor_agreement_relative_clause,True,True,False,False,878,-91.05864715576172,-88.6637954711914,0
All actors who hadn't researched this organization don't benefit.,All actors who hadn't researched this organization doesn't benefit.,morphology,subject_verb_agreement,distractor_agreement_relative_clause,True,True,False,False,879,-66.85325622558594,-65.11665344238281,0
That bank that boasts about many dancers does ascertain the commentaries to disturb Victoria.,That bank that boasts about many dancers do ascertain the commentaries to disturb Victoria.,morphology,subject_verb_agreement,distractor_agreement_relative_clause,True,True,False,False,880,-121.28224182128906,-118.90567016601562,0
Many hospitals that hadn't confused the school haven't competed.,Many hospitals that hadn't confused the school hasn't competed.,morphology,subject_verb_agreement,distractor_agreement_relative_clause,True,True,False,False,881,-63.74530029296875,-62.509910583496094,0
The legislature that wasn't astounding all actresses hopes to boast.,The legislature that wasn't astounding all actresses hope to boast.,morphology,subject_verb_agreement,distractor_agreement_relative_clause,True,True,False,False,882,-87.98275756835938,-86.5443115234375,0
A waitress that couldn't bring many birds has escaped.,A waitress that couldn't bring many birds have escaped.,morphology,subject_verb_agreement,distractor_agreement_relative_clause,True,True,False,False,883,-65.05797576904297,-63.27861022949219,0
A lot of girls who talked about Angela haven't fired Phillip.,A lot of girls who talked about Angela hasn't fired Phillip.,morphology,subject_verb_agreement,distractor_agreement_relative_clause,True,True,False,False,884,-77.40677642822266,-75.64300537109375,0
Most companies that dislike Tanya don't pressure every pedestrian to care for Paul.,Most companies that dislike Tanya doesn't pressure every pedestrian to care for Paul.,morphology,subject_verb_agreement,distractor_agreement_relative_clause,True,True,False,False,885,-106.57630920410156,-105.80242919921875,0
Some senator who hadn't approached a lot of guys hasn't sat down.,Some senator who hadn't approached a lot of guys haven't sat down.,morphology,subject_verb_agreement,distractor_agreement_relative_clause,True,True,False,False,886,-76.36739349365234,-77.95643615722656,1
Those customers that talk to that actress spin around.,Those customers that talk to that actress spins around.,morphology,subject_verb_agreement,distractor_agreement_relative_clause,True,True,False,False,887,-57.00857162475586,-57.54975509643555,1
Many guys that are shocking every committee do worry.,Many guys that are shocking every committee does worry.,morphology,subject_verb_agreement,distractor_agreement_relative_clause,True,True,False,False,888,-63.40665817260742,-63.53178787231445,1
All hospitals that do bother Kirsten do motivate Lissa to remember these waitresses.,All hospitals that do bother Kirsten does motivate Lissa to remember these waitresses.,morphology,subject_verb_agreement,distractor_agreement_relative_clause,True,True,False,False,889,-114.94104766845703,-113.18623352050781,0
Those ladies who didn't find Cheryl aren't arguing about Brian.,Those ladies who didn't find Cheryl isn't arguing about Brian.,morphology,subject_verb_agreement,distractor_agreement_relative_clause,True,True,False,False,890,-68.93785095214844,-67.24397277832031,0
The actor that had watched many teenagers litters.,The actor that had watched many teenagers litter.,morphology,subject_verb_agreement,distractor_agreement_relative_clause,True,True,False,False,891,-57.567378997802734,-55.5009765625,0
The doctor that can stun some associations wasn't intending to read.,The doctor that can stun some associations aren't intending to read.,morphology,subject_verb_agreement,distractor_agreement_relative_clause,True,True,False,False,892,-84.11568450927734,-82.36396789550781,0
Some customers who were upsetting the association don't convince Keith to read.,Some customers who were upsetting the association doesn't convince Keith to read.,morphology,subject_verb_agreement,distractor_agreement_relative_clause,True,True,False,False,893,-85.65062713623047,-84.45761108398438,0
Many actresses who should talk about Nina have ascended some slopes.,Many actresses who should talk about Nina has ascended some slopes.,morphology,subject_verb_agreement,distractor_agreement_relative_clause,True,True,False,False,894,-84.28353881835938,-81.00032806396484,0
A lot of dishes that had worried Kayla resemble the photograph.,A lot of dishes that had worried Kayla resembles the photograph.,morphology,subject_verb_agreement,distractor_agreement_relative_clause,True,True,False,False,895,-77.05239868164062,-76.35256958007812,0
The bank that is disturbing most organizations boasts.,The bank that is disturbing most organizations boast.,morphology,subject_verb_agreement,distractor_agreement_relative_clause,True,True,False,False,896,-60.387855529785156,-57.52816390991211,0
Those dancers who hadn't boycotted this organization haven't benefited.,Those dancers who hadn't boycotted this organization hasn't benefited.,morphology,subject_verb_agreement,distractor_agreement_relative_clause,True,True,False,False,897,-92.40028381347656,-89.9205322265625,0
All senators who aren't concealing James were discovering who buys that screen.,All senators who aren't concealing James is discovering who buys that screen.,morphology,subject_verb_agreement,distractor_agreement_relative_clause,True,True,False,False,898,-108.25405883789062,-103.846923828125,0
Children who would reference this driver advise Karen's daughters to hate these essays.,Children who would reference this driver advises Karen's daughters to hate these essays.,morphology,subject_verb_agreement,distractor_agreement_relative_clause,True,True,False,False,899,-100.58302307128906,-101.58561706542969,1
The dancers who like Alexander don't arrive at every closet.,The dancers who like Alexander doesn't arrive at every closet.,morphology,subject_verb_agreement,distractor_agreement_relative_clause,True,True,False,False,900,-68.87504577636719,-67.3949203491211,0
This guest that is researching museums doesn't advise Florence to shrug.,This guest that is researching museums don't advise Florence to shrug.,morphology,subject_verb_agreement,distractor_agreement_relative_clause,True,True,False,False,901,-90.5015869140625,-89.94316101074219,0
Some students that have complained about Timothy do have some glass.,Some students that have complained about Timothy does have some glass.,morphology,subject_verb_agreement,distractor_agreement_relative_clause,True,True,False,False,902,-70.06767272949219,-69.35955810546875,0
A waiter that can't appreciate a lot of people slumps over.,A waiter that can't appreciate a lot of people slump over.,morphology,subject_verb_agreement,distractor_agreement_relative_clause,True,True,False,False,903,-69.57096862792969,-68.99130249023438,0
Many actors who would cure Steve fail to spin around.,Many actors who would cure Steve fails to spin around.,morphology,subject_verb_agreement,distractor_agreement_relative_clause,True,True,False,False,904,-73.3443603515625,-71.67512512207031,0
Those cashiers who have investigated Diane aren't requiring Galileo to kiss Danielle.,Those cashiers who have investigated Diane wasn't requiring Galileo to kiss Danielle.,morphology,subject_verb_agreement,distractor_agreement_relative_clause,True,True,False,False,905,-107.81159210205078,-106.10221099853516,0
Some legislature that can't distract a lot of universities does think about who sang.,Some legislature that can't distract a lot of universities do think about who sang.,morphology,subject_verb_agreement,distractor_agreement_relative_clause,True,True,False,False,906,-100.92930603027344,-99.4461669921875,0
These patients that upset Diana explore the mountain.,These patients that upset Diana explores the mountain.,morphology,subject_verb_agreement,distractor_agreement_relative_clause,True,True,False,False,907,-58.052215576171875,-57.21205139160156,0
Many customers that haven't approached Dan scan the newspaper article.,Many customers that haven't approached Dan scans the newspaper article.,morphology,subject_verb_agreement,distractor_agreement_relative_clause,True,True,False,False,908,-68.67292785644531,-71.40373229980469,1
Those waitresses who insulted Marcus do change.,Those waitresses who insulted Marcus does change.,morphology,subject_verb_agreement,distractor_agreement_relative_clause,True,True,False,False,909,-74.16484832763672,-73.2662353515625,0
Some waitresses who had hired Stacey appreciate Alexander.,Some waitresses who had hired Stacey appreciates Alexander.,morphology,subject_verb_agreement,distractor_agreement_relative_clause,True,True,False,False,910,-76.57440948486328,-78.93418884277344,1
Some students that hid Bill have played.,Some students that hid Bill has played.,morphology,subject_verb_agreement,distractor_agreement_relative_clause,True,True,False,False,911,-52.60502624511719,-50.5968017578125,0
A doctor that investigated these adults reveals all children.,A doctor that investigated these adults reveal all children.,morphology,subject_verb_agreement,distractor_agreement_relative_clause,True,True,False,False,912,-62.402366638183594,-60.25579071044922,0
Many patients who saw Wayne have complained.,Many patients who saw Wayne has complained.,morphology,subject_verb_agreement,distractor_agreement_relative_clause,True,True,False,False,913,-48.09021759033203,-47.77744674682617,0
These teenagers who question Steve are hunting.,These teenagers who question Steve was hunting.,morphology,subject_verb_agreement,distractor_agreement_relative_clause,True,True,False,False,914,-56.633766174316406,-53.460147857666016,0
The committee that discussed the libraries hasn't proven to close.,The committee that discussed the libraries haven't proven to close.,morphology,subject_verb_agreement,distractor_agreement_relative_clause,True,True,False,False,915,-69.92992401123047,-68.1646957397461,0
Governments that praise Melissa commission the daughters of this senator to blink.,Governments that praise Melissa commissions the daughters of this senator to blink.,morphology,subject_verb_agreement,distractor_agreement_relative_clause,True,True,False,False,916,-102.92420959472656,-102.57618713378906,0
Those dancers that find Dennis walk through a public park.,Those dancers that find Dennis walks through a public park.,morphology,subject_verb_agreement,distractor_agreement_relative_clause,True,True,False,False,917,-63.786048889160156,-63.295284271240234,0
Every adult who has argued about students doesn't examine many reports.,Every adult who has argued about students don't examine many reports.,morphology,subject_verb_agreement,distractor_agreement_relative_clause,True,True,False,False,918,-76.59121704101562,-75.42777252197266,0
Many girls who should help Becca donate.,Many girls who should help Becca donates.,morphology,subject_verb_agreement,distractor_agreement_relative_clause,True,True,False,False,919,-57.9759635925293,-56.29336166381836,0
These teenagers who didn't sound like Douglas don't swallow.,These teenagers who didn't sound like Douglas doesn't swallow.,morphology,subject_verb_agreement,distractor_agreement_relative_clause,True,True,False,False,920,-65.40911865234375,-64.75399780273438,0
The children who cured April don't spin around.,The children who cured April doesn't spin around.,morphology,subject_verb_agreement,distractor_agreement_relative_clause,True,True,False,False,921,-64.49761962890625,-63.329185485839844,0
Some bank that talked to the Lutherans intends to remember Holly.,Some bank that talked to the Lutherans intend to remember Holly.,morphology,subject_verb_agreement,distractor_agreement_relative_clause,True,True,False,False,922,-79.69261169433594,-79.55900573730469,0
Guys who flee from Alice have cleaned shoes.,Guys who flee from Alice has cleaned shoes.,morphology,subject_verb_agreement,distractor_agreement_relative_clause,True,True,False,False,923,-66.53646087646484,-67.3563461303711,1
That driver who is scaring dancers boycotts the organization.,That driver who is scaring dancers boycott the organization.,morphology,subject_verb_agreement,distractor_agreement_relative_clause,True,True,False,False,924,-76.06039428710938,-73.67182922363281,0
Many libraries that embarrass the association haven't competed.,Many libraries that embarrass the association hasn't competed.,morphology,subject_verb_agreement,distractor_agreement_relative_clause,True,True,False,False,925,-63.37001419067383,-61.011474609375,0
Many students who have insulted Janet attack Bradley.,Many students who have insulted Janet attacks Bradley.,morphology,subject_verb_agreement,distractor_agreement_relative_clause,True,True,False,False,926,-63.55462646484375,-64.76526641845703,1
Actors who weren't embarrassing Meredith do imagine Martin has cured Lisa.,Actors who weren't embarrassing Meredith does imagine Martin has cured Lisa.,morphology,subject_verb_agreement,distractor_agreement_relative_clause,True,True,False,False,927,-109.08244323730469,-108.64092254638672,0
These shawls that stunned Beth were disgusting Joel.,These shawls that stunned Beth is disgusting Joel.,morphology,subject_verb_agreement,distractor_agreement_relative_clause,True,True,False,False,928,-79.71449279785156,-76.12309265136719,0
Most doctors who hate Lori haven't yawned.,Most doctors who hate Lori hasn't yawned.,morphology,subject_verb_agreement,distractor_agreement_relative_clause,True,True,False,False,929,-60.85843276977539,-58.98186111450195,0
Some actor who returns to a lot of cashiers scratches.,Some actor who returns to a lot of cashiers scratch.,morphology,subject_verb_agreement,distractor_agreement_relative_clause,True,True,False,False,930,-66.14125061035156,-62.997989654541016,0
This student who loved the Borgias isn't believing all guys to sneeze.,This student who loved the Borgias aren't believing all guys to sneeze.,morphology,subject_verb_agreement,distractor_agreement_relative_clause,True,True,False,False,931,-103.91326904296875,-103.17671203613281,0
Adults who can disagree with Paula go fishing.,Adults who can disagree with Paula goes fishing.,morphology,subject_verb_agreement,distractor_agreement_relative_clause,True,True,False,False,932,-60.48564147949219,-64.03074645996094,1
That cashier who finds a lot of girls has tried to drive to some closet.,That cashier who finds a lot of girls have tried to drive to some closet.,morphology,subject_verb_agreement,distractor_agreement_relative_clause,True,True,False,False,933,-84.4032211303711,-83.44302368164062,0
The legislatures that might know Danielle investigate who advises this doctor to climb up all slopes.,The legislatures that might know Danielle investigates who advises this doctor to climb up all slopes.,morphology,subject_verb_agreement,distractor_agreement_relative_clause,True,True,False,False,934,-127.1391372680664,-127.44253540039062,1
The companies that did remember John do look to char.,The companies that did remember John does look to char.,morphology,subject_verb_agreement,distractor_agreement_relative_clause,True,True,False,False,935,-76.5499267578125,-76.1278076171875,0
That school that isn't alarming a lot of universities has planned to resemble a photograph.,That school that isn't alarming a lot of universities have planned to resemble a photograph.,morphology,subject_verb_agreement,distractor_agreement_relative_clause,True,True,False,False,936,-92.19396209716797,-89.76542663574219,0
The teacher that leaves a lot of teenagers prevents Russell from boring Tanya.,The teacher that leaves a lot of teenagers prevent Russell from boring Tanya.,morphology,subject_verb_agreement,distractor_agreement_relative_clause,True,True,False,False,937,-97.02275848388672,-95.40428161621094,0
Those committees that can alarm Todd aren't figuring out who obligate this senator to argue about Cynthia.,Those committees that can alarm Todd isn't figuring out who obligate this senator to argue about Cynthia.,morphology,subject_verb_agreement,distractor_agreement_relative_clause,True,True,False,False,938,-139.39132690429688,-137.77247619628906,0
All carriages that have confused Tamara do exist.,All carriages that have confused Tamara does exist.,morphology,subject_verb_agreement,distractor_agreement_relative_clause,True,True,False,False,939,-65.20551300048828,-65.60536193847656,1
That doctor who can't embarrass the Impressionists was talking.,That doctor who can't embarrass the Impressionists were talking.,morphology,subject_verb_agreement,distractor_agreement_relative_clause,True,True,False,False,940,-74.2820053100586,-72.25760650634766,0
A doctor who questions some committees pressures Robert to shout.,A doctor who questions some committees pressure Robert to shout.,morphology,subject_verb_agreement,distractor_agreement_relative_clause,True,True,False,False,941,-90.83454132080078,-87.0427017211914,0
All doctors who praised Natalie have complained.,All doctors who praised Natalie has complained.,morphology,subject_verb_agreement,distractor_agreement_relative_clause,True,True,False,False,942,-55.582244873046875,-54.985198974609375,0
Most guests that argue about Marla don't exercise.,Most guests that argue about Marla doesn't exercise.,morphology,subject_verb_agreement,distractor_agreement_relative_clause,True,True,False,False,943,-71.52117919921875,-70.3216781616211,0
That senator that has escaped from the customers was saluting.,That senator that has escaped from the customers were saluting.,morphology,subject_verb_agreement,distractor_agreement_relative_clause,True,True,False,False,944,-72.57025909423828,-72.37753295898438,0
Most companies that discussed Brenda prefer a lot of jackets to warp.,Most companies that discussed Brenda prefers a lot of jackets to warp.,morphology,subject_verb_agreement,distractor_agreement_relative_clause,True,True,False,False,945,-83.04773712158203,-82.46855926513672,0
This waitress that wouldn't bother some teachers wasn't exiting most glaciers.,This waitress that wouldn't bother some teachers weren't exiting most glaciers.,morphology,subject_verb_agreement,distractor_agreement_relative_clause,True,True,False,False,946,-93.15135955810547,-92.25164794921875,0
The students that bothers Deanna do regret many carriages did drop.,The students that bothers Deanna does regret many carriages did drop.,morphology,subject_verb_agreement,distractor_agreement_relative_clause,True,True,False,False,947,-105.24515533447266,-105.38695526123047,1
A hospital that isn't bothering men ascertains Debra to drop by this art gallery.,A hospital that isn't bothering men ascertain Debra to drop by this art gallery.,morphology,subject_verb_agreement,distractor_agreement_relative_clause,True,True,False,False,948,-114.75595092773438,-109.03718566894531,0
Most adults who bored Melissa were escaping.,Most adults who bored Melissa was escaping.,morphology,subject_verb_agreement,distractor_agreement_relative_clause,True,True,False,False,949,-57.8619270324707,-56.2868537902832,0
The actors that haven't referenced Lori prevent every senator from listening to Renee.,The actors that haven't referenced Lori prevents every senator from listening to Renee.,morphology,subject_verb_agreement,distractor_agreement_relative_clause,True,True,False,False,950,-100.11083221435547,-101.16954040527344,1
All drivers that were talking about Tracy haven't expected the people to work with many waitresses.,All drivers that were talking about Tracy hasn't expected the people to work with many waitresses.,morphology,subject_verb_agreement,distractor_agreement_relative_clause,True,True,False,False,951,-106.80348205566406,-103.48486328125,0
That senator that liked many doctors doesn't mutter.,That senator that liked many doctors don't mutter.,morphology,subject_verb_agreement,distractor_agreement_relative_clause,True,True,False,False,952,-77.42245483398438,-73.20227813720703,0
Some waiter who fled from those adults hasn't woken up.,Some waiter who fled from those adults haven't woken up.,morphology,subject_verb_agreement,distractor_agreement_relative_clause,True,True,False,False,953,-78.38350677490234,-77.91837310791016,0
Many children that will talk to Danielle worry.,Many children that will talk to Danielle worries.,morphology,subject_verb_agreement,distractor_agreement_relative_clause,True,True,False,False,954,-53.75613021850586,-52.643310546875,0
Some driver who finds a lot of ladies doesn't obligate Spain to alarm the Borgias.,Some driver who finds a lot of ladies don't obligate Spain to alarm the Borgias.,morphology,subject_verb_agreement,distractor_agreement_relative_clause,True,True,False,False,955,-117.86123657226562,-116.39093017578125,0
Some company that hurts all boys forgets about who was learning.,Some company that hurts all boys forget about who was learning.,morphology,subject_verb_agreement,distractor_agreement_relative_clause,True,True,False,False,956,-77.22542572021484,-72.26399230957031,0
That waiter who won't approach some drivers sees Ella.,That waiter who won't approach some drivers see Ella.,morphology,subject_verb_agreement,distractor_agreement_relative_clause,True,True,False,False,957,-82.78850555419922,-80.35122680664062,0
Some association that isn't upsetting all governments attempts to donate.,Some association that isn't upsetting all governments attempt to donate.,morphology,subject_verb_agreement,distractor_agreement_relative_clause,True,True,False,False,958,-77.13179779052734,-73.67491149902344,0
The children who forget Rachel discuss Natalie.,The children who forget Rachel discusses Natalie.,morphology,subject_verb_agreement,distractor_agreement_relative_clause,True,True,False,False,959,-59.21440124511719,-58.41004180908203,0
That waiter who isn't talking about these men judges Amanda to describe some cafes.,That waiter who isn't talking about these men judge Amanda to describe some cafes.,morphology,subject_verb_agreement,distractor_agreement_relative_clause,True,True,False,False,960,-103.68576049804688,-99.20152282714844,0
Many pedestrians that stunned this association do testify.,Many pedestrians that stunned this association does testify.,morphology,subject_verb_agreement,distractor_agreement_relative_clause,True,True,False,False,961,-68.44291687011719,-67.96951293945312,0
Every government that has disgusted many doctors listens to that woman.,Every government that has disgusted many doctors listen to that woman.,morphology,subject_verb_agreement,distractor_agreement_relative_clause,True,True,False,False,962,-69.33538055419922,-65.96116638183594,0
Some dancers who would describe some newspaper article do disagree.,Some dancers who would describe some newspaper article does disagree.,morphology,subject_verb_agreement,distractor_agreement_relative_clause,True,True,False,False,963,-76.30768585205078,-77.4895248413086,1
This pedestrian who leaves many libraries has referenced Melanie.,This pedestrian who leaves many libraries have referenced Melanie.,morphology,subject_verb_agreement,distractor_agreement_relative_clause,True,True,False,False,964,-82.7066421508789,-78.91456604003906,0
Those students that irritate Alan do prefer a tomato to char.,Those students that irritate Alan does prefer a tomato to char.,morphology,subject_verb_agreement,distractor_agreement_relative_clause,True,True,False,False,965,-95.77104187011719,-95.00401306152344,0
A government that hadn't embarrassed many universities hasn't turned out to scream.,A government that hadn't embarrassed many universities haven't turned out to scream.,morphology,subject_verb_agreement,distractor_agreement_relative_clause,True,True,False,False,966,-83.97564697265625,-83.36202239990234,0
An organization that has insulted all customers hasn't learned what shut.,An organization that has insulted all customers haven't learned what shut.,morphology,subject_verb_agreement,distractor_agreement_relative_clause,True,True,False,False,967,-79.51325225830078,-79.71136474609375,1
This guest who impressed children does reference Robert.,This guest who impressed children do reference Robert.,morphology,subject_verb_agreement,distractor_agreement_relative_clause,True,True,False,False,968,-74.08099365234375,-69.06755828857422,0
A customer that loved waiters urges Curtis to murmur.,A customer that loved waiters urge Curtis to murmur.,morphology,subject_verb_agreement,distractor_agreement_relative_clause,True,True,False,False,969,-86.89995574951172,-85.22740173339844,0
Some boy who confused all universities doesn't explain everything.,Some boy who confused all universities don't explain everything.,morphology,subject_verb_agreement,distractor_agreement_relative_clause,True,True,False,False,970,-73.06010437011719,-70.33171081542969,0
Most associations that would conceal Dana don't turn out to distract these schools.,Most associations that would conceal Dana doesn't turn out to distract these schools.,morphology,subject_verb_agreement,distractor_agreement_relative_clause,True,True,False,False,971,-92.59729766845703,-89.6722412109375,0
Those skateboards that had bored Noah disappear.,Those skateboards that had bored Noah disappears.,morphology,subject_verb_agreement,distractor_agreement_relative_clause,True,True,False,False,972,-64.69093322753906,-63.53636169433594,0
Some committee that did aggravate all associations is competing.,Some committee that did aggravate all associations are competing.,morphology,subject_verb_agreement,distractor_agreement_relative_clause,True,True,False,False,973,-68.95873260498047,-68.47418975830078,0
All waiters that should think about Deborah do imagine Teresa has said the Borgias embrace.,All waiters that should think about Deborah does imagine Teresa has said the Borgias embrace.,morphology,subject_verb_agreement,distractor_agreement_relative_clause,True,True,False,False,974,-127.25407409667969,-126.34272003173828,0
Every adult who will bore some ladies presses this teenager to stun William.,Every adult who will bore some ladies press this teenager to stun William.,morphology,subject_verb_agreement,distractor_agreement_relative_clause,True,True,False,False,975,-97.98599243164062,-98.6492919921875,1
The doctor that does care for people isn't climbing up a lot of hills.,The doctor that does care for people aren't climbing up a lot of hills.,morphology,subject_verb_agreement,distractor_agreement_relative_clause,True,True,False,False,976,-79.52240753173828,-80.48958587646484,1
Photographs that were worrying Michelle look like the dancer.,Photographs that were worrying Michelle looks like the dancer.,morphology,subject_verb_agreement,distractor_agreement_relative_clause,True,True,False,False,977,-73.57716369628906,-71.36664581298828,0
The drivers that had embarrassed Donald don't advise Carol to appear.,The drivers that had embarrassed Donald doesn't advise Carol to appear.,morphology,subject_verb_agreement,distractor_agreement_relative_clause,True,True,False,False,978,-86.1444091796875,-84.81867980957031,0
That girl that hadn't cared for these dancers gets a job.,That girl that hadn't cared for these dancers get a job.,morphology,subject_verb_agreement,distractor_agreement_relative_clause,True,True,False,False,979,-71.2969970703125,-69.07774353027344,0
The adult that dislikes a lot of boys wasn't going fishing.,The adult that dislikes a lot of boys aren't going fishing.,morphology,subject_verb_agreement,distractor_agreement_relative_clause,True,True,False,False,980,-73.40267944335938,-69.65448760986328,0
Some waiter who astounded all ladies stands up.,Some waiter who astounded all ladies stand up.,morphology,subject_verb_agreement,distractor_agreement_relative_clause,True,True,False,False,981,-68.6897201538086,-66.73299407958984,0
That print that looks like most prints has looked like a wheelbarrow.,That print that looks like most prints have looked like a wheelbarrow.,morphology,subject_verb_agreement,distractor_agreement_relative_clause,True,True,False,False,982,-77.67550659179688,-75.66357421875,0
Some company that confused the Borgias does declare Susan to praise Michelle.,Some company that confused the Borgias do declare Susan to praise Michelle.,morphology,subject_verb_agreement,distractor_agreement_relative_clause,True,True,False,False,983,-97.98310852050781,-96.22209930419922,0
That dancer who praised these dancers doubts all children consider Wayne to hire Steve.,That dancer who praised these dancers doubt all children consider Wayne to hire Steve.,morphology,subject_verb_agreement,distractor_agreement_relative_clause,True,True,False,False,984,-119.88346099853516,-119.54386138916016,0
Every guy that hasn't upset the girls wasn't describing Ronald.,Every guy that hasn't upset the girls weren't describing Ronald.,morphology,subject_verb_agreement,distractor_agreement_relative_clause,True,True,False,False,985,-75.94822692871094,-74.60363006591797,0
That school that did embarrass the Clintons needs to sell the unicycle.,That school that did embarrass the Clintons need to sell the unicycle.,morphology,subject_verb_agreement,distractor_agreement_relative_clause,True,True,False,False,986,-84.65125274658203,-81.6629638671875,0
Every waiter who is healing all boys does discuss women.,Every waiter who is healing all boys do discuss women.,morphology,subject_verb_agreement,distractor_agreement_relative_clause,True,True,False,False,987,-78.79368591308594,-77.2335205078125,0
This actress that knows most actors forces Suzanne to explore the cafe.,This actress that knows most actors force Suzanne to explore the cafe.,morphology,subject_verb_agreement,distractor_agreement_relative_clause,True,True,False,False,988,-90.9888916015625,-90.89175415039062,0
Many doctors who did notice Michelle bake.,Many doctors who did notice Michelle bakes.,morphology,subject_verb_agreement,distractor_agreement_relative_clause,True,True,False,False,989,-56.49740982055664,-59.724754333496094,1
Many companies that discuss Andrea have realized what reunited.,Many companies that discuss Andrea has realized what reunited.,morphology,subject_verb_agreement,distractor_agreement_relative_clause,True,True,False,False,990,-73.96041870117188,-71.24665069580078,0
The students who weren't concealing Guy do forget who dropped by Harvard University.,The students who weren't concealing Guy does forget who dropped by Harvard University.,morphology,subject_verb_agreement,distractor_agreement_relative_clause,True,True,False,False,991,-100.8095703125,-101.09400177001953,1
That teenager who is kissing most cashiers breaks many planes.,That teenager who is kissing most cashiers break many planes.,morphology,subject_verb_agreement,distractor_agreement_relative_clause,True,True,False,False,992,-88.86819458007812,-86.9536361694336,0
A lot of girls who are arguing about Paul flee from Rachel.,A lot of girls who are arguing about Paul flees from Rachel.,morphology,subject_verb_agreement,distractor_agreement_relative_clause,True,True,False,False,993,-73.95500183105469,-78.272216796875,1
Guests that hadn't found Denise have discovered those rivers.,Guests that hadn't found Denise has discovered those rivers.,morphology,subject_verb_agreement,distractor_agreement_relative_clause,True,True,False,False,994,-79.9704360961914,-78.45315551757812,0
An actor who hadn't appreciated those doctors does leave.,An actor who hadn't appreciated those doctors do leave.,morphology,subject_verb_agreement,distractor_agreement_relative_clause,True,True,False,False,995,-67.67948913574219,-65.07997131347656,0
Some girl that bothered many associations has required most associations to argue.,Some girl that bothered many associations have required most associations to argue.,morphology,subject_verb_agreement,distractor_agreement_relative_clause,True,True,False,False,996,-92.665771484375,-91.66715240478516,0
A lot of malls that shocked Tiffany do astound Paul.,A lot of malls that shocked Tiffany does astound Paul.,morphology,subject_verb_agreement,distractor_agreement_relative_clause,True,True,False,False,997,-86.25045776367188,-84.78563690185547,0
That legislature that couldn't hate the Lutherans has dared all children to fight.,That legislature that couldn't hate the Lutherans have dared all children to fight.,morphology,subject_verb_agreement,distractor_agreement_relative_clause,True,True,False,False,998,-90.80875396728516,-89.42412567138672,0
These teenagers who aren't revealing Tina are concurring.,These teenagers who aren't revealing Tina is concurring.,morphology,subject_verb_agreement,distractor_agreement_relative_clause,True,True,False,False,999,-71.23546600341797,-69.67292022705078,0
