sentence_good,sentence_bad,field,linguistics_term,UID,simple_LM_method,one_prefix_method,two_prefix_method,lexically_identical,pair_id,good_prob,bad_prob,correct
No girl attacked fewer than two waiters.,No girl attacked at most two waiters.,semantics,quantifiers,superlative_quantifiers_1,True,False,False,False,0,-54.20901870727539,-57.18159866333008,1
No person would bring fewer than three gates.,No person would bring at most three gates.,semantics,quantifiers,superlative_quantifiers_1,True,False,False,False,1,-50.70310592651367,-54.06565475463867,1
No actor had driven to fewer than four malls.,No actor had driven to at most four malls.,semantics,quantifiers,superlative_quantifiers_1,True,False,False,False,2,-63.133609771728516,-68.29196166992188,1
No pedestrian is observing more than seven waiters.,No pedestrian is observing at least seven waiters.,semantics,quantifiers,superlative_quantifiers_1,True,False,False,False,3,-61.02119064331055,-60.087066650390625,0
No boy could reference fewer than nine drivers.,No boy could reference at most nine drivers.,semantics,quantifiers,superlative_quantifiers_1,True,False,False,False,4,-59.927799224853516,-66.90447998046875,1
No actor has sounded like more than nine mountains.,No actor has sounded like at least nine mountains.,semantics,quantifiers,superlative_quantifiers_1,True,False,False,False,5,-58.68637466430664,-57.37168884277344,0
No sock annoyed more than seven companies.,No sock annoyed at least seven companies.,semantics,quantifiers,superlative_quantifiers_1,True,False,False,False,6,-58.24165344238281,-53.12569046020508,0
No man has revealed more than five forks.,No man has revealed at least five forks.,semantics,quantifiers,superlative_quantifiers_1,True,False,False,False,7,-47.060646057128906,-46.22779846191406,0
No customer would resemble more than eight pictures.,No customer would resemble at least eight pictures.,semantics,quantifiers,superlative_quantifiers_1,True,False,False,False,8,-52.95803451538086,-50.00425338745117,0
No waiter had referenced more than ten teenagers.,No waiter had referenced at least ten teenagers.,semantics,quantifiers,superlative_quantifiers_1,True,False,False,False,9,-52.62470245361328,-54.492122650146484,1
No adult skated around more than seven lakes.,No adult skated around at least seven lakes.,semantics,quantifiers,superlative_quantifiers_1,True,False,False,False,10,-57.88801574707031,-58.49919509887695,1
No woman exited fewer than five public parks.,No woman exited at most five public parks.,semantics,quantifiers,superlative_quantifiers_1,True,False,False,False,11,-60.326683044433594,-62.463348388671875,1
No hamster had climbed down more than five hills.,No hamster had climbed down at least five hills.,semantics,quantifiers,superlative_quantifiers_1,True,False,False,False,12,-59.148014068603516,-58.56436538696289,0
No university might confuse fewer than four men.,No university might confuse at most four men.,semantics,quantifiers,superlative_quantifiers_1,True,False,False,False,13,-55.73423767089844,-60.143653869628906,1
No lady brought more than two high schools.,No lady brought at least two high schools.,semantics,quantifiers,superlative_quantifiers_1,True,False,False,False,14,-46.437137603759766,-46.809329986572266,1
No apple distracted fewer than five hospitals.,No apple distracted at most five hospitals.,semantics,quantifiers,superlative_quantifiers_1,True,False,False,False,15,-59.33159637451172,-61.51700973510742,1
No actor complained about more than two actresses.,No actor complained about at least two actresses.,semantics,quantifiers,superlative_quantifiers_1,True,False,False,False,16,-47.368309020996094,-47.75664520263672,1
No college campus astounded more than five libraries.,No college campus astounded at least five libraries.,semantics,quantifiers,superlative_quantifiers_1,True,False,False,False,17,-60.241119384765625,-59.842899322509766,0
No cafe is disgusting more than seven associations.,No cafe is disgusting at least seven associations.,semantics,quantifiers,superlative_quantifiers_1,True,False,False,False,18,-62.17359161376953,-56.95551300048828,0
No guest was touring fewer than nine schools.,No guest was touring at most nine schools.,semantics,quantifiers,superlative_quantifiers_1,True,False,False,False,19,-57.75852966308594,-56.978424072265625,0
No actor remembers fewer than seven documentaries.,No actor remembers at most seven documentaries.,semantics,quantifiers,superlative_quantifiers_1,True,False,False,False,20,-52.386329650878906,-55.264442443847656,1
No wheelbarrow does hurt more than nine dancers.,No wheelbarrow does hurt at least nine dancers.,semantics,quantifiers,superlative_quantifiers_1,True,False,False,False,21,-69.61884307861328,-68.71532440185547,0
No driver was researching more than three associations.,No driver was researching at least three associations.,semantics,quantifiers,superlative_quantifiers_1,True,False,False,False,22,-50.339351654052734,-51.506587982177734,1
No adult is passing fewer than five schools.,No adult is passing at most five schools.,semantics,quantifiers,superlative_quantifiers_1,True,False,False,False,23,-49.269065856933594,-54.19568634033203,1
No actor could approach fewer than ten waiters.,No actor could approach at most ten waiters.,semantics,quantifiers,superlative_quantifiers_1,True,False,False,False,24,-62.12057113647461,-67.93165588378906,1
No actress was skated around fewer than seven rivers.,No actress was skated around at most seven rivers.,semantics,quantifiers,superlative_quantifiers_1,True,False,False,False,25,-70.42076873779297,-73.92688751220703,1
No guest visits more than nine cashiers.,No guest visits at least nine cashiers.,semantics,quantifiers,superlative_quantifiers_1,True,False,False,False,26,-50.348731994628906,-50.13886260986328,0
No eggplant has worried fewer than seven boys.,No eggplant has worried at most seven boys.,semantics,quantifiers,superlative_quantifiers_1,True,False,False,False,27,-64.93696594238281,-68.44963073730469,1
No man had discussed fewer than nine high schools.,No man had discussed at most nine high schools.,semantics,quantifiers,superlative_quantifiers_1,True,False,False,False,28,-56.84703063964844,-59.30608367919922,1
No cart has aggravated fewer than two actresses.,No cart has aggravated at most two actresses.,semantics,quantifiers,superlative_quantifiers_1,True,False,False,False,29,-60.76090621948242,-65.66976928710938,1
No library had forgotten fewer than nine commentaries.,No library had forgotten at most nine commentaries.,semantics,quantifiers,superlative_quantifiers_1,True,False,False,False,30,-59.56661605834961,-62.63111877441406,1
No guest is hiding more than eight bikes.,No guest is hiding at least eight bikes.,semantics,quantifiers,superlative_quantifiers_1,True,False,False,False,31,-54.78927993774414,-51.878414154052734,0
No teenager cleaned more than two college campuses.,No teenager cleaned at least two college campuses.,semantics,quantifiers,superlative_quantifiers_1,True,False,False,False,32,-53.738624572753906,-53.23988342285156,0
No guest had discussed more than three essays.,No guest had discussed at least three essays.,semantics,quantifiers,superlative_quantifiers_1,True,False,False,False,33,-49.939697265625,-49.360626220703125,0
No patient had talked to more than four teachers.,No patient had talked to at least four teachers.,semantics,quantifiers,superlative_quantifiers_1,True,False,False,False,34,-50.45030212402344,-49.58062744140625,0
No waitress descends fewer than four ladders.,No waitress descends at most four ladders.,semantics,quantifiers,superlative_quantifiers_1,True,False,False,False,35,-61.14586639404297,-65.00740814208984,1
No guest discovers more than nine blouses.,No guest discovers at least nine blouses.,semantics,quantifiers,superlative_quantifiers_1,True,False,False,False,36,-54.106964111328125,-54.145687103271484,1
No slope disturbs more than three men.,No slope disturbs at least three men.,semantics,quantifiers,superlative_quantifiers_1,True,False,False,False,37,-52.35145950317383,-51.231197357177734,0
No guy has helped fewer than seven actresses.,No guy has helped at most seven actresses.,semantics,quantifiers,superlative_quantifiers_1,True,False,False,False,38,-55.8878173828125,-57.57247543334961,1
No guest could wear fewer than three scarves.,No guest could wear at most three scarves.,semantics,quantifiers,superlative_quantifiers_1,True,False,False,False,39,-57.122318267822266,-61.50485610961914,1
No driver climbs up more than five hills.,No driver climbs up at least five hills.,semantics,quantifiers,superlative_quantifiers_1,True,False,False,False,40,-48.94685745239258,-49.53185272216797,1
No commentary had sounded like fewer than nine glaciers.,No commentary had sounded like at most nine glaciers.,semantics,quantifiers,superlative_quantifiers_1,True,False,False,False,41,-67.4696044921875,-71.24314880371094,1
No actress upset fewer than ten waiters.,No actress upset at most ten waiters.,semantics,quantifiers,superlative_quantifiers_1,True,False,False,False,42,-61.027503967285156,-62.609195709228516,1
No girl passes fewer than two college campuses.,No girl passes at most two college campuses.,semantics,quantifiers,superlative_quantifiers_1,True,False,False,False,43,-53.721168518066406,-55.36711120605469,1
No pepper resembles more than two sketches.,No pepper resembles at least two sketches.,semantics,quantifiers,superlative_quantifiers_1,True,False,False,False,44,-50.568058013916016,-51.204490661621094,1
No teacher had arrived at fewer than eight banks.,No teacher had arrived at at most eight banks.,semantics,quantifiers,superlative_quantifiers_1,True,False,False,False,45,-57.69831848144531,-62.97645950317383,1
No child has complained about fewer than nine documentaries.,No child has complained about at most nine documentaries.,semantics,quantifiers,superlative_quantifiers_1,True,False,False,False,46,-57.41960144042969,-62.69819641113281,1
No adult lifts more than two cakes.,No adult lifts at least two cakes.,semantics,quantifiers,superlative_quantifiers_1,True,False,False,False,47,-47.013614654541016,-46.98431396484375,0
No museum might fire more than ten teachers.,No museum might fire at least ten teachers.,semantics,quantifiers,superlative_quantifiers_1,True,False,False,False,48,-54.62115478515625,-57.355403900146484,1
No doctor distracted more than four museums.,No doctor distracted at least four museums.,semantics,quantifiers,superlative_quantifiers_1,True,False,False,False,49,-54.78502655029297,-51.31774139404297,0
No waiter broke fewer than seven forks.,No waiter broke at most seven forks.,semantics,quantifiers,superlative_quantifiers_1,True,False,False,False,50,-55.39965057373047,-59.58882141113281,1
No government listened to fewer than four waitresses.,No government listened to at most four waitresses.,semantics,quantifiers,superlative_quantifiers_1,True,False,False,False,51,-60.99162673950195,-65.78498840332031,1
No boy knew fewer than six guys.,No boy knew at most six guys.,semantics,quantifiers,superlative_quantifiers_1,True,False,False,False,52,-47.75389862060547,-50.52068328857422,1
No painting could embarrass more than five women.,No painting could embarrass at least five women.,semantics,quantifiers,superlative_quantifiers_1,True,False,False,False,53,-55.984458923339844,-54.63481140136719,0
No teacher helped more than eight waiters.,No teacher helped at least eight waiters.,semantics,quantifiers,superlative_quantifiers_1,True,False,False,False,54,-49.219940185546875,-51.285743713378906,1
No lady walked through fewer than ten banks.,No lady walked through at most ten banks.,semantics,quantifiers,superlative_quantifiers_1,True,False,False,False,55,-53.23917007446289,-59.23898696899414,1
No cashier has observed fewer than two waiters.,No cashier has observed at most two waiters.,semantics,quantifiers,superlative_quantifiers_1,True,False,False,False,56,-62.19435119628906,-67.91903686523438,1
No print will look like more than two fish.,No print will look like at least two fish.,semantics,quantifiers,superlative_quantifiers_1,True,False,False,False,57,-50.87129211425781,-48.109649658203125,0
No patient hugged more than five people.,No patient hugged at least five people.,semantics,quantifiers,superlative_quantifiers_1,True,False,False,False,58,-42.984134674072266,-42.552947998046875,0
No fish was looking like more than five drawings.,No fish was looking like at least five drawings.,semantics,quantifiers,superlative_quantifiers_1,True,False,False,False,59,-58.499366760253906,-55.005958557128906,0
No lady might break more than six bikes.,No lady might break at least six bikes.,semantics,quantifiers,superlative_quantifiers_1,True,False,False,False,60,-54.269691467285156,-52.092041015625,0
No hospital had loved fewer than eight patients.,No hospital had loved at most eight patients.,semantics,quantifiers,superlative_quantifiers_1,True,False,False,False,61,-48.518226623535156,-54.72404861450195,1
No boy notices more than seven schools.,No boy notices at least seven schools.,semantics,quantifiers,superlative_quantifiers_1,True,False,False,False,62,-48.70463562011719,-48.704994201660156,1
No customer ran around more than three restaurants.,No customer ran around at least three restaurants.,semantics,quantifiers,superlative_quantifiers_1,True,False,False,False,63,-47.225257873535156,-47.013816833496094,0
No doctor arrived at fewer than nine high schools.,No doctor arrived at at most nine high schools.,semantics,quantifiers,superlative_quantifiers_1,True,False,False,False,64,-54.451194763183594,-59.75798034667969,1
No actress has run around fewer than ten rivers.,No actress has run around at most ten rivers.,semantics,quantifiers,superlative_quantifiers_1,True,False,False,False,65,-61.180084228515625,-66.58333587646484,1
No guy took more than five snakes.,No guy took at least five snakes.,semantics,quantifiers,superlative_quantifiers_1,True,False,False,False,66,-45.309635162353516,-46.57387161254883,1
No person will respect fewer than eight students.,No person will respect at most eight students.,semantics,quantifiers,superlative_quantifiers_1,True,False,False,False,67,-47.972633361816406,-54.74920654296875,1
No committee had boasted about more than six people.,No committee had boasted about at least six people.,semantics,quantifiers,superlative_quantifiers_1,True,False,False,False,68,-52.18385314941406,-51.053646087646484,0
No boy can investigate more than six women.,No boy can investigate at least six women.,semantics,quantifiers,superlative_quantifiers_1,True,False,False,False,69,-49.331764221191406,-48.72698211669922,0
No cashier can love fewer than ten stories.,No cashier can love at most ten stories.,semantics,quantifiers,superlative_quantifiers_1,True,False,False,False,70,-60.77589416503906,-64.87661743164062,1
No teacher is finding fewer than two sketches.,No teacher is finding at most two sketches.,semantics,quantifiers,superlative_quantifiers_1,True,False,False,False,71,-52.71428298950195,-56.65779495239258,1
No carriage does confuse more than seven adults.,No carriage does confuse at least seven adults.,semantics,quantifiers,superlative_quantifiers_1,True,False,False,False,72,-57.77044677734375,-55.41438674926758,0
No committee has fewer than ten blouses.,No committee has at most ten blouses.,semantics,quantifiers,superlative_quantifiers_1,True,False,False,False,73,-49.13423156738281,-55.745277404785156,1
No person is running around fewer than two closets.,No person is running around at most two closets.,semantics,quantifiers,superlative_quantifiers_1,True,False,False,False,74,-55.35862731933594,-58.17742156982422,1
No actor admires more than five candles.,No actor admires at least five candles.,semantics,quantifiers,superlative_quantifiers_1,True,False,False,False,75,-52.819358825683594,-51.5771598815918,0
No patient thought about more than six books.,No patient thought about at least six books.,semantics,quantifiers,superlative_quantifiers_1,True,False,False,False,76,-44.56996154785156,-43.848846435546875,0
No mall disturbed fewer than six men.,No mall disturbed at most six men.,semantics,quantifiers,superlative_quantifiers_1,True,False,False,False,77,-56.27713394165039,-60.175994873046875,1
No teacher has cared for fewer than eight boys.,No teacher has cared for at most eight boys.,semantics,quantifiers,superlative_quantifiers_1,True,False,False,False,78,-51.19713592529297,-54.90260314941406,1
No lady notices fewer than two turtles.,No lady notices at most two turtles.,semantics,quantifiers,superlative_quantifiers_1,True,False,False,False,79,-53.5897216796875,-56.47291564941406,1
No child has worked with more than five waitresses.,No child has worked with at least five waitresses.,semantics,quantifiers,superlative_quantifiers_1,True,False,False,False,80,-54.59162139892578,-54.30625915527344,0
No actress had praised fewer than seven patients.,No actress had praised at most seven patients.,semantics,quantifiers,superlative_quantifiers_1,True,False,False,False,81,-60.88310623168945,-63.67339324951172,1
No cashier examined more than nine plays.,No cashier examined at least nine plays.,semantics,quantifiers,superlative_quantifiers_1,True,False,False,False,82,-57.90302658081055,-58.03245544433594,1
No waiter is observing more than six teenagers.,No waiter is observing at least six teenagers.,semantics,quantifiers,superlative_quantifiers_1,True,False,False,False,83,-50.76628875732422,-50.05683135986328,0
No woman was talking to more than eight customers.,No woman was talking to at least eight customers.,semantics,quantifiers,superlative_quantifiers_1,True,False,False,False,84,-47.146156311035156,-48.270469665527344,1
No patient was firing fewer than seven cashiers.,No patient was firing at most seven cashiers.,semantics,quantifiers,superlative_quantifiers_1,True,False,False,False,85,-61.340057373046875,-63.21976089477539,1
No customer had praised fewer than nine newspaper articles.,No customer had praised at most nine newspaper articles.,semantics,quantifiers,superlative_quantifiers_1,True,False,False,False,86,-66.22044372558594,-67.00215148925781,1
No senator conceals fewer than eight guests.,No senator conceals at most eight guests.,semantics,quantifiers,superlative_quantifiers_1,True,False,False,False,87,-57.20383834838867,-60.81196975708008,1
No student is admiring fewer than ten waitresses.,No student is admiring at most ten waitresses.,semantics,quantifiers,superlative_quantifiers_1,True,False,False,False,88,-65.28125,-67.55868530273438,1
No painting does hurt more than seven doctors.,No painting does hurt at least seven doctors.,semantics,quantifiers,superlative_quantifiers_1,True,False,False,False,89,-54.5340461730957,-53.09519958496094,0
No student should escape from fewer than six public parks.,No student should escape from at most six public parks.,semantics,quantifiers,superlative_quantifiers_1,True,False,False,False,90,-63.197975158691406,-69.11605834960938,1
No lady healed fewer than three ladies.,No lady healed at most three ladies.,semantics,quantifiers,superlative_quantifiers_1,True,False,False,False,91,-50.73004913330078,-54.53113555908203,1
No skateboard had alarmed more than nine boys.,No skateboard had alarmed at least nine boys.,semantics,quantifiers,superlative_quantifiers_1,True,False,False,False,92,-58.938941955566406,-55.33880615234375,0
No teacher cleans fewer than two restaurants.,No teacher cleans at most two restaurants.,semantics,quantifiers,superlative_quantifiers_1,True,False,False,False,93,-52.116580963134766,-52.31843948364258,1
No actor breaks fewer than six forks.,No actor breaks at most six forks.,semantics,quantifiers,superlative_quantifiers_1,True,False,False,False,94,-55.420257568359375,-59.31196975708008,1
No actress was thinking about fewer than six senators.,No actress was thinking about at most six senators.,semantics,quantifiers,superlative_quantifiers_1,True,False,False,False,95,-57.852054595947266,-63.42817687988281,1
No report does alarm fewer than nine banks.,No report does alarm at most nine banks.,semantics,quantifiers,superlative_quantifiers_1,True,False,False,False,96,-59.81380081176758,-62.25174331665039,1
No university had listened to more than ten drivers.,No university had listened to at least ten drivers.,semantics,quantifiers,superlative_quantifiers_1,True,False,False,False,97,-49.482032775878906,-50.435546875,1
No teacher is biking to fewer than seven banks.,No teacher is biking to at most seven banks.,semantics,quantifiers,superlative_quantifiers_1,True,False,False,False,98,-58.10234832763672,-63.34869384765625,1
No adult knows more than two girls.,No adult knows at least two girls.,semantics,quantifiers,superlative_quantifiers_1,True,False,False,False,99,-38.05279541015625,-38.308074951171875,1
No plate has impressed more than two cashiers.,No plate has impressed at least two cashiers.,semantics,quantifiers,superlative_quantifiers_1,True,False,False,False,100,-59.022037506103516,-58.93476104736328,0
No waiter attacks more than six waiters.,No waiter attacks at least six waiters.,semantics,quantifiers,superlative_quantifiers_1,True,False,False,False,101,-54.76255798339844,-55.04768371582031,1
No student had left fewer than two banks.,No student had left at most two banks.,semantics,quantifiers,superlative_quantifiers_1,True,False,False,False,102,-49.72773742675781,-52.32747268676758,1
No patient hired fewer than nine men.,No patient hired at most nine men.,semantics,quantifiers,superlative_quantifiers_1,True,False,False,False,103,-49.466278076171875,-53.74402618408203,1
No bird descends fewer than three hills.,No bird descends at most three hills.,semantics,quantifiers,superlative_quantifiers_1,True,False,False,False,104,-54.58295822143555,-56.463417053222656,1
No woman was criticizing more than seven teenagers.,No woman was criticizing at least seven teenagers.,semantics,quantifiers,superlative_quantifiers_1,True,False,False,False,105,-49.78327560424805,-47.71658706665039,0
No waitress visited fewer than three teenagers.,No waitress visited at most three teenagers.,semantics,quantifiers,superlative_quantifiers_1,True,False,False,False,106,-48.69599914550781,-53.4925651550293,1
No boy researches fewer than six museums.,No boy researches at most six museums.,semantics,quantifiers,superlative_quantifiers_1,True,False,False,False,107,-57.05116271972656,-59.74777603149414,1
No museum was describing more than five ladies.,No museum was describing at least five ladies.,semantics,quantifiers,superlative_quantifiers_1,True,False,False,False,108,-53.49002456665039,-53.30757141113281,0
No dancer likes fewer than eight forks.,No dancer likes at most eight forks.,semantics,quantifiers,superlative_quantifiers_1,True,False,False,False,109,-52.87321853637695,-59.509037017822266,1
No cashier will flee from fewer than four cafes.,No cashier will flee from at most four cafes.,semantics,quantifiers,superlative_quantifiers_1,True,False,False,False,110,-66.175048828125,-71.74433898925781,1
No dancer had run around fewer than seven art galleries.,No dancer had run around at most seven art galleries.,semantics,quantifiers,superlative_quantifiers_1,True,False,False,False,111,-68.75244140625,-70.23422241210938,1
No patient was fixing more than four windows.,No patient was fixing at least four windows.,semantics,quantifiers,superlative_quantifiers_1,True,False,False,False,112,-48.54344940185547,-48.927433013916016,1
No waitress breaks more than six unicycles.,No waitress breaks at least six unicycles.,semantics,quantifiers,superlative_quantifiers_1,True,False,False,False,113,-57.22428512573242,-57.30208206176758,1
No hospital praised fewer than six people.,No hospital praised at most six people.,semantics,quantifiers,superlative_quantifiers_1,True,False,False,False,114,-49.252960205078125,-53.4720458984375,1
No museum can praise fewer than two guys.,No museum can praise at most two guys.,semantics,quantifiers,superlative_quantifiers_1,True,False,False,False,115,-58.48076629638672,-61.30885314941406,1
No lady will argue about more than six people.,No lady will argue about at least six people.,semantics,quantifiers,superlative_quantifiers_1,True,False,False,False,116,-48.62623596191406,-45.388153076171875,0
No child knew more than nine guys.,No child knew at least nine guys.,semantics,quantifiers,superlative_quantifiers_1,True,False,False,False,117,-45.86267852783203,-44.944847106933594,0
No pedestrian has skated around more than three lakes.,No pedestrian has skated around at least three lakes.,semantics,quantifiers,superlative_quantifiers_1,True,False,False,False,118,-58.7000732421875,-59.53037643432617,1
No organization has criticized more than five rivers.,No organization has criticized at least five rivers.,semantics,quantifiers,superlative_quantifiers_1,True,False,False,False,119,-52.06330490112305,-50.09296798706055,0
No child will disgust fewer than four children.,No child will disgust at most four children.,semantics,quantifiers,superlative_quantifiers_1,True,False,False,False,120,-54.30342102050781,-55.98298645019531,1
No museum has impressed fewer than nine senators.,No museum has impressed at most nine senators.,semantics,quantifiers,superlative_quantifiers_1,True,False,False,False,121,-63.51775360107422,-67.02718353271484,1
No teenager will escape from fewer than two college campuses.,No teenager will escape from at most two college campuses.,semantics,quantifiers,superlative_quantifiers_1,True,False,False,False,122,-59.15321350097656,-65.1203842163086,1
No lady can boycott fewer than six governments.,No lady can boycott at most six governments.,semantics,quantifiers,superlative_quantifiers_1,True,False,False,False,123,-58.618900299072266,-63.93953323364258,1
No sketch would irritate more than three actresses.,No sketch would irritate at least three actresses.,semantics,quantifiers,superlative_quantifiers_1,True,False,False,False,124,-58.533084869384766,-57.145530700683594,0
No patient has sounded like more than seven senators.,No patient has sounded like at least seven senators.,semantics,quantifiers,superlative_quantifiers_1,True,False,False,False,125,-57.44664764404297,-55.698883056640625,0
No customer has appreciated more than two dancers.,No customer has appreciated at least two dancers.,semantics,quantifiers,superlative_quantifiers_1,True,False,False,False,126,-51.76287841796875,-50.205352783203125,0
No legislature forgot fewer than four patients.,No legislature forgot at most four patients.,semantics,quantifiers,superlative_quantifiers_1,True,False,False,False,127,-50.820457458496094,-55.40791320800781,1
No actor cured more than five dancers.,No actor cured at least five dancers.,semantics,quantifiers,superlative_quantifiers_1,True,False,False,False,128,-53.44354248046875,-53.059326171875,0
No lady drives to more than five closets.,No lady drives to at least five closets.,semantics,quantifiers,superlative_quantifiers_1,True,False,False,False,129,-53.90129852294922,-54.44743347167969,1
No person is discussing fewer than ten patients.,No person is discussing at most ten patients.,semantics,quantifiers,superlative_quantifiers_1,True,False,False,False,130,-48.937477111816406,-52.31254577636719,1
No waitress worked with more than seven patients.,No waitress worked with at least seven patients.,semantics,quantifiers,superlative_quantifiers_1,True,False,False,False,131,-44.745323181152344,-46.10462188720703,1
No person healed more than five ladies.,No person healed at least five ladies.,semantics,quantifiers,superlative_quantifiers_1,True,False,False,False,132,-44.62193298339844,-44.91333770751953,1
No guest bored more than eight senators.,No guest bored at least eight senators.,semantics,quantifiers,superlative_quantifiers_1,True,False,False,False,133,-58.685646057128906,-55.315242767333984,0
No cashier had lifted more than nine windows.,No cashier had lifted at least nine windows.,semantics,quantifiers,superlative_quantifiers_1,True,False,False,False,134,-60.8089485168457,-60.74237823486328,0
No lamp might upset fewer than three actors.,No lamp might upset at most three actors.,semantics,quantifiers,superlative_quantifiers_1,True,False,False,False,135,-62.79798889160156,-64.1106185913086,1
No woman drove to more than three glaciers.,No woman drove to at least three glaciers.,semantics,quantifiers,superlative_quantifiers_1,True,False,False,False,136,-48.91938018798828,-50.788818359375,1
No organization respects fewer than seven actors.,No organization respects at most seven actors.,semantics,quantifiers,superlative_quantifiers_1,True,False,False,False,137,-50.69059753417969,-54.884063720703125,1
No university is firing more than five senators.,No university is firing at least five senators.,semantics,quantifiers,superlative_quantifiers_1,True,False,False,False,138,-48.41987991333008,-48.73737335205078,1
No adult bikes to fewer than five libraries.,No adult bikes to at most five libraries.,semantics,quantifiers,superlative_quantifiers_1,True,False,False,False,139,-55.294212341308594,-61.447200775146484,1
No actress did cure fewer than eight teachers.,No actress did cure at most eight teachers.,semantics,quantifiers,superlative_quantifiers_1,True,False,False,False,140,-59.21904754638672,-65.03929138183594,1
No guest is firing more than eight women.,No guest is firing at least eight women.,semantics,quantifiers,superlative_quantifiers_1,True,False,False,False,141,-49.10344314575195,-50.12158203125,1
No doctor skates around more than seven malls.,No doctor skates around at least seven malls.,semantics,quantifiers,superlative_quantifiers_1,True,False,False,False,142,-61.24836349487305,-62.24279022216797,1
No guest would work with fewer than seven patients.,No guest would work with at most seven patients.,semantics,quantifiers,superlative_quantifiers_1,True,False,False,False,143,-53.940284729003906,-58.750404357910156,1
No man took fewer than seven malls.,No man took at most seven malls.,semantics,quantifiers,superlative_quantifiers_1,True,False,False,False,144,-52.77215576171875,-55.90008544921875,1
No girl does run around more than six libraries.,No girl does run around at least six libraries.,semantics,quantifiers,superlative_quantifiers_1,True,False,False,False,145,-53.713783264160156,-54.1766357421875,1
No girl references fewer than six teachers.,No girl references at most six teachers.,semantics,quantifiers,superlative_quantifiers_1,True,False,False,False,146,-50.65270233154297,-53.918582916259766,1
No waitress had hidden fewer than nine slopes.,No waitress had hidden at most nine slopes.,semantics,quantifiers,superlative_quantifiers_1,True,False,False,False,147,-62.17827606201172,-65.86723327636719,1
No teacher was messing up more than three plates.,No teacher was messing up at least three plates.,semantics,quantifiers,superlative_quantifiers_1,True,False,False,False,148,-53.24970245361328,-51.57807922363281,0
No adult passes more than three lakes.,No adult passes at least three lakes.,semantics,quantifiers,superlative_quantifiers_1,True,False,False,False,149,-44.99778747558594,-45.10883712768555,1
No lady did talk about fewer than five doctors.,No lady did talk about at most five doctors.,semantics,quantifiers,superlative_quantifiers_1,True,False,False,False,150,-57.37119674682617,-61.69535827636719,1
No actor sees fewer than three trucks.,No actor sees at most three trucks.,semantics,quantifiers,superlative_quantifiers_1,True,False,False,False,151,-50.622833251953125,-55.98175811767578,1
No doctor does forget fewer than four guys.,No doctor does forget at most four guys.,semantics,quantifiers,superlative_quantifiers_1,True,False,False,False,152,-56.21772766113281,-60.26726150512695,1
No print looked like more than eight shawls.,No print looked like at least eight shawls.,semantics,quantifiers,superlative_quantifiers_1,True,False,False,False,153,-59.69512176513672,-58.51078796386719,0
No guy had listened to fewer than eight waitresses.,No guy had listened to at most eight waitresses.,semantics,quantifiers,superlative_quantifiers_1,True,False,False,False,154,-65.85182189941406,-70.79248046875,1
No patient hugs more than six girls.,No patient hugs at least six girls.,semantics,quantifiers,superlative_quantifiers_1,True,False,False,False,155,-46.47398376464844,-45.84601974487305,0
No senator had talked to more than nine customers.,No senator had talked to at least nine customers.,semantics,quantifiers,superlative_quantifiers_1,True,False,False,False,156,-53.75756072998047,-54.367332458496094,1
No person examines more than two reports.,No person examines at least two reports.,semantics,quantifiers,superlative_quantifiers_1,True,False,False,False,157,-43.312522888183594,-42.288536071777344,0
No scarf should look like fewer than ten drawings.,No scarf should look like at most ten drawings.,semantics,quantifiers,superlative_quantifiers_1,True,False,False,False,158,-55.257232666015625,-56.883460998535156,1
No boy would visit fewer than six children.,No boy would visit at most six children.,semantics,quantifiers,superlative_quantifiers_1,True,False,False,False,159,-46.7493896484375,-54.42727279663086,1
No doctor fires fewer than four patients.,No doctor fires at most four patients.,semantics,quantifiers,superlative_quantifiers_1,True,False,False,False,160,-45.490234375,-49.70512390136719,1
No print did look like more than seven pies.,No print did look like at least seven pies.,semantics,quantifiers,superlative_quantifiers_1,True,False,False,False,161,-58.99280548095703,-55.992950439453125,0
No waitress should conceal fewer than ten essays.,No waitress should conceal at most ten essays.,semantics,quantifiers,superlative_quantifiers_1,True,False,False,False,162,-64.11605834960938,-67.77046966552734,1
No driver discovered fewer than nine teenagers.,No driver discovered at most nine teenagers.,semantics,quantifiers,superlative_quantifiers_1,True,False,False,False,163,-49.41093826293945,-54.7019157409668,1
No actress sells more than two screens.,No actress sells at least two screens.,semantics,quantifiers,superlative_quantifiers_1,True,False,False,False,164,-44.698734283447266,-46.621517181396484,1
No rabbit finds fewer than eight banks.,No rabbit finds at most eight banks.,semantics,quantifiers,superlative_quantifiers_1,True,False,False,False,165,-54.35469055175781,-58.1094970703125,1
No senator kisses more than eight guys.,No senator kisses at least eight guys.,semantics,quantifiers,superlative_quantifiers_1,True,False,False,False,166,-47.39558410644531,-47.46000289916992,1
No play is scaring fewer than seven waitresses.,No play is scaring at most seven waitresses.,semantics,quantifiers,superlative_quantifiers_1,True,False,False,False,167,-69.88777160644531,-68.74314880371094,0
No patient had descended more than three hills.,No patient had descended at least three hills.,semantics,quantifiers,superlative_quantifiers_1,True,False,False,False,168,-53.404441833496094,-52.96455383300781,0
No doctor described more than four books.,No doctor described at least four books.,semantics,quantifiers,superlative_quantifiers_1,True,False,False,False,169,-40.7877311706543,-41.216270446777344,1
No waitress was climbing up fewer than ten steps.,No waitress was climbing up at most ten steps.,semantics,quantifiers,superlative_quantifiers_1,True,False,False,False,170,-58.75969314575195,-59.33100128173828,1
No boy is hiding fewer than two adults.,No boy is hiding at most two adults.,semantics,quantifiers,superlative_quantifiers_1,True,False,False,False,171,-48.59292984008789,-51.6337890625,1
No waiter describes fewer than six teachers.,No waiter describes at most six teachers.,semantics,quantifiers,superlative_quantifiers_1,True,False,False,False,172,-52.37079620361328,-57.29644012451172,1
No child brought fewer than nine bananas.,No child brought at most nine bananas.,semantics,quantifiers,superlative_quantifiers_1,True,False,False,False,173,-56.732887268066406,-59.66707992553711,1
No adult will go to more than six museums.,No adult will go to at least six museums.,semantics,quantifiers,superlative_quantifiers_1,True,False,False,False,174,-51.28718566894531,-51.524635314941406,1
No actor loved more than seven children.,No actor loved at least seven children.,semantics,quantifiers,superlative_quantifiers_1,True,False,False,False,175,-43.670684814453125,-45.266727447509766,1
No dancer passes fewer than six grocery stores.,No dancer passes at most six grocery stores.,semantics,quantifiers,superlative_quantifiers_1,True,False,False,False,176,-55.85554504394531,-58.03546905517578,1
No adult knew more than four doctors.,No adult knew at least four doctors.,semantics,quantifiers,superlative_quantifiers_1,True,False,False,False,177,-43.19331359863281,-42.12039566040039,0
No guest dropped by fewer than nine closets.,No guest dropped by at most nine closets.,semantics,quantifiers,superlative_quantifiers_1,True,False,False,False,178,-60.67837142944336,-66.75621032714844,1
No lady will appreciate fewer than eight books.,No lady will appreciate at most eight books.,semantics,quantifiers,superlative_quantifiers_1,True,False,False,False,179,-50.779945373535156,-55.94815444946289,1
No painting astounded fewer than nine libraries.,No painting astounded at most nine libraries.,semantics,quantifiers,superlative_quantifiers_1,True,False,False,False,180,-62.843318939208984,-62.02166748046875,0
No boy will walk through fewer than seven art galleries.,No boy will walk through at most seven art galleries.,semantics,quantifiers,superlative_quantifiers_1,True,False,False,False,181,-61.54383087158203,-64.99508666992188,1
No association had sold more than nine glasses.,No association had sold at least nine glasses.,semantics,quantifiers,superlative_quantifiers_1,True,False,False,False,182,-50.05357360839844,-52.30733108520508,1
No company has discussed more than six people.,No company has discussed at least six people.,semantics,quantifiers,superlative_quantifiers_1,True,False,False,False,183,-40.23516845703125,-39.26697540283203,0
No snake has descended fewer than eight stairs.,No snake has descended at most eight stairs.,semantics,quantifiers,superlative_quantifiers_1,True,False,False,False,184,-60.95337677001953,-63.04671096801758,1
No person is cleaning more than three movie theaters.,No person is cleaning at least three movie theaters.,semantics,quantifiers,superlative_quantifiers_1,True,False,False,False,185,-54.595069885253906,-52.57780456542969,0
No guy walks through fewer than two restaurants.,No guy walks through at most two restaurants.,semantics,quantifiers,superlative_quantifiers_1,True,False,False,False,186,-49.94070053100586,-53.81031799316406,1
No girl might work with fewer than five ladies.,No girl might work with at most five ladies.,semantics,quantifiers,superlative_quantifiers_1,True,False,False,False,187,-52.517845153808594,-60.92288589477539,1
No driver has messed up more than two restaurants.,No driver has messed up at least two restaurants.,semantics,quantifiers,superlative_quantifiers_1,True,False,False,False,188,-46.545372009277344,-44.64341735839844,0
No driver was healing more than three doctors.,No driver was healing at least three doctors.,semantics,quantifiers,superlative_quantifiers_1,True,False,False,False,189,-48.191688537597656,-47.008453369140625,0
No actor did lift fewer than nine boxes.,No actor did lift at most nine boxes.,semantics,quantifiers,superlative_quantifiers_1,True,False,False,False,190,-63.29029083251953,-66.92506408691406,1
No guy is annoying fewer than two universities.,No guy is annoying at most two universities.,semantics,quantifiers,superlative_quantifiers_1,True,False,False,False,191,-56.176719665527344,-55.84158706665039,0
No waiter could buy more than four snakes.,No waiter could buy at least four snakes.,semantics,quantifiers,superlative_quantifiers_1,True,False,False,False,192,-49.506378173828125,-49.727516174316406,1
No hospital talked about fewer than nine dancers.,No hospital talked about at most nine dancers.,semantics,quantifiers,superlative_quantifiers_1,True,False,False,False,193,-58.612972259521484,-63.14918518066406,1
No bank had disliked more than eight waiters.,No bank had disliked at least eight waiters.,semantics,quantifiers,superlative_quantifiers_1,True,False,False,False,194,-60.213253021240234,-59.753910064697266,0
No driver had investigated more than eight children.,No driver had investigated at least eight children.,semantics,quantifiers,superlative_quantifiers_1,True,False,False,False,195,-50.272003173828125,-49.31252670288086,0
No dancer hugged fewer than ten waiters.,No dancer hugged at most ten waiters.,semantics,quantifiers,superlative_quantifiers_1,True,False,False,False,196,-58.795528411865234,-62.686073303222656,1
No student had biked to fewer than five schools.,No student had biked to at most five schools.,semantics,quantifiers,superlative_quantifiers_1,True,False,False,False,197,-61.65473556518555,-65.8966064453125,1
No print had worried more than six students.,No print had worried at least six students.,semantics,quantifiers,superlative_quantifiers_1,True,False,False,False,198,-56.194114685058594,-53.18351745605469,0
No student does look like more than eight sketches.,No student does look like at least eight sketches.,semantics,quantifiers,superlative_quantifiers_1,True,False,False,False,199,-52.9808349609375,-50.128997802734375,0
No waitress can climb up more than two steps.,No waitress can climb up at least two steps.,semantics,quantifiers,superlative_quantifiers_1,True,False,False,False,200,-52.78864288330078,-51.10450744628906,0
No pedestrian did see fewer than ten girls.,No pedestrian did see at most ten girls.,semantics,quantifiers,superlative_quantifiers_1,True,False,False,False,201,-57.645408630371094,-62.655765533447266,1
No dancer had fixed fewer than three screens.,No dancer had fixed at most three screens.,semantics,quantifiers,superlative_quantifiers_1,True,False,False,False,202,-59.856685638427734,-63.13800811767578,1
No guest is fixing more than ten planes.,No guest is fixing at least ten planes.,semantics,quantifiers,superlative_quantifiers_1,True,False,False,False,203,-49.918724060058594,-52.41935729980469,1
No child was listening to fewer than three patients.,No child was listening to at most three patients.,semantics,quantifiers,superlative_quantifiers_1,True,False,False,False,204,-50.35408020019531,-55.33988571166992,1
No dancer cures fewer than two dogs.,No dancer cures at most two dogs.,semantics,quantifiers,superlative_quantifiers_1,True,False,False,False,205,-52.316993713378906,-57.94557189941406,1
No senator does fix more than nine unicycles.,No senator does fix at least nine unicycles.,semantics,quantifiers,superlative_quantifiers_1,True,False,False,False,206,-66.84070587158203,-65.93164825439453,0
No mouth disturbed more than nine guests.,No mouth disturbed at least nine guests.,semantics,quantifiers,superlative_quantifiers_1,True,False,False,False,207,-52.178306579589844,-50.494178771972656,0
No plane did impress more than nine schools.,No plane did impress at least nine schools.,semantics,quantifiers,superlative_quantifiers_1,True,False,False,False,208,-56.28697967529297,-54.16631317138672,0
No person was researching more than nine banks.,No person was researching at least nine banks.,semantics,quantifiers,superlative_quantifiers_1,True,False,False,False,209,-49.06520462036133,-49.109622955322266,1
No boy remembered fewer than four high schools.,No boy remembered at most four high schools.,semantics,quantifiers,superlative_quantifiers_1,True,False,False,False,210,-52.651458740234375,-54.666015625,1
No man cares for more than ten women.,No man cares for at least ten women.,semantics,quantifiers,superlative_quantifiers_1,True,False,False,False,211,-41.181488037109375,-42.32617950439453,1
No college campus can distract fewer than seven girls.,No college campus can distract at most seven girls.,semantics,quantifiers,superlative_quantifiers_1,True,False,False,False,212,-64.37077331542969,-68.70965576171875,1
No customer descends more than three hills.,No customer descends at least three hills.,semantics,quantifiers,superlative_quantifiers_1,True,False,False,False,213,-53.764259338378906,-54.856746673583984,1
No adult questions fewer than nine committees.,No adult questions at most nine committees.,semantics,quantifiers,superlative_quantifiers_1,True,False,False,False,214,-52.02880859375,-52.27093505859375,1
No waiter was helping fewer than eight children.,No waiter was helping at most eight children.,semantics,quantifiers,superlative_quantifiers_1,True,False,False,False,215,-52.11613082885742,-56.43357849121094,1
No patient cleans fewer than six public parks.,No patient cleans at most six public parks.,semantics,quantifiers,superlative_quantifiers_1,True,False,False,False,216,-63.18647766113281,-62.66197967529297,0
No patient has annoyed more than eight schools.,No patient has annoyed at least eight schools.,semantics,quantifiers,superlative_quantifiers_1,True,False,False,False,217,-56.609859466552734,-51.192466735839844,0
No book upset fewer than two adults.,No book upset at most two adults.,semantics,quantifiers,superlative_quantifiers_1,True,False,False,False,218,-50.276771545410156,-52.49724578857422,1
No newspaper article looks like more than six pictures.,No newspaper article looks like at least six pictures.,semantics,quantifiers,superlative_quantifiers_1,True,False,False,False,219,-51.25714111328125,-49.73106384277344,0
No hospital did have fewer than eight boxes.,No hospital did have at most eight boxes.,semantics,quantifiers,superlative_quantifiers_1,True,False,False,False,220,-53.00593948364258,-60.11650085449219,1
No girl approached more than two women.,No girl approached at least two women.,semantics,quantifiers,superlative_quantifiers_1,True,False,False,False,221,-40.916954040527344,-42.448978424072266,1
No fish was boring more than two dancers.,No fish was boring at least two dancers.,semantics,quantifiers,superlative_quantifiers_1,True,False,False,False,222,-55.7106819152832,-50.95365524291992,0
No bicycle was stunning more than four waiters.,No bicycle was stunning at least four waiters.,semantics,quantifiers,superlative_quantifiers_1,True,False,False,False,223,-59.909908294677734,-56.17903137207031,0
No actor explored fewer than eight high schools.,No actor explored at most eight high schools.,semantics,quantifiers,superlative_quantifiers_1,True,False,False,False,224,-58.223358154296875,-62.43974304199219,1
No museum remembered fewer than three boys.,No museum remembered at most three boys.,semantics,quantifiers,superlative_quantifiers_1,True,False,False,False,225,-53.676082611083984,-56.81755065917969,1
No guest might go to fewer than nine banks.,No guest might go to at most nine banks.,semantics,quantifiers,superlative_quantifiers_1,True,False,False,False,226,-59.04792022705078,-63.7357177734375,1
No convertible is confusing more than two waitresses.,No convertible is confusing at least two waitresses.,semantics,quantifiers,superlative_quantifiers_1,True,False,False,False,227,-63.155052185058594,-58.76564025878906,0
No dancer had cleaned fewer than four cups.,No dancer had cleaned at most four cups.,semantics,quantifiers,superlative_quantifiers_1,True,False,False,False,228,-60.69210433959961,-65.1283950805664,1
No boy might descend fewer than five slopes.,No boy might descend at most five slopes.,semantics,quantifiers,superlative_quantifiers_1,True,False,False,False,229,-62.28153991699219,-65.35850524902344,1
No senator argued about fewer than three newspaper articles.,No senator argued about at most three newspaper articles.,semantics,quantifiers,superlative_quantifiers_1,True,False,False,False,230,-60.01738739013672,-64.37296295166016,1
No committee had hired fewer than four doctors.,No committee had hired at most four doctors.,semantics,quantifiers,superlative_quantifiers_1,True,False,False,False,231,-50.256103515625,-56.04609680175781,1
No adult had brought more than six hills.,No adult had brought at least six hills.,semantics,quantifiers,superlative_quantifiers_1,True,False,False,False,232,-53.994300842285156,-53.79734420776367,0
No bank will hurt fewer than five actresses.,No bank will hurt at most five actresses.,semantics,quantifiers,superlative_quantifiers_1,True,False,False,False,233,-57.609710693359375,-61.17603302001953,1
No newspaper article is embarrassing fewer than two actresses.,No newspaper article is embarrassing at most two actresses.,semantics,quantifiers,superlative_quantifiers_1,True,False,False,False,234,-62.83203125,-63.513832092285156,1
No woman can escape from more than six college campuses.,No woman can escape from at least six college campuses.,semantics,quantifiers,superlative_quantifiers_1,True,False,False,False,235,-54.08482360839844,-53.712249755859375,0
No school is embarrassing more than five guys.,No school is embarrassing at least five guys.,semantics,quantifiers,superlative_quantifiers_1,True,False,False,False,236,-48.639320373535156,-44.30741882324219,0
No doctor was complaining about fewer than five books.,No doctor was complaining about at most five books.,semantics,quantifiers,superlative_quantifiers_1,True,False,False,False,237,-51.379886627197266,-56.35699462890625,1
No senator was hiding fewer than five gloves.,No senator was hiding at most five gloves.,semantics,quantifiers,superlative_quantifiers_1,True,False,False,False,238,-59.82563400268555,-61.177490234375,1
No cashier sells fewer than six cafes.,No cashier sells at most six cafes.,semantics,quantifiers,superlative_quantifiers_1,True,False,False,False,239,-55.647178649902344,-57.986541748046875,1
No man was biking to more than four cafes.,No man was biking to at least four cafes.,semantics,quantifiers,superlative_quantifiers_1,True,False,False,False,240,-55.417808532714844,-57.7456169128418,1
No lady describes more than five reports.,No lady describes at least five reports.,semantics,quantifiers,superlative_quantifiers_1,True,False,False,False,241,-45.47236633300781,-46.48664855957031,1
No man hugs more than three drivers.,No man hugs at least three drivers.,semantics,quantifiers,superlative_quantifiers_1,True,False,False,False,242,-47.528465270996094,-47.21991729736328,0
No story alarmed more than four waiters.,No story alarmed at least four waiters.,semantics,quantifiers,superlative_quantifiers_1,True,False,False,False,243,-59.38513946533203,-53.86455535888672,0
No teacher had lifted fewer than ten malls.,No teacher had lifted at most ten malls.,semantics,quantifiers,superlative_quantifiers_1,True,False,False,False,244,-60.58988571166992,-63.16033172607422,1
No adult had kissed fewer than six children.,No adult had kissed at most six children.,semantics,quantifiers,superlative_quantifiers_1,True,False,False,False,245,-53.51032257080078,-58.63206481933594,1
No carriage should alarm fewer than four actresses.,No carriage should alarm at most four actresses.,semantics,quantifiers,superlative_quantifiers_1,True,False,False,False,246,-63.16473388671875,-66.91410827636719,1
No teacher is noticing fewer than nine hats.,No teacher is noticing at most nine hats.,semantics,quantifiers,superlative_quantifiers_1,True,False,False,False,247,-55.788734436035156,-60.38398742675781,1
No man does attack more than eight guests.,No man does attack at least eight guests.,semantics,quantifiers,superlative_quantifiers_1,True,False,False,False,248,-52.168846130371094,-51.36160659790039,0
No guy brought fewer than four snakes.,No guy brought at most four snakes.,semantics,quantifiers,superlative_quantifiers_1,True,False,False,False,249,-53.771766662597656,-55.80424118041992,1
No guy investigates fewer than three guys.,No guy investigates at most three guys.,semantics,quantifiers,superlative_quantifiers_1,True,False,False,False,250,-50.8385009765625,-54.23054885864258,1
No guy was taking more than three sketches.,No guy was taking at least three sketches.,semantics,quantifiers,superlative_quantifiers_1,True,False,False,False,251,-46.67433166503906,-47.26073455810547,1
No bird scares more than nine associations.,No bird scares at least nine associations.,semantics,quantifiers,superlative_quantifiers_1,True,False,False,False,252,-52.11799240112305,-52.52326202392578,1
No person had boycotted fewer than ten mountains.,No person had boycotted at most ten mountains.,semantics,quantifiers,superlative_quantifiers_1,True,False,False,False,253,-74.85763549804688,-78.44410705566406,1
No waiter messed up more than five schools.,No waiter messed up at least five schools.,semantics,quantifiers,superlative_quantifiers_1,True,False,False,False,254,-49.91926574707031,-49.0740966796875,0
No patient had scanned fewer than eight essays.,No patient had scanned at most eight essays.,semantics,quantifiers,superlative_quantifiers_1,True,False,False,False,255,-60.1452522277832,-62.26299285888672,1
No man was visiting more than five people.,No man was visiting at least five people.,semantics,quantifiers,superlative_quantifiers_1,True,False,False,False,256,-40.26544189453125,-40.25755310058594,0
No senator drops by more than four grocery stores.,No senator drops by at least four grocery stores.,semantics,quantifiers,superlative_quantifiers_1,True,False,False,False,257,-56.205299377441406,-57.19267272949219,1
No actor heals fewer than nine waitresses.,No actor heals at most nine waitresses.,semantics,quantifiers,superlative_quantifiers_1,True,False,False,False,258,-64.23576354980469,-67.64498901367188,1
No guest scanned more than seven documentaries.,No guest scanned at least seven documentaries.,semantics,quantifiers,superlative_quantifiers_1,True,False,False,False,259,-52.18442153930664,-51.880184173583984,0
No guy had appreciated fewer than ten restaurants.,No guy had appreciated at most ten restaurants.,semantics,quantifiers,superlative_quantifiers_1,True,False,False,False,260,-57.29110336303711,-58.947227478027344,1
No student had discovered more than seven documentaries.,No student had discovered at least seven documentaries.,semantics,quantifiers,superlative_quantifiers_1,True,False,False,False,261,-49.28894805908203,-49.17109298706055,0
No child describes fewer than eight guys.,No child describes at most eight guys.,semantics,quantifiers,superlative_quantifiers_1,True,False,False,False,262,-52.028663635253906,-56.862457275390625,1
No actor sounded like more than nine essays.,No actor sounded like at least nine essays.,semantics,quantifiers,superlative_quantifiers_1,True,False,False,False,263,-53.08277893066406,-52.25029373168945,0
No actor should clean more than five couches.,No actor should clean at least five couches.,semantics,quantifiers,superlative_quantifiers_1,True,False,False,False,264,-59.33158493041992,-56.101566314697266,0
No doctor had cured fewer than eight drivers.,No doctor had cured at most eight drivers.,semantics,quantifiers,superlative_quantifiers_1,True,False,False,False,265,-55.20988845825195,-60.20771026611328,1
No school discussed fewer than nine rivers.,No school discussed at most nine rivers.,semantics,quantifiers,superlative_quantifiers_1,True,False,False,False,266,-54.28048324584961,-57.01266098022461,1
No woman has revealed fewer than nine rugs.,No woman has revealed at most nine rugs.,semantics,quantifiers,superlative_quantifiers_1,True,False,False,False,267,-54.36869812011719,-59.58989715576172,1
No teacher can drive to more than seven museums.,No teacher can drive to at least seven museums.,semantics,quantifiers,superlative_quantifiers_1,True,False,False,False,268,-54.27741241455078,-54.65787124633789,1
No customer hated fewer than eight customers.,No customer hated at most eight customers.,semantics,quantifiers,superlative_quantifiers_1,True,False,False,False,269,-48.406044006347656,-52.36768341064453,1
No waitress saw more than two waitresses.,No waitress saw at least two waitresses.,semantics,quantifiers,superlative_quantifiers_1,True,False,False,False,270,-51.5043830871582,-50.930885314941406,0
No hamster was stunning more than five dancers.,No hamster was stunning at least five dancers.,semantics,quantifiers,superlative_quantifiers_1,True,False,False,False,271,-65.05572509765625,-60.66162109375,0
No driver boycotts fewer than seven cafes.,No driver boycotts at most seven cafes.,semantics,quantifiers,superlative_quantifiers_1,True,False,False,False,272,-64.27197265625,-67.5311508178711,1
No company is admiring more than nine planes.,No company is admiring at least nine planes.,semantics,quantifiers,superlative_quantifiers_1,True,False,False,False,273,-55.647953033447266,-54.27291488647461,0
No driver was fixing fewer than five wheelbarrows.,No driver was fixing at most five wheelbarrows.,semantics,quantifiers,superlative_quantifiers_1,True,False,False,False,274,-64.78012084960938,-68.40751647949219,1
No actor runs around more than ten public parks.,No actor runs around at least ten public parks.,semantics,quantifiers,superlative_quantifiers_1,True,False,False,False,275,-59.93097686767578,-61.182701110839844,1
No senator had concealed fewer than two women.,No senator had concealed at most two women.,semantics,quantifiers,superlative_quantifiers_1,True,False,False,False,276,-54.906959533691406,-60.166988372802734,1
No doctor hated fewer than five commentaries.,No doctor hated at most five commentaries.,semantics,quantifiers,superlative_quantifiers_1,True,False,False,False,277,-55.224754333496094,-60.010231018066406,1
No lady can love fewer than six students.,No lady can love at most six students.,semantics,quantifiers,superlative_quantifiers_1,True,False,False,False,278,-53.24363708496094,-58.14590072631836,1
No bird had resembled fewer than ten pictures.,No bird had resembled at most ten pictures.,semantics,quantifiers,superlative_quantifiers_1,True,False,False,False,279,-61.23041915893555,-65.73690795898438,1
No actress was returning to more than four waitresses.,No actress was returning to at least four waitresses.,semantics,quantifiers,superlative_quantifiers_1,True,False,False,False,280,-60.03419494628906,-61.38298034667969,1
No teenager conceals fewer than six waiters.,No teenager conceals at most six waiters.,semantics,quantifiers,superlative_quantifiers_1,True,False,False,False,281,-61.834617614746094,-65.90054321289062,1
No committee can reference more than four teenagers.,No committee can reference at least four teenagers.,semantics,quantifiers,superlative_quantifiers_1,True,False,False,False,282,-51.5306396484375,-54.188385009765625,1
No association knew fewer than three boys.,No association knew at most three boys.,semantics,quantifiers,superlative_quantifiers_1,True,False,False,False,283,-51.44818878173828,-53.01780319213867,1
No lady can bike to more than three public parks.,No lady can bike to at least three public parks.,semantics,quantifiers,superlative_quantifiers_1,True,False,False,False,284,-61.174705505371094,-60.38848114013672,0
No government had respected fewer than seven hospitals.,No government had respected at most seven hospitals.,semantics,quantifiers,superlative_quantifiers_1,True,False,False,False,285,-54.46989440917969,-56.87091827392578,1
No university buys fewer than five glaciers.,No university buys at most five glaciers.,semantics,quantifiers,superlative_quantifiers_1,True,False,False,False,286,-53.8425407409668,-59.22381591796875,1
No waitress had talked about more than six actresses.,No waitress had talked about at least six actresses.,semantics,quantifiers,superlative_quantifiers_1,True,False,False,False,287,-54.473350524902344,-54.55473709106445,1
No hospital was firing more than two doctors.,No hospital was firing at least two doctors.,semantics,quantifiers,superlative_quantifiers_1,True,False,False,False,288,-45.14912414550781,-45.20478820800781,1
No person went to more than two glaciers.,No person went to at least two glaciers.,semantics,quantifiers,superlative_quantifiers_1,True,False,False,False,289,-46.98204040527344,-46.71680450439453,0
No customer had helped more than ten guys.,No customer had helped at least ten guys.,semantics,quantifiers,superlative_quantifiers_1,True,False,False,False,290,-47.491188049316406,-48.72130584716797,1
No boy boycotts more than nine movie theaters.,No boy boycotts at least nine movie theaters.,semantics,quantifiers,superlative_quantifiers_1,True,False,False,False,291,-62.692352294921875,-62.9630126953125,1
No print worried more than eight museums.,No print worried at least eight museums.,semantics,quantifiers,superlative_quantifiers_1,True,False,False,False,292,-59.48728942871094,-53.65716552734375,0
No driver skated around fewer than nine malls.,No driver skated around at most nine malls.,semantics,quantifiers,superlative_quantifiers_1,True,False,False,False,293,-67.06266784667969,-69.64430236816406,1
No newspaper article sounded like fewer than ten glaciers.,No newspaper article sounded like at most ten glaciers.,semantics,quantifiers,superlative_quantifiers_1,True,False,False,False,294,-65.18406677246094,-70.81442260742188,1
No cashier ascended fewer than four steps.,No cashier ascended at most four steps.,semantics,quantifiers,superlative_quantifiers_1,True,False,False,False,295,-58.584320068359375,-61.646728515625,1
No child should mess up more than four couches.,No child should mess up at least four couches.,semantics,quantifiers,superlative_quantifiers_1,True,False,False,False,296,-54.535491943359375,-52.71635437011719,0
No pedestrian is visiting fewer than six guys.,No pedestrian is visiting at most six guys.,semantics,quantifiers,superlative_quantifiers_1,True,False,False,False,297,-56.48677444458008,-60.119075775146484,1
No student fixed fewer than six planes.,No student fixed at most six planes.,semantics,quantifiers,superlative_quantifiers_1,True,False,False,False,298,-52.37167739868164,-56.61514663696289,1
No library helps more than eight adults.,No library helps at least eight adults.,semantics,quantifiers,superlative_quantifiers_1,True,False,False,False,299,-41.1630973815918,-40.18997573852539,0
No actor has researched more than three rivers.,No actor has researched at least three rivers.,semantics,quantifiers,superlative_quantifiers_1,True,False,False,False,300,-51.18750762939453,-51.20928192138672,1
No fork did hurt fewer than ten women.,No fork did hurt at most ten women.,semantics,quantifiers,superlative_quantifiers_1,True,False,False,False,301,-60.66602325439453,-63.33974075317383,1
No school criticizes more than two movie theaters.,No school criticizes at least two movie theaters.,semantics,quantifiers,superlative_quantifiers_1,True,False,False,False,302,-53.68949890136719,-52.99453353881836,0
No waiter has researched fewer than nine movies.,No waiter has researched at most nine movies.,semantics,quantifiers,superlative_quantifiers_1,True,False,False,False,303,-54.35428237915039,-58.457271575927734,1
No student did see more than three teenagers.,No student did see at least three teenagers.,semantics,quantifiers,superlative_quantifiers_1,True,False,False,False,304,-45.790199279785156,-43.756065368652344,0
No senator is bringing fewer than eight college campuses.,No senator is bringing at most eight college campuses.,semantics,quantifiers,superlative_quantifiers_1,True,False,False,False,305,-58.5700569152832,-62.04119873046875,1
No student was concealing more than three people.,No student was concealing at least three people.,semantics,quantifiers,superlative_quantifiers_1,True,False,False,False,306,-46.46499252319336,-46.018218994140625,0
No waitress has helped more than five adults.,No waitress has helped at least five adults.,semantics,quantifiers,superlative_quantifiers_1,True,False,False,False,307,-46.146636962890625,-47.69347381591797,1
No university had hired more than four teachers.,No university had hired at least four teachers.,semantics,quantifiers,superlative_quantifiers_1,True,False,False,False,308,-41.710838317871094,-44.50483703613281,1
No customer will heal fewer than six guys.,No customer will heal at most six guys.,semantics,quantifiers,superlative_quantifiers_1,True,False,False,False,309,-53.02617645263672,-57.320465087890625,1
No committee was upsetting fewer than two museums.,No committee was upsetting at most two museums.,semantics,quantifiers,superlative_quantifiers_1,True,False,False,False,310,-59.70615005493164,-57.344512939453125,0
No child complains about more than seven men.,No child complains about at least seven men.,semantics,quantifiers,superlative_quantifiers_1,True,False,False,False,311,-44.41316223144531,-44.008628845214844,0
No photograph did annoy more than five people.,No photograph did annoy at least five people.,semantics,quantifiers,superlative_quantifiers_1,True,False,False,False,312,-52.71894836425781,-50.240074157714844,0
No person did impress fewer than three museums.,No person did impress at most three museums.,semantics,quantifiers,superlative_quantifiers_1,True,False,False,False,313,-58.57891845703125,-58.598575592041016,1
No waitress sounded like more than six guests.,No waitress sounded like at least six guests.,semantics,quantifiers,superlative_quantifiers_1,True,False,False,False,314,-46.4820671081543,-46.01316833496094,0
No guest does break fewer than three forks.,No guest does break at most three forks.,semantics,quantifiers,superlative_quantifiers_1,True,False,False,False,315,-58.581565856933594,-60.88997268676758,1
No waitress hides more than ten sketches.,No waitress hides at least ten sketches.,semantics,quantifiers,superlative_quantifiers_1,True,False,False,False,316,-48.9285774230957,-50.47771072387695,1
No eye has annoyed fewer than five patients.,No eye has annoyed at most five patients.,semantics,quantifiers,superlative_quantifiers_1,True,False,False,False,317,-57.183250427246094,-57.95216751098633,1
No lady climbed down more than seven stairs.,No lady climbed down at least seven stairs.,semantics,quantifiers,superlative_quantifiers_1,True,False,False,False,318,-52.189605712890625,-50.42341232299805,0
No boy healed fewer than seven ladies.,No boy healed at most seven ladies.,semantics,quantifiers,superlative_quantifiers_1,True,False,False,False,319,-54.115150451660156,-57.9483528137207,1
No guest admired more than four drawings.,No guest admired at least four drawings.,semantics,quantifiers,superlative_quantifiers_1,True,False,False,False,320,-51.28622817993164,-49.05432891845703,0
No student is describing fewer than six schools.,No student is describing at most six schools.,semantics,quantifiers,superlative_quantifiers_1,True,False,False,False,321,-51.264686584472656,-54.07574462890625,1
No company remembered fewer than nine cafes.,No company remembered at most nine cafes.,semantics,quantifiers,superlative_quantifiers_1,True,False,False,False,322,-56.600616455078125,-58.792823791503906,1
No driver was scanning fewer than seven movies.,No driver was scanning at most seven movies.,semantics,quantifiers,superlative_quantifiers_1,True,False,False,False,323,-54.67902755737305,-56.266456604003906,1
No door was stunning fewer than three waitresses.,No door was stunning at most three waitresses.,semantics,quantifiers,superlative_quantifiers_1,True,False,False,False,324,-64.99012756347656,-63.072601318359375,0
No hospital embarrassed more than six associations.,No hospital embarrassed at least six associations.,semantics,quantifiers,superlative_quantifiers_1,True,False,False,False,325,-54.87825393676758,-52.033409118652344,0
No man should approach fewer than three boys.,No man should approach at most three boys.,semantics,quantifiers,superlative_quantifiers_1,True,False,False,False,326,-50.57350158691406,-56.08513259887695,1
No mall aggravated fewer than eight dancers.,No mall aggravated at most eight dancers.,semantics,quantifiers,superlative_quantifiers_1,True,False,False,False,327,-63.34438705444336,-67.80132293701172,1
No guest has discovered fewer than three movies.,No guest has discovered at most three movies.,semantics,quantifiers,superlative_quantifiers_1,True,False,False,False,328,-48.452903747558594,-53.69789505004883,1
No teenager was biking to more than seven malls.,No teenager was biking to at least seven malls.,semantics,quantifiers,superlative_quantifiers_1,True,False,False,False,329,-58.72261047363281,-60.847251892089844,1
No pedestrian does heal fewer than five teenagers.,No pedestrian does heal at most five teenagers.,semantics,quantifiers,superlative_quantifiers_1,True,False,False,False,330,-61.27006530761719,-65.980224609375,1
No senator has passed fewer than five hills.,No senator has passed at most five hills.,semantics,quantifiers,superlative_quantifiers_1,True,False,False,False,331,-52.87327194213867,-59.42731475830078,1
No waitress sold fewer than two turtles.,No waitress sold at most two turtles.,semantics,quantifiers,superlative_quantifiers_1,True,False,False,False,332,-53.2453727722168,-57.00360870361328,1
No woman had admired fewer than three coats.,No woman had admired at most three coats.,semantics,quantifiers,superlative_quantifiers_1,True,False,False,False,333,-57.671913146972656,-59.06451416015625,1
No guest might fix fewer than six bikes.,No guest might fix at most six bikes.,semantics,quantifiers,superlative_quantifiers_1,True,False,False,False,334,-62.91944122314453,-67.1485824584961,1
No government did conceal more than two books.,No government did conceal at least two books.,semantics,quantifiers,superlative_quantifiers_1,True,False,False,False,335,-50.887290954589844,-50.27716827392578,0
No hamster has annoyed fewer than seven museums.,No hamster has annoyed at most seven museums.,semantics,quantifiers,superlative_quantifiers_1,True,False,False,False,336,-72.49130249023438,-71.5016860961914,0
No woman left fewer than seven cafes.,No woman left at most seven cafes.,semantics,quantifiers,superlative_quantifiers_1,True,False,False,False,337,-52.79832458496094,-55.47705841064453,1
No company appreciates more than eight books.,No company appreciates at least eight books.,semantics,quantifiers,superlative_quantifiers_1,True,False,False,False,338,-43.069435119628906,-44.045501708984375,1
No window has alarmed fewer than eight organizations.,No window has alarmed at most eight organizations.,semantics,quantifiers,superlative_quantifiers_1,True,False,False,False,339,-60.83856201171875,-62.53681945800781,1
No student is firing fewer than three drivers.,No student is firing at most three drivers.,semantics,quantifiers,superlative_quantifiers_1,True,False,False,False,340,-50.82218551635742,-54.904273986816406,1
No library insults fewer than eight women.,No library insults at most eight women.,semantics,quantifiers,superlative_quantifiers_1,True,False,False,False,341,-55.6468505859375,-57.81156539916992,1
No teenager noticed fewer than two people.,No teenager noticed at most two people.,semantics,quantifiers,superlative_quantifiers_1,True,False,False,False,342,-45.42307662963867,-49.538822174072266,1
No pedestrian had dropped by fewer than two art galleries.,No pedestrian had dropped by at most two art galleries.,semantics,quantifiers,superlative_quantifiers_1,True,False,False,False,343,-65.82010650634766,-69.17186737060547,1
No mall has looked like fewer than seven prints.,No mall has looked like at most seven prints.,semantics,quantifiers,superlative_quantifiers_1,True,False,False,False,344,-63.154056549072266,-66.33964538574219,1
No actress did run around fewer than ten mountains.,No actress did run around at most ten mountains.,semantics,quantifiers,superlative_quantifiers_1,True,False,False,False,345,-66.17333984375,-70.24055480957031,1
No adult had confused fewer than five teenagers.,No adult had confused at most five teenagers.,semantics,quantifiers,superlative_quantifiers_1,True,False,False,False,346,-56.724365234375,-60.61629104614258,1
No pedestrian had approached fewer than five drivers.,No pedestrian had approached at most five drivers.,semantics,quantifiers,superlative_quantifiers_1,True,False,False,False,347,-59.090476989746094,-62.25281524658203,1
No guy is exploring more than three cafes.,No guy is exploring at least three cafes.,semantics,quantifiers,superlative_quantifiers_1,True,False,False,False,348,-50.04310607910156,-51.26933288574219,1
No company had sold fewer than ten dresses.,No company had sold at most ten dresses.,semantics,quantifiers,superlative_quantifiers_1,True,False,False,False,349,-52.950138092041016,-57.807186126708984,1
No senator observed fewer than ten guests.,No senator observed at most ten guests.,semantics,quantifiers,superlative_quantifiers_1,True,False,False,False,350,-54.66463088989258,-57.825111389160156,1
No teacher loves fewer than six senators.,No teacher loves at most six senators.,semantics,quantifiers,superlative_quantifiers_1,True,False,False,False,351,-48.6532096862793,-54.53510284423828,1
No cashier sold more than seven rabbits.,No cashier sold at least seven rabbits.,semantics,quantifiers,superlative_quantifiers_1,True,False,False,False,352,-54.54695129394531,-55.028167724609375,1
No company took fewer than six stairs.,No company took at most six stairs.,semantics,quantifiers,superlative_quantifiers_1,True,False,False,False,353,-53.08454132080078,-57.40439987182617,1
No teenager would see more than seven schools.,No teenager would see at least seven schools.,semantics,quantifiers,superlative_quantifiers_1,True,False,False,False,354,-45.78936004638672,-42.88588333129883,0
No waiter hires more than five guys.,No waiter hires at least five guys.,semantics,quantifiers,superlative_quantifiers_1,True,False,False,False,355,-44.2811279296875,-46.508968353271484,1
No convertible has confused fewer than four girls.,No convertible has confused at most four girls.,semantics,quantifiers,superlative_quantifiers_1,True,False,False,False,356,-60.804237365722656,-63.643524169921875,1
No fish broke more than eight bikes.,No fish broke at least eight bikes.,semantics,quantifiers,superlative_quantifiers_1,True,False,False,False,357,-49.340545654296875,-47.88258361816406,0
No pedestrian does clean fewer than six movie theaters.,No pedestrian does clean at most six movie theaters.,semantics,quantifiers,superlative_quantifiers_1,True,False,False,False,358,-69.53759002685547,-70.20498657226562,1
No woman broke more than nine cars.,No woman broke at least nine cars.,semantics,quantifiers,superlative_quantifiers_1,True,False,False,False,359,-46.768089294433594,-48.57063674926758,1
No adult skates around more than nine college campuses.,No adult skates around at least nine college campuses.,semantics,quantifiers,superlative_quantifiers_1,True,False,False,False,360,-58.377281188964844,-59.060970306396484,1
No person had returned to fewer than five children.,No person had returned to at most five children.,semantics,quantifiers,superlative_quantifiers_1,True,False,False,False,361,-50.342323303222656,-57.73520278930664,1
No adult does forget fewer than four newspaper articles.,No adult does forget at most four newspaper articles.,semantics,quantifiers,superlative_quantifiers_1,True,False,False,False,362,-62.80375289916992,-67.43230438232422,1
No lady should kiss fewer than five waitresses.,No lady should kiss at most five waitresses.,semantics,quantifiers,superlative_quantifiers_1,True,False,False,False,363,-63.503944396972656,-68.02876281738281,1
No lady is hugging fewer than seven adults.,No lady is hugging at most seven adults.,semantics,quantifiers,superlative_quantifiers_1,True,False,False,False,364,-54.78062438964844,-57.51252746582031,1
No customer was appreciating fewer than six children.,No customer was appreciating at most six children.,semantics,quantifiers,superlative_quantifiers_1,True,False,False,False,365,-56.10877990722656,-57.26100158691406,1
No hamster has disturbed more than four cashiers.,No hamster has disturbed at least four cashiers.,semantics,quantifiers,superlative_quantifiers_1,True,False,False,False,366,-65.761962890625,-67.62533569335938,1
No doctor embarrassed more than five museums.,No doctor embarrassed at least five museums.,semantics,quantifiers,superlative_quantifiers_1,True,False,False,False,367,-55.06896209716797,-50.59297561645508,0
No cat was ascending more than four ladders.,No cat was ascending at least four ladders.,semantics,quantifiers,superlative_quantifiers_1,True,False,False,False,368,-60.06269073486328,-58.935394287109375,0
No teenager had fixed more than two mirrors.,No teenager had fixed at least two mirrors.,semantics,quantifiers,superlative_quantifiers_1,True,False,False,False,369,-52.550758361816406,-51.03996276855469,0
No lady took fewer than eight photographs.,No lady took at most eight photographs.,semantics,quantifiers,superlative_quantifiers_1,True,False,False,False,370,-51.740577697753906,-55.58386993408203,1
No person fixes more than three planes.,No person fixes at least three planes.,semantics,quantifiers,superlative_quantifiers_1,True,False,False,False,371,-42.7225341796875,-44.64441680908203,1
No driver listens to more than five waitresses.,No driver listens to at least five waitresses.,semantics,quantifiers,superlative_quantifiers_1,True,False,False,False,372,-55.94647216796875,-56.24272537231445,1
No library was discussing more than eight dancers.,No library was discussing at least eight dancers.,semantics,quantifiers,superlative_quantifiers_1,True,False,False,False,373,-53.27810287475586,-52.467315673828125,0
No senator has sounded like more than seven boys.,No senator has sounded like at least seven boys.,semantics,quantifiers,superlative_quantifiers_1,True,False,False,False,374,-53.82015609741211,-53.076416015625,0
No person has praised more than four dancers.,No person has praised at least four dancers.,semantics,quantifiers,superlative_quantifiers_1,True,False,False,False,375,-50.106075286865234,-49.17002868652344,0
No pedestrian has loved fewer than three guests.,No pedestrian has loved at most three guests.,semantics,quantifiers,superlative_quantifiers_1,True,False,False,False,376,-54.55344772338867,-59.14808654785156,1
No driver cleans fewer than six lamps.,No driver cleans at most six lamps.,semantics,quantifiers,superlative_quantifiers_1,True,False,False,False,377,-56.50353240966797,-58.59015655517578,1
No senator skated around fewer than two high schools.,No senator skated around at most two high schools.,semantics,quantifiers,superlative_quantifiers_1,True,False,False,False,378,-64.64862060546875,-69.22372436523438,1
No vase does look like fewer than nine prints.,No vase does look like at most nine prints.,semantics,quantifiers,superlative_quantifiers_1,True,False,False,False,379,-59.98816680908203,-64.13580322265625,1
No actress investigates fewer than three ladies.,No actress investigates at most three ladies.,semantics,quantifiers,superlative_quantifiers_1,True,False,False,False,380,-54.31060791015625,-58.80973434448242,1
No picture is impressing more than four banks.,No picture is impressing at least four banks.,semantics,quantifiers,superlative_quantifiers_1,True,False,False,False,381,-55.328792572021484,-52.08881759643555,0
No waiter has admired fewer than nine couches.,No waiter has admired at most nine couches.,semantics,quantifiers,superlative_quantifiers_1,True,False,False,False,382,-60.60981750488281,-64.53056335449219,1
No student would clean fewer than three rugs.,No student would clean at most three rugs.,semantics,quantifiers,superlative_quantifiers_1,True,False,False,False,383,-57.47950744628906,-58.481937408447266,1
No girl was scanning more than five documentaries.,No girl was scanning at least five documentaries.,semantics,quantifiers,superlative_quantifiers_1,True,False,False,False,384,-50.565059661865234,-51.782859802246094,1
No woman has run around fewer than eight restaurants.,No woman has run around at most eight restaurants.,semantics,quantifiers,superlative_quantifiers_1,True,False,False,False,385,-55.840232849121094,-59.88810348510742,1
No glove can look like more than ten photographs.,No glove can look like at least ten photographs.,semantics,quantifiers,superlative_quantifiers_1,True,False,False,False,386,-53.22682189941406,-50.780616760253906,0
No guy does talk to fewer than two drivers.,No guy does talk to at most two drivers.,semantics,quantifiers,superlative_quantifiers_1,True,False,False,False,387,-53.59580993652344,-58.555564880371094,1
No sketch has bothered fewer than four doctors.,No sketch has bothered at most four doctors.,semantics,quantifiers,superlative_quantifiers_1,True,False,False,False,388,-61.74305725097656,-64.88690948486328,1
No waitress breaks fewer than eight computers.,No waitress breaks at most eight computers.,semantics,quantifiers,superlative_quantifiers_1,True,False,False,False,389,-53.599464416503906,-58.150978088378906,1
No doctor is disturbing more than two customers.,No doctor is disturbing at least two customers.,semantics,quantifiers,superlative_quantifiers_1,True,False,False,False,390,-49.6362190246582,-46.56678009033203,0
No student forgot fewer than seven children.,No student forgot at most seven children.,semantics,quantifiers,superlative_quantifiers_1,True,False,False,False,391,-48.30834197998047,-53.224117279052734,1
No guy was admiring more than two forks.,No guy was admiring at least two forks.,semantics,quantifiers,superlative_quantifiers_1,True,False,False,False,392,-53.287803649902344,-51.524131774902344,0
No woman exited more than seven college campuses.,No woman exited at least seven college campuses.,semantics,quantifiers,superlative_quantifiers_1,True,False,False,False,393,-54.19779968261719,-54.045711517333984,0
No patient was working with fewer than ten children.,No patient was working with at most ten children.,semantics,quantifiers,superlative_quantifiers_1,True,False,False,False,394,-46.87094497680664,-53.98171615600586,1
No guy concealed more than two ladies.,No guy concealed at least two ladies.,semantics,quantifiers,superlative_quantifiers_1,True,False,False,False,395,-47.48488998413086,-45.8021354675293,0
No drawing looks like more than eight drivers.,No drawing looks like at least eight drivers.,semantics,quantifiers,superlative_quantifiers_1,True,False,False,False,396,-52.095314025878906,-50.78398132324219,0
No girl climbed up more than five stairs.,No girl climbed up at least five stairs.,semantics,quantifiers,superlative_quantifiers_1,True,False,False,False,397,-47.11560821533203,-46.24047088623047,0
No senator fled from fewer than seven people.,No senator fled from at most seven people.,semantics,quantifiers,superlative_quantifiers_1,True,False,False,False,398,-53.620689392089844,-58.95668029785156,1
No senator was breaking more than three windows.,No senator was breaking at least three windows.,semantics,quantifiers,superlative_quantifiers_1,True,False,False,False,399,-52.708702087402344,-52.016510009765625,0
No government had concealed fewer than eight adults.,No government had concealed at most eight adults.,semantics,quantifiers,superlative_quantifiers_1,True,False,False,False,400,-55.30031967163086,-60.64431381225586,1
No teacher escapes from more than ten closets.,No teacher escapes from at least ten closets.,semantics,quantifiers,superlative_quantifiers_1,True,False,False,False,401,-51.039031982421875,-52.342525482177734,1
No guy was investigating more than eight legislatures.,No guy was investigating at least eight legislatures.,semantics,quantifiers,superlative_quantifiers_1,True,False,False,False,402,-54.525821685791016,-53.28055191040039,0
No shirt had looked like more than two drawings.,No shirt had looked like at least two drawings.,semantics,quantifiers,superlative_quantifiers_1,True,False,False,False,403,-53.161720275878906,-50.33263397216797,0
No teenager should think about fewer than eight bananas.,No teenager should think about at most eight bananas.,semantics,quantifiers,superlative_quantifiers_1,True,False,False,False,404,-59.86317443847656,-66.91015625,1
No actress is breaking more than nine skateboards.,No actress is breaking at least nine skateboards.,semantics,quantifiers,superlative_quantifiers_1,True,False,False,False,405,-58.49934768676758,-57.52956008911133,0
No library did know more than three dancers.,No library did know at least three dancers.,semantics,quantifiers,superlative_quantifiers_1,True,False,False,False,406,-51.628501892089844,-48.94031524658203,0
No doctor can help fewer than three actors.,No doctor can help at most three actors.,semantics,quantifiers,superlative_quantifiers_1,True,False,False,False,407,-50.134613037109375,-52.4964599609375,1
No man visits fewer than six people.,No man visits at most six people.,semantics,quantifiers,superlative_quantifiers_1,True,False,False,False,408,-42.41063690185547,-47.52656555175781,1
No lady has biked to more than ten cafes.,No lady has biked to at least ten cafes.,semantics,quantifiers,superlative_quantifiers_1,True,False,False,False,409,-60.451744079589844,-61.93769836425781,1
No patient had broken fewer than nine trucks.,No patient had broken at most nine trucks.,semantics,quantifiers,superlative_quantifiers_1,True,False,False,False,410,-55.509666442871094,-60.63822937011719,1
No driver tours more than five schools.,No driver tours at least five schools.,semantics,quantifiers,superlative_quantifiers_1,True,False,False,False,411,-47.85616683959961,-47.59441375732422,0
No boy had watched more than ten doctors.,No boy had watched at least ten doctors.,semantics,quantifiers,superlative_quantifiers_1,True,False,False,False,412,-48.825836181640625,-48.41476821899414,0
No mall could distract fewer than six people.,No mall could distract at most six people.,semantics,quantifiers,superlative_quantifiers_1,True,False,False,False,413,-57.34498977661133,-61.222660064697266,1
No girl was dropping by fewer than five college campuses.,No girl was dropping by at most five college campuses.,semantics,quantifiers,superlative_quantifiers_1,True,False,False,False,414,-58.74180221557617,-63.83610534667969,1
No woman climbed down more than six stairs.,No woman climbed down at least six stairs.,semantics,quantifiers,superlative_quantifiers_1,True,False,False,False,415,-50.69152069091797,-49.37419128417969,0
No cashier bikes to more than eight libraries.,No cashier bikes to at least eight libraries.,semantics,quantifiers,superlative_quantifiers_1,True,False,False,False,416,-59.31371307373047,-60.89199447631836,1
No student was noticing more than four socks.,No student was noticing at least four socks.,semantics,quantifiers,superlative_quantifiers_1,True,False,False,False,417,-54.09592819213867,-52.20819091796875,0
No waiter has bought more than six dresses.,No waiter has bought at least six dresses.,semantics,quantifiers,superlative_quantifiers_1,True,False,False,False,418,-45.5725212097168,-47.847686767578125,1
No university talks to more than three children.,No university talks to at least three children.,semantics,quantifiers,superlative_quantifiers_1,True,False,False,False,419,-41.76909637451172,-42.399662017822266,1
No dancer cleans fewer than five shoes.,No dancer cleans at most five shoes.,semantics,quantifiers,superlative_quantifiers_1,True,False,False,False,420,-56.654720306396484,-60.871551513671875,1
No doctor respects more than seven girls.,No doctor respects at least seven girls.,semantics,quantifiers,superlative_quantifiers_1,True,False,False,False,421,-46.65409469604492,-47.00334930419922,1
No doctor worked with more than eight guys.,No doctor worked with at least eight guys.,semantics,quantifiers,superlative_quantifiers_1,True,False,False,False,422,-45.56156539916992,-45.86219024658203,1
No window has bothered more than six committees.,No window has bothered at least six committees.,semantics,quantifiers,superlative_quantifiers_1,True,False,False,False,423,-54.585899353027344,-56.2388801574707,1
No customer was fixing fewer than four bicycles.,No customer was fixing at most four bicycles.,semantics,quantifiers,superlative_quantifiers_1,True,False,False,False,424,-57.51383590698242,-61.24955749511719,1
No university might boast about fewer than five actors.,No university might boast about at most five actors.,semantics,quantifiers,superlative_quantifiers_1,True,False,False,False,425,-58.34519577026367,-65.42723083496094,1
No patient hid fewer than nine banks.,No patient hid at most nine banks.,semantics,quantifiers,superlative_quantifiers_1,True,False,False,False,426,-53.62546920776367,-56.037254333496094,1
No person can scan more than two stories.,No person can scan at least two stories.,semantics,quantifiers,superlative_quantifiers_1,True,False,False,False,427,-43.6054801940918,-43.388633728027344,0
No photograph was looking like fewer than two boys.,No photograph was looking like at most two boys.,semantics,quantifiers,superlative_quantifiers_1,True,False,False,False,428,-57.33274459838867,-60.9881591796875,1
No teacher explored more than three museums.,No teacher explored at least three museums.,semantics,quantifiers,superlative_quantifiers_1,True,False,False,False,429,-46.568077087402344,-48.10344314575195,1
No print has looked like more than five prints.,No print has looked like at least five prints.,semantics,quantifiers,superlative_quantifiers_1,True,False,False,False,430,-50.42155456542969,-48.71556854248047,0
No child examines fewer than nine plays.,No child examines at most nine plays.,semantics,quantifiers,superlative_quantifiers_1,True,False,False,False,431,-56.094425201416016,-59.39881134033203,1
No person could boycott fewer than four rivers.,No person could boycott at most four rivers.,semantics,quantifiers,superlative_quantifiers_1,True,False,False,False,432,-55.72235870361328,-61.80300521850586,1
No teacher drives to fewer than nine hospitals.,No teacher drives to at most nine hospitals.,semantics,quantifiers,superlative_quantifiers_1,True,False,False,False,433,-54.458499908447266,-59.13600540161133,1
No actor has cleaned more than nine cars.,No actor has cleaned at least nine cars.,semantics,quantifiers,superlative_quantifiers_1,True,False,False,False,434,-53.08804702758789,-55.10003662109375,1
No man toured more than eight schools.,No man toured at least eight schools.,semantics,quantifiers,superlative_quantifiers_1,True,False,False,False,435,-47.04269027709961,-48.76214599609375,1
No guy might drive to more than eight hills.,No guy might drive to at least eight hills.,semantics,quantifiers,superlative_quantifiers_1,True,False,False,False,436,-57.84823226928711,-57.08876037597656,0
No adult did scan more than nine newspaper articles.,No adult did scan at least nine newspaper articles.,semantics,quantifiers,superlative_quantifiers_1,True,False,False,False,437,-61.601131439208984,-63.41547393798828,1
No actor is watching fewer than four pedestrians.,No actor is watching at most four pedestrians.,semantics,quantifiers,superlative_quantifiers_1,True,False,False,False,438,-56.13935852050781,-60.27129364013672,1
No man might think about fewer than seven committees.,No man might think about at most seven committees.,semantics,quantifiers,superlative_quantifiers_1,True,False,False,False,439,-60.52239227294922,-63.384239196777344,1
No woman is exploring fewer than ten museums.,No woman is exploring at most ten museums.,semantics,quantifiers,superlative_quantifiers_1,True,False,False,False,440,-55.39854431152344,-59.277130126953125,1
No person had fixed fewer than six glasses.,No person had fixed at most six glasses.,semantics,quantifiers,superlative_quantifiers_1,True,False,False,False,441,-52.80958938598633,-57.66434097290039,1
No boy has thought about more than five pies.,No boy has thought about at least five pies.,semantics,quantifiers,superlative_quantifiers_1,True,False,False,False,442,-54.113731384277344,-51.8911018371582,0
No guest observes more than four children.,No guest observes at least four children.,semantics,quantifiers,superlative_quantifiers_1,True,False,False,False,443,-44.50556564331055,-42.97532272338867,0
No teacher boasts about more than ten movies.,No teacher boasts about at least ten movies.,semantics,quantifiers,superlative_quantifiers_1,True,False,False,False,444,-50.387916564941406,-51.46729278564453,1
No actress fixes fewer than six forks.,No actress fixes at most six forks.,semantics,quantifiers,superlative_quantifiers_1,True,False,False,False,445,-58.77002716064453,-63.29286193847656,1
No boy is disgusting more than nine students.,No boy is disgusting at least nine students.,semantics,quantifiers,superlative_quantifiers_1,True,False,False,False,446,-55.34598159790039,-50.11349868774414,0
No actor had noticed fewer than nine lakes.,No actor had noticed at most nine lakes.,semantics,quantifiers,superlative_quantifiers_1,True,False,False,False,447,-60.38652801513672,-64.619384765625,1
No museum was taking more than four planes.,No museum was taking at least four planes.,semantics,quantifiers,superlative_quantifiers_1,True,False,False,False,448,-47.371620178222656,-48.70588684082031,1
No man returned to fewer than three ladies.,No man returned to at most three ladies.,semantics,quantifiers,superlative_quantifiers_1,True,False,False,False,449,-50.57925033569336,-56.78040313720703,1
No waiter was messing up fewer than two restaurants.,No waiter was messing up at most two restaurants.,semantics,quantifiers,superlative_quantifiers_1,True,False,False,False,450,-54.24016571044922,-52.764625549316406,0
No grocery store upset fewer than six girls.,No grocery store upset at most six girls.,semantics,quantifiers,superlative_quantifiers_1,True,False,False,False,451,-57.07077407836914,-61.11143112182617,1
No company works with fewer than two women.,No company works with at most two women.,semantics,quantifiers,superlative_quantifiers_1,True,False,False,False,452,-45.17512512207031,-53.21611022949219,1
No teenager descends more than seven slopes.,No teenager descends at least seven slopes.,semantics,quantifiers,superlative_quantifiers_1,True,False,False,False,453,-56.58238983154297,-56.60480880737305,1
No organization buys fewer than eight chairs.,No organization buys at most eight chairs.,semantics,quantifiers,superlative_quantifiers_1,True,False,False,False,454,-50.652748107910156,-55.58468246459961,1
No guy was concealing fewer than five pedestrians.,No guy was concealing at most five pedestrians.,semantics,quantifiers,superlative_quantifiers_1,True,False,False,False,455,-61.227783203125,-64.29180908203125,1
No horse does ascend more than four hills.,No horse does ascend at least four hills.,semantics,quantifiers,superlative_quantifiers_1,True,False,False,False,456,-54.996097564697266,-52.53641128540039,0
No pedestrian brought fewer than nine doors.,No pedestrian brought at most nine doors.,semantics,quantifiers,superlative_quantifiers_1,True,False,False,False,457,-56.628822326660156,-58.21314239501953,1
No customer would kiss fewer than three actors.,No customer would kiss at most three actors.,semantics,quantifiers,superlative_quantifiers_1,True,False,False,False,458,-57.590728759765625,-61.32115173339844,1
No guest might care for more than nine guests.,No guest might care for at least nine guests.,semantics,quantifiers,superlative_quantifiers_1,True,False,False,False,459,-53.51377487182617,-51.84749984741211,0
No pedestrian had taken more than ten dishes.,No pedestrian had taken at least ten dishes.,semantics,quantifiers,superlative_quantifiers_1,True,False,False,False,460,-50.241783142089844,-51.75982666015625,1
No man will drive to more than two closets.,No man will drive to at least two closets.,semantics,quantifiers,superlative_quantifiers_1,True,False,False,False,461,-51.910804748535156,-51.44390869140625,0
No driver questioned more than ten waitresses.,No driver questioned at least ten waitresses.,semantics,quantifiers,superlative_quantifiers_1,True,False,False,False,462,-56.315711975097656,-56.64215850830078,1
No public park has looked like more than five drawings.,No public park has looked like at least five drawings.,semantics,quantifiers,superlative_quantifiers_1,True,False,False,False,463,-61.16505432128906,-59.680999755859375,0
No senator can know more than two dancers.,No senator can know at least two dancers.,semantics,quantifiers,superlative_quantifiers_1,True,False,False,False,464,-56.27478790283203,-53.60393524169922,0
No doctor can exit fewer than two art galleries.,No doctor can exit at most two art galleries.,semantics,quantifiers,superlative_quantifiers_1,True,False,False,False,465,-62.675392150878906,-62.50959014892578,0
No lady had listened to fewer than five actresses.,No lady had listened to at most five actresses.,semantics,quantifiers,superlative_quantifiers_1,True,False,False,False,466,-57.72958755493164,-62.53881072998047,1
No cat descended more than eight ladders.,No cat descended at least eight ladders.,semantics,quantifiers,superlative_quantifiers_1,True,False,False,False,467,-55.789710998535156,-55.83451461791992,1
No teacher was lifting more than five public parks.,No teacher was lifting at least five public parks.,semantics,quantifiers,superlative_quantifiers_1,True,False,False,False,468,-57.210575103759766,-56.89266586303711,0
No patient was exiting more than six public parks.,No patient was exiting at least six public parks.,semantics,quantifiers,superlative_quantifiers_1,True,False,False,False,469,-58.014625549316406,-57.3634033203125,0
No cashier should talk about fewer than ten schools.,No cashier should talk about at most ten schools.,semantics,quantifiers,superlative_quantifiers_1,True,False,False,False,470,-62.63953399658203,-65.53369140625,1
No patient is boasting about fewer than five men.,No patient is boasting about at most five men.,semantics,quantifiers,superlative_quantifiers_1,True,False,False,False,471,-58.9996337890625,-67.55654907226562,1
No lady watched more than six doctors.,No lady watched at least six doctors.,semantics,quantifiers,superlative_quantifiers_1,True,False,False,False,472,-45.65922927856445,-45.21183776855469,0
No actor was scanning more than four movies.,No actor was scanning at least four movies.,semantics,quantifiers,superlative_quantifiers_1,True,False,False,False,473,-49.48594284057617,-49.64820861816406,1
No waitress had cleaned more than ten forks.,No waitress had cleaned at least ten forks.,semantics,quantifiers,superlative_quantifiers_1,True,False,False,False,474,-54.194068908691406,-55.938720703125,1
No teacher should fire fewer than four waitresses.,No teacher should fire at most four waitresses.,semantics,quantifiers,superlative_quantifiers_1,True,False,False,False,475,-61.91503143310547,-69.10330200195312,1
No boy was talking about more than three drivers.,No boy was talking about at least three drivers.,semantics,quantifiers,superlative_quantifiers_1,True,False,False,False,476,-46.379722595214844,-45.502357482910156,0
No patient hires fewer than four waiters.,No patient hires at most four waiters.,semantics,quantifiers,superlative_quantifiers_1,True,False,False,False,477,-57.12992858886719,-60.085975646972656,1
No school is taking fewer than seven doors.,No school is taking at most seven doors.,semantics,quantifiers,superlative_quantifiers_1,True,False,False,False,478,-49.78129959106445,-53.242469787597656,1
No legislature does respect fewer than two hills.,No legislature does respect at most two hills.,semantics,quantifiers,superlative_quantifiers_1,True,False,False,False,479,-59.380252838134766,-62.080196380615234,1
No driver had fixed more than ten mirrors.,No driver had fixed at least ten mirrors.,semantics,quantifiers,superlative_quantifiers_1,True,False,False,False,480,-50.6843147277832,-51.231689453125,1
No senator will hug fewer than eight men.,No senator will hug at most eight men.,semantics,quantifiers,superlative_quantifiers_1,True,False,False,False,481,-54.82561492919922,-60.573055267333984,1
No girl would respect more than four ladies.,No girl would respect at least four ladies.,semantics,quantifiers,superlative_quantifiers_1,True,False,False,False,482,-46.0156135559082,-45.72124481201172,0
No waiter attacked fewer than nine men.,No waiter attacked at most nine men.,semantics,quantifiers,superlative_quantifiers_1,True,False,False,False,483,-50.27165603637695,-54.93744659423828,1
No senator was admiring fewer than nine snakes.,No senator was admiring at most nine snakes.,semantics,quantifiers,superlative_quantifiers_1,True,False,False,False,484,-64.07066345214844,-66.1909408569336,1
No cashier has cleaned fewer than eight couches.,No cashier has cleaned at most eight couches.,semantics,quantifiers,superlative_quantifiers_1,True,False,False,False,485,-62.567996978759766,-67.27349853515625,1
No girl had cleaned more than two apples.,No girl had cleaned at least two apples.,semantics,quantifiers,superlative_quantifiers_1,True,False,False,False,486,-50.13423156738281,-50.31242370605469,1
No pedestrian is biking to more than five schools.,No pedestrian is biking to at least five schools.,semantics,quantifiers,superlative_quantifiers_1,True,False,False,False,487,-53.43688201904297,-55.53299331665039,1
No senator researched more than nine mountains.,No senator researched at least nine mountains.,semantics,quantifiers,superlative_quantifiers_1,True,False,False,False,488,-56.161373138427734,-56.06886291503906,0
No glacier is confusing more than four adults.,No glacier is confusing at least four adults.,semantics,quantifiers,superlative_quantifiers_1,True,False,False,False,489,-56.952880859375,-52.50381088256836,0
No eggplant stunned fewer than two ladies.,No eggplant stunned at most two ladies.,semantics,quantifiers,superlative_quantifiers_1,True,False,False,False,490,-64.1129150390625,-66.3771743774414,1
No teacher is describing fewer than six rivers.,No teacher is describing at most six rivers.,semantics,quantifiers,superlative_quantifiers_1,True,False,False,False,491,-57.306610107421875,-60.919097900390625,1
No horse is ascending more than two slopes.,No horse is ascending at least two slopes.,semantics,quantifiers,superlative_quantifiers_1,True,False,False,False,492,-54.57158660888672,-51.795318603515625,0
No teenager has irritated more than four guests.,No teenager has irritated at least four guests.,semantics,quantifiers,superlative_quantifiers_1,True,False,False,False,493,-52.548831939697266,-49.67947769165039,0
No driver had revealed more than five planes.,No driver had revealed at least five planes.,semantics,quantifiers,superlative_quantifiers_1,True,False,False,False,494,-47.45185852050781,-46.716758728027344,0
No girl has more than eight casseroles.,No girl has at least eight casseroles.,semantics,quantifiers,superlative_quantifiers_1,True,False,False,False,495,-44.50014877319336,-45.03852081298828,1
No lady is returning to more than four girls.,No lady is returning to at least four girls.,semantics,quantifiers,superlative_quantifiers_1,True,False,False,False,496,-46.03892517089844,-48.0787467956543,1
No man fixes fewer than two plates.,No man fixes at most two plates.,semantics,quantifiers,superlative_quantifiers_1,True,False,False,False,497,-51.90660095214844,-54.21297073364258,1
No waiter examines more than five plays.,No waiter examines at least five plays.,semantics,quantifiers,superlative_quantifiers_1,True,False,False,False,498,-51.006568908691406,-50.61112976074219,0
No student has argued about more than ten newspaper articles.,No student has argued about at least ten newspaper articles.,semantics,quantifiers,superlative_quantifiers_1,True,False,False,False,499,-56.347476959228516,-56.18769073486328,0
No company might dislike more than ten books.,No company might dislike at least ten books.,semantics,quantifiers,superlative_quantifiers_1,True,False,False,False,500,-48.41345977783203,-49.04597854614258,1
No boy should heal fewer than eight turtles.,No boy should heal at most eight turtles.,semantics,quantifiers,superlative_quantifiers_1,True,False,False,False,501,-58.88987731933594,-63.003662109375,1
No museum had praised more than six men.,No museum had praised at least six men.,semantics,quantifiers,superlative_quantifiers_1,True,False,False,False,502,-53.45293045043945,-53.395484924316406,0
No boy flees from fewer than ten boys.,No boy flees from at most ten boys.,semantics,quantifiers,superlative_quantifiers_1,True,False,False,False,503,-54.871337890625,-62.326419830322266,1
No guest fixes fewer than nine trucks.,No guest fixes at most nine trucks.,semantics,quantifiers,superlative_quantifiers_1,True,False,False,False,504,-56.85798645019531,-59.122581481933594,1
No legislature had loved fewer than six stories.,No legislature had loved at most six stories.,semantics,quantifiers,superlative_quantifiers_1,True,False,False,False,505,-55.226600646972656,-61.24199676513672,1
No lady wears more than six shirts.,No lady wears at least six shirts.,semantics,quantifiers,superlative_quantifiers_1,True,False,False,False,506,-43.44208908081055,-45.563411712646484,1
No bird is climbing up more than ten slopes.,No bird is climbing up at least ten slopes.,semantics,quantifiers,superlative_quantifiers_1,True,False,False,False,507,-54.112213134765625,-54.65858459472656,1
No customer passed fewer than seven college campuses.,No customer passed at most seven college campuses.,semantics,quantifiers,superlative_quantifiers_1,True,False,False,False,508,-54.50796127319336,-57.4447021484375,1
No student has disliked fewer than four closets.,No student has disliked at most four closets.,semantics,quantifiers,superlative_quantifiers_1,True,False,False,False,509,-58.65776443481445,-62.21604919433594,1
No man forgets fewer than eight essays.,No man forgets at most eight essays.,semantics,quantifiers,superlative_quantifiers_1,True,False,False,False,510,-56.55550765991211,-57.949012756347656,1
No girl is examining fewer than four stories.,No girl is examining at most four stories.,semantics,quantifiers,superlative_quantifiers_1,True,False,False,False,511,-50.93413543701172,-53.812374114990234,1
No cashier sold more than three cars.,No cashier sold at least three cars.,semantics,quantifiers,superlative_quantifiers_1,True,False,False,False,512,-45.37371826171875,-46.55320739746094,1
No cashier boycotts fewer than five universities.,No cashier boycotts at most five universities.,semantics,quantifiers,superlative_quantifiers_1,True,False,False,False,513,-62.731529235839844,-65.95672607421875,1
No organization can talk to fewer than nine pedestrians.,No organization can talk to at most nine pedestrians.,semantics,quantifiers,superlative_quantifiers_1,True,False,False,False,514,-59.48285675048828,-64.48736572265625,1
No boy is curing more than four adults.,No boy is curing at least four adults.,semantics,quantifiers,superlative_quantifiers_1,True,False,False,False,515,-49.90785217285156,-49.004859924316406,0
No skirt might embarrass fewer than five actors.,No skirt might embarrass at most five actors.,semantics,quantifiers,superlative_quantifiers_1,True,False,False,False,516,-61.93751525878906,-63.57909393310547,1
No bike has bothered more than seven adults.,No bike has bothered at least seven adults.,semantics,quantifiers,superlative_quantifiers_1,True,False,False,False,517,-51.73964309692383,-52.87041473388672,1
No senator might escape from more than eight senators.,No senator might escape from at least eight senators.,semantics,quantifiers,superlative_quantifiers_1,True,False,False,False,518,-56.56977081298828,-56.726768493652344,1
No dancer had hidden more than five actresses.,No dancer had hidden at least five actresses.,semantics,quantifiers,superlative_quantifiers_1,True,False,False,False,519,-54.60301208496094,-55.44866180419922,1
No person did watch fewer than six children.,No person did watch at most six children.,semantics,quantifiers,superlative_quantifiers_1,True,False,False,False,520,-51.985721588134766,-57.21382141113281,1
No woman did cure fewer than seven horses.,No woman did cure at most seven horses.,semantics,quantifiers,superlative_quantifiers_1,True,False,False,False,521,-56.601661682128906,-61.49557876586914,1
No girl watches fewer than ten adults.,No girl watches at most ten adults.,semantics,quantifiers,superlative_quantifiers_1,True,False,False,False,522,-47.022254943847656,-50.24768829345703,1
No hamster ascends fewer than four slopes.,No hamster ascends at most four slopes.,semantics,quantifiers,superlative_quantifiers_1,True,False,False,False,523,-64.49661254882812,-65.83544921875,1
No plate was scaring more than six girls.,No plate was scaring at least six girls.,semantics,quantifiers,superlative_quantifiers_1,True,False,False,False,524,-51.582862854003906,-50.577701568603516,0
No student was ascending fewer than five hills.,No student was ascending at most five hills.,semantics,quantifiers,superlative_quantifiers_1,True,False,False,False,525,-61.05293273925781,-63.84700012207031,1
No person passes fewer than three museums.,No person passes at most three museums.,semantics,quantifiers,superlative_quantifiers_1,True,False,False,False,526,-48.65047836303711,-50.983070373535156,1
No lady questions fewer than six men.,No lady questions at most six men.,semantics,quantifiers,superlative_quantifiers_1,True,False,False,False,527,-49.85717010498047,-51.38127899169922,1
No man hugs fewer than seven senators.,No man hugs at most seven senators.,semantics,quantifiers,superlative_quantifiers_1,True,False,False,False,528,-55.20759582519531,-57.35771179199219,1
No woman has skated around fewer than five glaciers.,No woman has skated around at most five glaciers.,semantics,quantifiers,superlative_quantifiers_1,True,False,False,False,529,-67.83485412597656,-72.03158569335938,1
No patient lifted fewer than nine eyes.,No patient lifted at most nine eyes.,semantics,quantifiers,superlative_quantifiers_1,True,False,False,False,530,-55.58998107910156,-59.002662658691406,1
No waitress was listening to more than four students.,No waitress was listening to at least four students.,semantics,quantifiers,superlative_quantifiers_1,True,False,False,False,531,-47.34642791748047,-49.761680603027344,1
No child has admired fewer than four socks.,No child has admired at most four socks.,semantics,quantifiers,superlative_quantifiers_1,True,False,False,False,532,-57.58913803100586,-61.555877685546875,1
No customer fired more than six children.,No customer fired at least six children.,semantics,quantifiers,superlative_quantifiers_1,True,False,False,False,533,-45.201812744140625,-46.189910888671875,1
No doctor is talking to more than five actresses.,No doctor is talking to at least five actresses.,semantics,quantifiers,superlative_quantifiers_1,True,False,False,False,534,-51.90674591064453,-51.658164978027344,0
No driver could clean fewer than seven restaurants.,No driver could clean at most seven restaurants.,semantics,quantifiers,superlative_quantifiers_1,True,False,False,False,535,-58.47574996948242,-58.73539733886719,1
No man boasts about fewer than eight adults.,No man boasts about at most eight adults.,semantics,quantifiers,superlative_quantifiers_1,True,False,False,False,536,-56.687110900878906,-64.35032653808594,1
No pedestrian can know more than eight men.,No pedestrian can know at least eight men.,semantics,quantifiers,superlative_quantifiers_1,True,False,False,False,537,-55.153411865234375,-52.185890197753906,0
No student has sold more than six restaurants.,No student has sold at least six restaurants.,semantics,quantifiers,superlative_quantifiers_1,True,False,False,False,538,-42.57832336425781,-44.06897735595703,1
No man cleans more than four casseroles.,No man cleans at least four casseroles.,semantics,quantifiers,superlative_quantifiers_1,True,False,False,False,539,-52.90726089477539,-53.19879913330078,1
No pedestrian had healed fewer than three guys.,No pedestrian had healed at most three guys.,semantics,quantifiers,superlative_quantifiers_1,True,False,False,False,540,-59.60504150390625,-62.52413558959961,1
No shawl will bore fewer than five men.,No shawl will bore at most five men.,semantics,quantifiers,superlative_quantifiers_1,True,False,False,False,541,-60.67052459716797,-66.45828247070312,1
No child would hug fewer than two guys.,No child would hug at most two guys.,semantics,quantifiers,superlative_quantifiers_1,True,False,False,False,542,-51.86296081542969,-56.064971923828125,1
No organization had sold fewer than four slopes.,No organization had sold at most four slopes.,semantics,quantifiers,superlative_quantifiers_1,True,False,False,False,543,-56.58148956298828,-60.41931915283203,1
No girl might criticize more than four closets.,No girl might criticize at least four closets.,semantics,quantifiers,superlative_quantifiers_1,True,False,False,False,544,-56.45347595214844,-53.679710388183594,0
No library did help fewer than eight drivers.,No library did help at most eight drivers.,semantics,quantifiers,superlative_quantifiers_1,True,False,False,False,545,-55.03519821166992,-57.789466857910156,1
No adult arrived at fewer than three malls.,No adult arrived at at most three malls.,semantics,quantifiers,superlative_quantifiers_1,True,False,False,False,546,-55.71466827392578,-60.35729217529297,1
No boy hated fewer than four essays.,No boy hated at most four essays.,semantics,quantifiers,superlative_quantifiers_1,True,False,False,False,547,-53.6160888671875,-56.26352310180664,1
No teacher does climb down fewer than two hills.,No teacher does climb down at most two hills.,semantics,quantifiers,superlative_quantifiers_1,True,False,False,False,548,-63.55232238769531,-64.59978485107422,1
No man talked about more than four pedestrians.,No man talked about at least four pedestrians.,semantics,quantifiers,superlative_quantifiers_1,True,False,False,False,549,-49.84333801269531,-48.72484588623047,0
No waiter has concealed fewer than two mushrooms.,No waiter has concealed at most two mushrooms.,semantics,quantifiers,superlative_quantifiers_1,True,False,False,False,550,-59.09043884277344,-62.86869430541992,1
No teenager should complain about more than five actors.,No teenager should complain about at least five actors.,semantics,quantifiers,superlative_quantifiers_1,True,False,False,False,551,-52.57718276977539,-51.53187561035156,0
No teacher buys more than eight shoes.,No teacher buys at least eight shoes.,semantics,quantifiers,superlative_quantifiers_1,True,False,False,False,552,-42.725887298583984,-44.9079704284668,1
No man had found more than two men.,No man had found at least two men.,semantics,quantifiers,superlative_quantifiers_1,True,False,False,False,553,-39.83805465698242,-38.196800231933594,0
No adult is discovering more than two slopes.,No adult is discovering at least two slopes.,semantics,quantifiers,superlative_quantifiers_1,True,False,False,False,554,-54.9716682434082,-54.04035186767578,0
No customer should care for fewer than three teenagers.,No customer should care for at most three teenagers.,semantics,quantifiers,superlative_quantifiers_1,True,False,False,False,555,-53.871849060058594,-59.64068603515625,1
No cup might hurt fewer than seven girls.,No cup might hurt at most seven girls.,semantics,quantifiers,superlative_quantifiers_1,True,False,False,False,556,-55.716835021972656,-59.975868225097656,1
No child admires more than three candles.,No child admires at least three candles.,semantics,quantifiers,superlative_quantifiers_1,True,False,False,False,557,-48.448455810546875,-47.34031677246094,0
No girl was hugging more than six men.,No girl was hugging at least six men.,semantics,quantifiers,superlative_quantifiers_1,True,False,False,False,558,-45.842018127441406,-44.06726837158203,0
No adult did think about more than five skirts.,No adult did think about at least five skirts.,semantics,quantifiers,superlative_quantifiers_1,True,False,False,False,559,-60.10616683959961,-59.00153350830078,0
No actress is irritating fewer than four committees.,No actress is irritating at most four committees.,semantics,quantifiers,superlative_quantifiers_1,True,False,False,False,560,-61.54616928100586,-61.55867004394531,1
No picture looks like more than eight lakes.,No picture looks like at least eight lakes.,semantics,quantifiers,superlative_quantifiers_1,True,False,False,False,561,-50.202938079833984,-47.81031799316406,0
No adult has revealed fewer than seven spotlights.,No adult has revealed at most seven spotlights.,semantics,quantifiers,superlative_quantifiers_1,True,False,False,False,562,-57.64405822753906,-62.505462646484375,1
No lady had sold more than ten scarves.,No lady had sold at least ten scarves.,semantics,quantifiers,superlative_quantifiers_1,True,False,False,False,563,-50.55480194091797,-54.89884567260742,1
No girl could think about more than seven libraries.,No girl could think about at least seven libraries.,semantics,quantifiers,superlative_quantifiers_1,True,False,False,False,564,-55.868927001953125,-53.064125061035156,0
No closet bothered more than eight customers.,No closet bothered at least eight customers.,semantics,quantifiers,superlative_quantifiers_1,True,False,False,False,565,-50.38592529296875,-50.97006607055664,1
No eye might disgust fewer than seven waitresses.,No eye might disgust at most seven waitresses.,semantics,quantifiers,superlative_quantifiers_1,True,False,False,False,566,-75.32400512695312,-74.79515075683594,0
No dancer sounded like more than three hospitals.,No dancer sounded like at least three hospitals.,semantics,quantifiers,superlative_quantifiers_1,True,False,False,False,567,-49.98189926147461,-50.156761169433594,1
No nose has annoyed more than three actresses.,No nose has annoyed at least three actresses.,semantics,quantifiers,superlative_quantifiers_1,True,False,False,False,568,-59.031768798828125,-55.15254211425781,0
No cashier climbed down more than eight stairs.,No cashier climbed down at least eight stairs.,semantics,quantifiers,superlative_quantifiers_1,True,False,False,False,569,-57.5716552734375,-58.90393829345703,1
No teacher should fix fewer than eight cups.,No teacher should fix at most eight cups.,semantics,quantifiers,superlative_quantifiers_1,True,False,False,False,570,-55.90962600708008,-59.70160675048828,1
No child should break fewer than three screens.,No child should break at most three screens.,semantics,quantifiers,superlative_quantifiers_1,True,False,False,False,571,-53.98486328125,-56.6990852355957,1
No teenager should cure fewer than three adults.,No teenager should cure at most three adults.,semantics,quantifiers,superlative_quantifiers_1,True,False,False,False,572,-53.1081428527832,-60.64599609375,1
No dancer has concealed more than seven guests.,No dancer has concealed at least seven guests.,semantics,quantifiers,superlative_quantifiers_1,True,False,False,False,573,-53.386131286621094,-52.49491882324219,0
No screen could stun more than eight customers.,No screen could stun at least eight customers.,semantics,quantifiers,superlative_quantifiers_1,True,False,False,False,574,-56.43521499633789,-56.48662185668945,1
No pedestrian might attack more than four women.,No pedestrian might attack at least four women.,semantics,quantifiers,superlative_quantifiers_1,True,False,False,False,575,-53.2266845703125,-54.67629623413086,1
No cashier was buying more than four high schools.,No cashier was buying at least four high schools.,semantics,quantifiers,superlative_quantifiers_1,True,False,False,False,576,-55.369529724121094,-56.39491653442383,1
No teacher had broken fewer than five chairs.,No teacher had broken at most five chairs.,semantics,quantifiers,superlative_quantifiers_1,True,False,False,False,577,-54.90180206298828,-59.01415252685547,1
No lady skated around more than seven museums.,No lady skated around at least seven museums.,semantics,quantifiers,superlative_quantifiers_1,True,False,False,False,578,-59.46834945678711,-60.035518646240234,1
No cashier fled from fewer than five people.,No cashier fled from at most five people.,semantics,quantifiers,superlative_quantifiers_1,True,False,False,False,579,-56.84806823730469,-63.99371337890625,1
No guy was criticizing more than five hills.,No guy was criticizing at least five hills.,semantics,quantifiers,superlative_quantifiers_1,True,False,False,False,580,-55.48686981201172,-52.73255157470703,0
No pedestrian has seen fewer than seven cats.,No pedestrian has seen at most seven cats.,semantics,quantifiers,superlative_quantifiers_1,True,False,False,False,581,-51.577064514160156,-58.2978401184082,1
No child has passed more than four mountains.,No child has passed at least four mountains.,semantics,quantifiers,superlative_quantifiers_1,True,False,False,False,582,-46.20256042480469,-46.73550033569336,1
No government concealed more than eight waitresses.,No government concealed at least eight waitresses.,semantics,quantifiers,superlative_quantifiers_1,True,False,False,False,583,-56.232208251953125,-55.27581787109375,0
No cashier did remember fewer than seven schools.,No cashier did remember at most seven schools.,semantics,quantifiers,superlative_quantifiers_1,True,False,False,False,584,-64.81953430175781,-63.990806579589844,0
No lady had visited more than six movie theaters.,No lady had visited at least six movie theaters.,semantics,quantifiers,superlative_quantifiers_1,True,False,False,False,585,-52.926185607910156,-54.599517822265625,1
No senator drives to more than three closets.,No senator drives to at least three closets.,semantics,quantifiers,superlative_quantifiers_1,True,False,False,False,586,-56.11860656738281,-56.066158294677734,0
No teenager has thought about more than six waiters.,No teenager has thought about at least six waiters.,semantics,quantifiers,superlative_quantifiers_1,True,False,False,False,587,-56.30607223510742,-54.582218170166016,0
No driver could fix more than four couches.,No driver could fix at least four couches.,semantics,quantifiers,superlative_quantifiers_1,True,False,False,False,588,-50.855323791503906,-51.34425354003906,1
No actor had hired fewer than eight women.,No actor had hired at most eight women.,semantics,quantifiers,superlative_quantifiers_1,True,False,False,False,589,-52.15503692626953,-58.893310546875,1
No waiter investigated more than six pedestrians.,No waiter investigated at least six pedestrians.,semantics,quantifiers,superlative_quantifiers_1,True,False,False,False,590,-52.81977844238281,-51.52706527709961,0
No actor had worn more than seven coats.,No actor had worn at least seven coats.,semantics,quantifiers,superlative_quantifiers_1,True,False,False,False,591,-48.933006286621094,-49.55868148803711,1
No senator exits more than three lakes.,No senator exits at least three lakes.,semantics,quantifiers,superlative_quantifiers_1,True,False,False,False,592,-51.10603713989258,-50.81694412231445,0
No school would fire more than ten doctors.,No school would fire at least ten doctors.,semantics,quantifiers,superlative_quantifiers_1,True,False,False,False,593,-48.45343017578125,-50.38481521606445,1
No guest did examine fewer than seven books.,No guest did examine at most seven books.,semantics,quantifiers,superlative_quantifiers_1,True,False,False,False,594,-60.856239318847656,-62.166229248046875,1
No actress had noticed more than six books.,No actress had noticed at least six books.,semantics,quantifiers,superlative_quantifiers_1,True,False,False,False,595,-46.280391693115234,-45.523738861083984,0
No girl broke more than five windows.,No girl broke at least five windows.,semantics,quantifiers,superlative_quantifiers_1,True,False,False,False,596,-48.944679260253906,-47.8264274597168,0
No person could examine fewer than two documentaries.,No person could examine at most two documentaries.,semantics,quantifiers,superlative_quantifiers_1,True,False,False,False,597,-58.769535064697266,-60.949195861816406,1
No photograph had bored fewer than nine children.,No photograph had bored at most nine children.,semantics,quantifiers,superlative_quantifiers_1,True,False,False,False,598,-61.614784240722656,-63.738800048828125,1
No doctor has walked through fewer than ten lakes.,No doctor has walked through at most ten lakes.,semantics,quantifiers,superlative_quantifiers_1,True,False,False,False,599,-57.839012145996094,-64.59473419189453,1
No pedestrian reveals fewer than seven malls.,No pedestrian reveals at most seven malls.,semantics,quantifiers,superlative_quantifiers_1,True,False,False,False,600,-57.2025146484375,-59.947052001953125,1
No waiter did respect fewer than five waitresses.,No waiter did respect at most five waitresses.,semantics,quantifiers,superlative_quantifiers_1,True,False,False,False,601,-65.98143005371094,-70.88124084472656,1
No senator might resemble more than three drawings.,No senator might resemble at least three drawings.,semantics,quantifiers,superlative_quantifiers_1,True,False,False,False,602,-59.514244079589844,-58.29853439331055,0
No waitress will conceal more than six doctors.,No waitress will conceal at least six doctors.,semantics,quantifiers,superlative_quantifiers_1,True,False,False,False,603,-54.82239532470703,-53.66331100463867,0
No pedestrian examined more than five documentaries.,No pedestrian examined at least five documentaries.,semantics,quantifiers,superlative_quantifiers_1,True,False,False,False,604,-54.742042541503906,-54.56846237182617,0
No association has fewer than three carriages.,No association has at most three carriages.,semantics,quantifiers,superlative_quantifiers_1,True,False,False,False,605,-46.232418060302734,-53.17649841308594,1
No actor was healing fewer than eight drivers.,No actor was healing at most eight drivers.,semantics,quantifiers,superlative_quantifiers_1,True,False,False,False,606,-62.34319305419922,-63.531707763671875,1
No person will cure fewer than seven teenagers.,No person will cure at most seven teenagers.,semantics,quantifiers,superlative_quantifiers_1,True,False,False,False,607,-51.57105255126953,-58.738765716552734,1
No casserole looks like fewer than six pictures.,No casserole looks like at most six pictures.,semantics,quantifiers,superlative_quantifiers_1,True,False,False,False,608,-57.45387268066406,-62.64152526855469,1
No patient is exiting more than seven college campuses.,No patient is exiting at least seven college campuses.,semantics,quantifiers,superlative_quantifiers_1,True,False,False,False,609,-56.19080352783203,-55.79841995239258,0
No company was bothering more than nine actresses.,No company was bothering at least nine actresses.,semantics,quantifiers,superlative_quantifiers_1,True,False,False,False,610,-56.30756759643555,-54.7982177734375,0
No lady sees more than four waitresses.,No lady sees at least four waitresses.,semantics,quantifiers,superlative_quantifiers_1,True,False,False,False,611,-51.628639221191406,-51.209686279296875,0
No person helps more than three customers.,No person helps at least three customers.,semantics,quantifiers,superlative_quantifiers_1,True,False,False,False,612,-39.160194396972656,-37.01055145263672,0
No doctor has walked through more than nine restaurants.,No doctor has walked through at least nine restaurants.,semantics,quantifiers,superlative_quantifiers_1,True,False,False,False,613,-50.91804504394531,-52.554840087890625,1
No cake would annoy more than seven actresses.,No cake would annoy at least seven actresses.,semantics,quantifiers,superlative_quantifiers_1,True,False,False,False,614,-57.318031311035156,-54.34058380126953,0
No print can look like fewer than nine adults.,No print can look like at most nine adults.,semantics,quantifiers,superlative_quantifiers_1,True,False,False,False,615,-57.1392707824707,-59.54909133911133,1
No patient knew fewer than two drivers.,No patient knew at most two drivers.,semantics,quantifiers,superlative_quantifiers_1,True,False,False,False,616,-48.898414611816406,-50.08320617675781,1
No snake does break more than seven couches.,No snake does break at least seven couches.,semantics,quantifiers,superlative_quantifiers_1,True,False,False,False,617,-58.33332824707031,-56.46804428100586,0
No dancer descended more than nine steps.,No dancer descended at least nine steps.,semantics,quantifiers,superlative_quantifiers_1,True,False,False,False,618,-53.7224006652832,-53.82544708251953,1
No teacher goes to fewer than four movie theaters.,No teacher goes to at most four movie theaters.,semantics,quantifiers,superlative_quantifiers_1,True,False,False,False,619,-55.48192596435547,-60.406394958496094,1
No guy does insult fewer than nine banks.,No guy does insult at most nine banks.,semantics,quantifiers,superlative_quantifiers_1,True,False,False,False,620,-59.40821838378906,-65.2287368774414,1
No waitress has described more than three banks.,No waitress has described at least three banks.,semantics,quantifiers,superlative_quantifiers_1,True,False,False,False,621,-49.59988784790039,-49.86461639404297,1
No woman will return to more than ten movie theaters.,No woman will return to at least ten movie theaters.,semantics,quantifiers,superlative_quantifiers_1,True,False,False,False,622,-52.69514846801758,-55.5064582824707,1
No person was dropping by more than nine high schools.,No person was dropping by at least nine high schools.,semantics,quantifiers,superlative_quantifiers_1,True,False,False,False,623,-51.411624908447266,-52.012901306152344,1
No patient was going to more than six cafes.,No patient was going to at least six cafes.,semantics,quantifiers,superlative_quantifiers_1,True,False,False,False,624,-52.03369903564453,-51.65620422363281,0
No association remembers more than ten actors.,No association remembers at least ten actors.,semantics,quantifiers,superlative_quantifiers_1,True,False,False,False,625,-45.048179626464844,-47.46259307861328,1
No child had bought more than seven muffins.,No child had bought at least seven muffins.,semantics,quantifiers,superlative_quantifiers_1,True,False,False,False,626,-48.57063293457031,-50.194908142089844,1
No patient describes more than seven commentaries.,No patient describes at least seven commentaries.,semantics,quantifiers,superlative_quantifiers_1,True,False,False,False,627,-50.55015563964844,-51.919124603271484,1
No driver flees from more than four museums.,No driver flees from at least four museums.,semantics,quantifiers,superlative_quantifiers_1,True,False,False,False,628,-57.22261428833008,-57.98219299316406,1
No man is observing fewer than six students.,No man is observing at most six students.,semantics,quantifiers,superlative_quantifiers_1,True,False,False,False,629,-53.914520263671875,-57.010589599609375,1
No guy sounds like more than four high schools.,No guy sounds like at least four high schools.,semantics,quantifiers,superlative_quantifiers_1,True,False,False,False,630,-49.99500274658203,-48.16096878051758,0
No lady had biked to more than nine lakes.,No lady had biked to at least nine lakes.,semantics,quantifiers,superlative_quantifiers_1,True,False,False,False,631,-61.73263931274414,-61.99039077758789,1
No senator escapes from fewer than ten dancers.,No senator escapes from at most ten dancers.,semantics,quantifiers,superlative_quantifiers_1,True,False,False,False,632,-59.591087341308594,-67.34495544433594,1
No waiter was fleeing from fewer than two doctors.,No waiter was fleeing from at most two doctors.,semantics,quantifiers,superlative_quantifiers_1,True,False,False,False,633,-56.80243682861328,-61.914215087890625,1
No doctor had fled from more than seven hospitals.,No doctor had fled from at least seven hospitals.,semantics,quantifiers,superlative_quantifiers_1,True,False,False,False,634,-51.64955139160156,-52.19163513183594,1
No senator discovered more than three couches.,No senator discovered at least three couches.,semantics,quantifiers,superlative_quantifiers_1,True,False,False,False,635,-52.11647033691406,-53.3549919128418,1
No child was healing fewer than three cashiers.,No child was healing at most three cashiers.,semantics,quantifiers,superlative_quantifiers_1,True,False,False,False,636,-64.3801498413086,-63.54763412475586,0
No child fled from more than three cafes.,No child fled from at least three cafes.,semantics,quantifiers,superlative_quantifiers_1,True,False,False,False,637,-52.52824401855469,-52.74335479736328,1
No man is annoying more than two people.,No man is annoying at least two people.,semantics,quantifiers,superlative_quantifiers_1,True,False,False,False,638,-41.83207702636719,-38.58544158935547,0
No actor is questioning fewer than nine pedestrians.,No actor is questioning at most nine pedestrians.,semantics,quantifiers,superlative_quantifiers_1,True,False,False,False,639,-61.51832580566406,-64.62993621826172,1
No cat climbs down more than two steps.,No cat climbs down at least two steps.,semantics,quantifiers,superlative_quantifiers_1,True,False,False,False,640,-51.5048828125,-49.96293640136719,0
No woman has passed fewer than two malls.,No woman has passed at most two malls.,semantics,quantifiers,superlative_quantifiers_1,True,False,False,False,641,-51.360958099365234,-55.29579162597656,1
No senator concealed more than five children.,No senator concealed at least five children.,semantics,quantifiers,superlative_quantifiers_1,True,False,False,False,642,-46.47149658203125,-46.49048614501953,1
No unicycle was scaring fewer than two dancers.,No unicycle was scaring at most two dancers.,semantics,quantifiers,superlative_quantifiers_1,True,False,False,False,643,-71.4080810546875,-71.03482055664062,0
No company respected more than two mountains.,No company respected at least two mountains.,semantics,quantifiers,superlative_quantifiers_1,True,False,False,False,644,-50.046417236328125,-47.01898956298828,0
No cashier talked about more than nine grocery stores.,No cashier talked about at least nine grocery stores.,semantics,quantifiers,superlative_quantifiers_1,True,False,False,False,645,-56.564544677734375,-54.701263427734375,0
No teenager has fled from more than five museums.,No teenager has fled from at least five museums.,semantics,quantifiers,superlative_quantifiers_1,True,False,False,False,646,-54.39523696899414,-54.862701416015625,1
No waitress sounds like more than nine books.,No waitress sounds like at least nine books.,semantics,quantifiers,superlative_quantifiers_1,True,False,False,False,647,-47.35828399658203,-48.16778564453125,1
No man has sold more than ten eyes.,No man has sold at least ten eyes.,semantics,quantifiers,superlative_quantifiers_1,True,False,False,False,648,-43.07841491699219,-45.95873260498047,1
No book does confuse more than four doctors.,No book does confuse at least four doctors.,semantics,quantifiers,superlative_quantifiers_1,True,False,False,False,649,-51.48613357543945,-48.35205841064453,0
No committee referenced fewer than two teachers.,No committee referenced at most two teachers.,semantics,quantifiers,superlative_quantifiers_1,True,False,False,False,650,-48.443267822265625,-52.0635986328125,1
No report was looking like more than ten sketches.,No report was looking like at least ten sketches.,semantics,quantifiers,superlative_quantifiers_1,True,False,False,False,651,-56.175209045410156,-55.45232009887695,0
No teacher was wearing more than nine gloves.,No teacher was wearing at least nine gloves.,semantics,quantifiers,superlative_quantifiers_1,True,False,False,False,652,-49.09315872192383,-49.6504020690918,1
No teenager goes to fewer than four grocery stores.,No teenager goes to at most four grocery stores.,semantics,quantifiers,superlative_quantifiers_1,True,False,False,False,653,-52.164974212646484,-58.122737884521484,1
No boy did escape from more than four patients.,No boy did escape from at least four patients.,semantics,quantifiers,superlative_quantifiers_1,True,False,False,False,654,-53.339820861816406,-53.49788284301758,1
No window resembles more than nine sketches.,No window resembles at least nine sketches.,semantics,quantifiers,superlative_quantifiers_1,True,False,False,False,655,-51.343772888183594,-51.84723663330078,1
No school was admiring fewer than three bicycles.,No school was admiring at most three bicycles.,semantics,quantifiers,superlative_quantifiers_1,True,False,False,False,656,-59.562965393066406,-60.250003814697266,1
No organization can stun fewer than four girls.,No organization can stun at most four girls.,semantics,quantifiers,superlative_quantifiers_1,True,False,False,False,657,-56.03251647949219,-64.22537231445312,1
No doctor climbs down fewer than four ladders.,No doctor climbs down at most four ladders.,semantics,quantifiers,superlative_quantifiers_1,True,False,False,False,658,-62.01510238647461,-64.85333251953125,1
No pie was confusing more than two boys.,No pie was confusing at least two boys.,semantics,quantifiers,superlative_quantifiers_1,True,False,False,False,659,-50.72611618041992,-46.63353729248047,0
No museum might buy fewer than three mushrooms.,No museum might buy at most three mushrooms.,semantics,quantifiers,superlative_quantifiers_1,True,False,False,False,660,-60.49424362182617,-64.40614318847656,1
No child had scared fewer than six students.,No child had scared at most six students.,semantics,quantifiers,superlative_quantifiers_1,True,False,False,False,661,-52.83642578125,-56.018463134765625,1
No pie scares fewer than three pedestrians.,No pie scares at most three pedestrians.,semantics,quantifiers,superlative_quantifiers_1,True,False,False,False,662,-56.57297897338867,-60.00253677368164,1
No dancer does investigate fewer than nine cashiers.,No dancer does investigate at most nine cashiers.,semantics,quantifiers,superlative_quantifiers_1,True,False,False,False,663,-72.61163330078125,-75.78713989257812,1
No legislature listened to fewer than five doctors.,No legislature listened to at most five doctors.,semantics,quantifiers,superlative_quantifiers_1,True,False,False,False,664,-51.15122985839844,-57.225135803222656,1
No actress remembered more than four actors.,No actress remembered at least four actors.,semantics,quantifiers,superlative_quantifiers_1,True,False,False,False,665,-46.746307373046875,-46.232608795166016,0
No teenager had helped more than ten actresses.,No teenager had helped at least ten actresses.,semantics,quantifiers,superlative_quantifiers_1,True,False,False,False,666,-52.06952667236328,-53.516456604003906,1
No bank referenced fewer than nine movies.,No bank referenced at most nine movies.,semantics,quantifiers,superlative_quantifiers_1,True,False,False,False,667,-53.540767669677734,-55.42238235473633,1
No customer is exploring more than eight museums.,No customer is exploring at least eight museums.,semantics,quantifiers,superlative_quantifiers_1,True,False,False,False,668,-51.182952880859375,-52.81161117553711,1
No child is hiding more than ten forks.,No child is hiding at least ten forks.,semantics,quantifiers,superlative_quantifiers_1,True,False,False,False,669,-50.95977783203125,-49.86817169189453,0
No man discussed more than seven waitresses.,No man discussed at least seven waitresses.,semantics,quantifiers,superlative_quantifiers_1,True,False,False,False,670,-57.280616760253906,-56.24872589111328,0
No adult has talked about more than three customers.,No adult has talked about at least three customers.,semantics,quantifiers,superlative_quantifiers_1,True,False,False,False,671,-48.2276725769043,-46.870079040527344,0
No committee praised more than six cashiers.,No committee praised at least six cashiers.,semantics,quantifiers,superlative_quantifiers_1,True,False,False,False,672,-53.22550964355469,-52.26470184326172,0
No customer does drop by fewer than seven movie theaters.,No customer does drop by at most seven movie theaters.,semantics,quantifiers,superlative_quantifiers_1,True,False,False,False,673,-68.65425872802734,-73.59835815429688,1
No cashier should work with more than two senators.,No cashier should work with at least two senators.,semantics,quantifiers,superlative_quantifiers_1,True,False,False,False,674,-55.847633361816406,-53.032196044921875,0
No senator drives to more than eight libraries.,No senator drives to at least eight libraries.,semantics,quantifiers,superlative_quantifiers_1,True,False,False,False,675,-56.17040252685547,-56.53998947143555,1
No woman healed fewer than four actors.,No woman healed at most four actors.,semantics,quantifiers,superlative_quantifiers_1,True,False,False,False,676,-54.14286804199219,-57.85047149658203,1
No dancer has biked to more than five high schools.,No dancer has biked to at least five high schools.,semantics,quantifiers,superlative_quantifiers_1,True,False,False,False,677,-60.625980377197266,-61.692832946777344,1
No cashier is breaking more than three convertibles.,No cashier is breaking at least three convertibles.,semantics,quantifiers,superlative_quantifiers_1,True,False,False,False,678,-62.225826263427734,-61.47406005859375,0
No legislature is helping fewer than eight waiters.,No legislature is helping at most eight waiters.,semantics,quantifiers,superlative_quantifiers_1,True,False,False,False,679,-59.42458724975586,-62.98013687133789,1
No woman was arguing about more than seven students.,No woman was arguing about at least seven students.,semantics,quantifiers,superlative_quantifiers_1,True,False,False,False,680,-50.860652923583984,-49.01338195800781,0
No boy visits fewer than seven grocery stores.,No boy visits at most seven grocery stores.,semantics,quantifiers,superlative_quantifiers_1,True,False,False,False,681,-53.13587188720703,-55.230594635009766,1
No teacher went to more than ten high schools.,No teacher went to at least ten high schools.,semantics,quantifiers,superlative_quantifiers_1,True,False,False,False,682,-44.173606872558594,-46.001991271972656,1
No school should criticize more than ten hospitals.,No school should criticize at least ten hospitals.,semantics,quantifiers,superlative_quantifiers_1,True,False,False,False,683,-50.91107940673828,-49.491981506347656,0
No library could like more than nine drivers.,No library could like at least nine drivers.,semantics,quantifiers,superlative_quantifiers_1,True,False,False,False,684,-50.93963623046875,-51.30809783935547,1
No driver did climb up fewer than four stairs.,No driver did climb up at most four stairs.,semantics,quantifiers,superlative_quantifiers_1,True,False,False,False,685,-61.380821228027344,-61.710044860839844,1
No customer would break more than seven chairs.,No customer would break at least seven chairs.,semantics,quantifiers,superlative_quantifiers_1,True,False,False,False,686,-55.37925720214844,-52.650787353515625,0
No patient has returned to more than seven high schools.,No patient has returned to at least seven high schools.,semantics,quantifiers,superlative_quantifiers_1,True,False,False,False,687,-50.59172821044922,-51.211090087890625,1
No actress had disliked fewer than three pedestrians.,No actress had disliked at most three pedestrians.,semantics,quantifiers,superlative_quantifiers_1,True,False,False,False,688,-63.49641036987305,-67.02033233642578,1
No cashier had passed more than ten banks.,No cashier had passed at least ten banks.,semantics,quantifiers,superlative_quantifiers_1,True,False,False,False,689,-53.96624755859375,-55.14242935180664,1
No skateboard resembled more than five drawings.,No skateboard resembled at least five drawings.,semantics,quantifiers,superlative_quantifiers_1,True,False,False,False,690,-54.81572341918945,-51.47850799560547,0
No lady would think about more than six closets.,No lady would think about at least six closets.,semantics,quantifiers,superlative_quantifiers_1,True,False,False,False,691,-54.62847137451172,-51.433448791503906,0
No pedestrian runs around more than six high schools.,No pedestrian runs around at least six high schools.,semantics,quantifiers,superlative_quantifiers_1,True,False,False,False,692,-54.722801208496094,-55.754276275634766,1
No driver does break more than nine skateboards.,No driver does break at least nine skateboards.,semantics,quantifiers,superlative_quantifiers_1,True,False,False,False,693,-57.65793991088867,-57.05902099609375,0
No bank had distracted more than seven governments.,No bank had distracted at least seven governments.,semantics,quantifiers,superlative_quantifiers_1,True,False,False,False,694,-54.921085357666016,-52.14301300048828,0
No person had observed fewer than six students.,No person had observed at most six students.,semantics,quantifiers,superlative_quantifiers_1,True,False,False,False,695,-50.148284912109375,-54.86463928222656,1
No actor is boycotting fewer than four hills.,No actor is boycotting at most four hills.,semantics,quantifiers,superlative_quantifiers_1,True,False,False,False,696,-62.862815856933594,-66.26017761230469,1
No association respects fewer than two rivers.,No association respects at most two rivers.,semantics,quantifiers,superlative_quantifiers_1,True,False,False,False,697,-55.208255767822266,-56.835777282714844,1
No sweater can annoy fewer than ten guys.,No sweater can annoy at most ten guys.,semantics,quantifiers,superlative_quantifiers_1,True,False,False,False,698,-58.15030288696289,-60.19839859008789,1
No waiter respects more than two patients.,No waiter respects at least two patients.,semantics,quantifiers,superlative_quantifiers_1,True,False,False,False,699,-43.647972106933594,-44.33989715576172,1
No actor had thought about more than two chairs.,No actor had thought about at least two chairs.,semantics,quantifiers,superlative_quantifiers_1,True,False,False,False,700,-52.86894989013672,-51.40974426269531,0
No guest hides more than five windows.,No guest hides at least five windows.,semantics,quantifiers,superlative_quantifiers_1,True,False,False,False,701,-48.100711822509766,-47.60309600830078,0
No mushroom astounded more than ten committees.,No mushroom astounded at least ten committees.,semantics,quantifiers,superlative_quantifiers_1,True,False,False,False,702,-59.63714599609375,-59.806373596191406,1
No snake climbs down fewer than eight mountains.,No snake climbs down at most eight mountains.,semantics,quantifiers,superlative_quantifiers_1,True,False,False,False,703,-60.17938232421875,-63.23378372192383,1
No teenager liked more than two apples.,No teenager liked at least two apples.,semantics,quantifiers,superlative_quantifiers_1,True,False,False,False,704,-45.72984313964844,-45.76880645751953,1
No child cleaned more than nine grocery stores.,No child cleaned at least nine grocery stores.,semantics,quantifiers,superlative_quantifiers_1,True,False,False,False,705,-51.67909240722656,-51.56196975708008,0
No pedestrian has appreciated more than ten stories.,No pedestrian has appreciated at least ten stories.,semantics,quantifiers,superlative_quantifiers_1,True,False,False,False,706,-53.387847900390625,-54.85908126831055,1
No committee had disgusted fewer than four actors.,No committee had disgusted at most four actors.,semantics,quantifiers,superlative_quantifiers_1,True,False,False,False,707,-60.675376892089844,-59.9508056640625,0
No patient hates fewer than seven girls.,No patient hates at most seven girls.,semantics,quantifiers,superlative_quantifiers_1,True,False,False,False,708,-51.585548400878906,-57.57383728027344,1
No library was buying fewer than two blouses.,No library was buying at most two blouses.,semantics,quantifiers,superlative_quantifiers_1,True,False,False,False,709,-57.75434112548828,-61.13447570800781,1
No senator researches fewer than three legislatures.,No senator researches at most three legislatures.,semantics,quantifiers,superlative_quantifiers_1,True,False,False,False,710,-56.6102294921875,-60.06114196777344,1
No popsicle was looking like fewer than nine paintings.,No popsicle was looking like at most nine paintings.,semantics,quantifiers,superlative_quantifiers_1,True,False,False,False,711,-68.40435791015625,-70.78994750976562,1
No waiter is arguing about more than nine stories.,No waiter is arguing about at least nine stories.,semantics,quantifiers,superlative_quantifiers_1,True,False,False,False,712,-53.99272918701172,-52.17517852783203,0
No senator examined more than five commentaries.,No senator examined at least five commentaries.,semantics,quantifiers,superlative_quantifiers_1,True,False,False,False,713,-52.61328125,-53.590431213378906,1
No customer disturbs more than six libraries.,No customer disturbs at least six libraries.,semantics,quantifiers,superlative_quantifiers_1,True,False,False,False,714,-56.89221954345703,-54.64048385620117,0
No girl cured fewer than five snakes.,No girl cured at most five snakes.,semantics,quantifiers,superlative_quantifiers_1,True,False,False,False,715,-54.908294677734375,-60.01504135131836,1
No girl has walked through more than two closets.,No girl has walked through at least two closets.,semantics,quantifiers,superlative_quantifiers_1,True,False,False,False,716,-49.14140701293945,-50.035118103027344,1
No teenager criticizes more than seven pedestrians.,No teenager criticizes at least seven pedestrians.,semantics,quantifiers,superlative_quantifiers_1,True,False,False,False,717,-56.62982940673828,-55.614532470703125,0
No cashier has watched more than nine patients.,No cashier has watched at least nine patients.,semantics,quantifiers,superlative_quantifiers_1,True,False,False,False,718,-54.706336975097656,-55.63707733154297,1
No painting looks like fewer than seven customers.,No painting looks like at most seven customers.,semantics,quantifiers,superlative_quantifiers_1,True,False,False,False,719,-52.810157775878906,-55.1959342956543,1
No pedestrian is thinking about fewer than five sweaters.,No pedestrian is thinking about at most five sweaters.,semantics,quantifiers,superlative_quantifiers_1,True,False,False,False,720,-64.31614685058594,-69.32237243652344,1
No senator investigates fewer than seven students.,No senator investigates at most seven students.,semantics,quantifiers,superlative_quantifiers_1,True,False,False,False,721,-52.97770690917969,-56.747100830078125,1
No woman has lifted more than two restaurants.,No woman has lifted at least two restaurants.,semantics,quantifiers,superlative_quantifiers_1,True,False,False,False,722,-47.666236877441406,-46.52024841308594,0
No painting had looked like more than three customers.,No painting had looked like at least three customers.,semantics,quantifiers,superlative_quantifiers_1,True,False,False,False,723,-52.60210418701172,-51.69257736206055,0
No actress was revealing more than nine mountains.,No actress was revealing at least nine mountains.,semantics,quantifiers,superlative_quantifiers_1,True,False,False,False,724,-56.960472106933594,-55.02989196777344,0
No teenager dropped by fewer than three art galleries.,No teenager dropped by at most three art galleries.,semantics,quantifiers,superlative_quantifiers_1,True,False,False,False,725,-60.32513427734375,-65.99977111816406,1
No waitress was breaking fewer than ten dishes.,No waitress was breaking at most ten dishes.,semantics,quantifiers,superlative_quantifiers_1,True,False,False,False,726,-54.89111328125,-57.12677764892578,1
No adult disliked more than ten mountains.,No adult disliked at least ten mountains.,semantics,quantifiers,superlative_quantifiers_1,True,False,False,False,727,-50.63864517211914,-51.2596435546875,1
No photograph is looking like more than five shirts.,No photograph is looking like at least five shirts.,semantics,quantifiers,superlative_quantifiers_1,True,False,False,False,728,-58.8203125,-57.07838821411133,0
No guest had scanned fewer than four documentaries.,No guest had scanned at most four documentaries.,semantics,quantifiers,superlative_quantifiers_1,True,False,False,False,729,-60.35209655761719,-61.60076141357422,1
No waitress respects more than four senators.,No waitress respects at least four senators.,semantics,quantifiers,superlative_quantifiers_1,True,False,False,False,730,-50.043006896972656,-51.63890075683594,1
No school should criticize more than six movies.,No school should criticize at least six movies.,semantics,quantifiers,superlative_quantifiers_1,True,False,False,False,731,-50.69451141357422,-47.67022705078125,0
No doctor skates around more than two glaciers.,No doctor skates around at least two glaciers.,semantics,quantifiers,superlative_quantifiers_1,True,False,False,False,732,-59.369632720947266,-59.53071594238281,1
No senator has upset fewer than four governments.,No senator has upset at most four governments.,semantics,quantifiers,superlative_quantifiers_1,True,False,False,False,733,-54.838504791259766,-57.82240295410156,1
No eggplant looked like fewer than seven pictures.,No eggplant looked like at most seven pictures.,semantics,quantifiers,superlative_quantifiers_1,True,False,False,False,734,-61.998538970947266,-64.3355712890625,1
No child is boycotting more than four college campuses.,No child is boycotting at least four college campuses.,semantics,quantifiers,superlative_quantifiers_1,True,False,False,False,735,-56.09498596191406,-54.209774017333984,0
No person was boring fewer than two customers.,No person was boring at most two customers.,semantics,quantifiers,superlative_quantifiers_1,True,False,False,False,736,-53.294708251953125,-51.33663558959961,0
No legislature helped fewer than five guests.,No legislature helped at most five guests.,semantics,quantifiers,superlative_quantifiers_1,True,False,False,False,737,-49.52933883666992,-53.950721740722656,1
No adult describes fewer than four high schools.,No adult describes at most four high schools.,semantics,quantifiers,superlative_quantifiers_1,True,False,False,False,738,-50.51985168457031,-55.61748504638672,1
No pedestrian cured fewer than eight adults.,No pedestrian cured at most eight adults.,semantics,quantifiers,superlative_quantifiers_1,True,False,False,False,739,-55.415306091308594,-60.37834167480469,1
No actress will attack more than seven waiters.,No actress will attack at least seven waiters.,semantics,quantifiers,superlative_quantifiers_1,True,False,False,False,740,-58.23004913330078,-59.17832946777344,1
No guy observed more than three people.,No guy observed at least three people.,semantics,quantifiers,superlative_quantifiers_1,True,False,False,False,741,-40.77054214477539,-38.21317672729492,0
No waiter questions more than seven committees.,No waiter questions at least seven committees.,semantics,quantifiers,superlative_quantifiers_1,True,False,False,False,742,-52.392066955566406,-49.305240631103516,0
No man heals fewer than ten girls.,No man heals at most ten girls.,semantics,quantifiers,superlative_quantifiers_1,True,False,False,False,743,-48.344139099121094,-52.73780059814453,1
No story sounds like fewer than four public parks.,No story sounds like at most four public parks.,semantics,quantifiers,superlative_quantifiers_1,True,False,False,False,744,-56.629730224609375,-60.76085662841797,1
No girl has complained about more than four doctors.,No girl has complained about at least four doctors.,semantics,quantifiers,superlative_quantifiers_1,True,False,False,False,745,-46.762657165527344,-45.616233825683594,0
No student was complaining about more than four documentaries.,No student was complaining about at least four documentaries.,semantics,quantifiers,superlative_quantifiers_1,True,False,False,False,746,-51.33491897583008,-50.791996002197266,0
No girl is fleeing from fewer than two drivers.,No girl is fleeing from at most two drivers.,semantics,quantifiers,superlative_quantifiers_1,True,False,False,False,747,-55.4518928527832,-61.418128967285156,1
No truck is aggravating fewer than three associations.,No truck is aggravating at most three associations.,semantics,quantifiers,superlative_quantifiers_1,True,False,False,False,748,-60.938499450683594,-62.33692932128906,1
No lady was walking through more than ten libraries.,No lady was walking through at least ten libraries.,semantics,quantifiers,superlative_quantifiers_1,True,False,False,False,749,-49.950950622558594,-52.500244140625,1
No girl was arriving at more than two libraries.,No girl was arriving at at least two libraries.,semantics,quantifiers,superlative_quantifiers_1,True,False,False,False,750,-49.34917068481445,-51.7916374206543,1
No guy returned to fewer than three cafes.,No guy returned to at most three cafes.,semantics,quantifiers,superlative_quantifiers_1,True,False,False,False,751,-55.361427307128906,-60.28704071044922,1
No waiter had researched fewer than five photographs.,No waiter had researched at most five photographs.,semantics,quantifiers,superlative_quantifiers_1,True,False,False,False,752,-56.14353561401367,-59.677467346191406,1
No actress was attacking fewer than seven guests.,No actress was attacking at most seven guests.,semantics,quantifiers,superlative_quantifiers_1,True,False,False,False,753,-56.944881439208984,-58.17118835449219,1
No man was concealing fewer than seven stairs.,No man was concealing at most seven stairs.,semantics,quantifiers,superlative_quantifiers_1,True,False,False,False,754,-61.88864517211914,-61.78572082519531,0
No customer was disgusting fewer than three senators.,No customer was disgusting at most three senators.,semantics,quantifiers,superlative_quantifiers_1,True,False,False,False,755,-58.055938720703125,-57.756744384765625,0
No customer has biked to fewer than four restaurants.,No customer has biked to at most four restaurants.,semantics,quantifiers,superlative_quantifiers_1,True,False,False,False,756,-62.904945373535156,-66.328125,1
No pedestrian observed fewer than three doctors.,No pedestrian observed at most three doctors.,semantics,quantifiers,superlative_quantifiers_1,True,False,False,False,757,-51.01038360595703,-53.89112091064453,1
No actress can respect fewer than seven malls.,No actress can respect at most seven malls.,semantics,quantifiers,superlative_quantifiers_1,True,False,False,False,758,-62.665321350097656,-66.95858764648438,1
No teenager has worn more than six pants.,No teenager has worn at least six pants.,semantics,quantifiers,superlative_quantifiers_1,True,False,False,False,759,-46.75031661987305,-47.1651611328125,1
No student skated around fewer than ten lakes.,No student skated around at most ten lakes.,semantics,quantifiers,superlative_quantifiers_1,True,False,False,False,760,-62.39946746826172,-67.81541442871094,1
No actor is noticing fewer than three drivers.,No actor is noticing at most three drivers.,semantics,quantifiers,superlative_quantifiers_1,True,False,False,False,761,-54.850337982177734,-59.80472946166992,1
No actor loved more than three adults.,No actor loved at least three adults.,semantics,quantifiers,superlative_quantifiers_1,True,False,False,False,762,-42.92628479003906,-44.695899963378906,1
No waiter hires more than nine doctors.,No waiter hires at least nine doctors.,semantics,quantifiers,superlative_quantifiers_1,True,False,False,False,763,-46.77181625366211,-49.35063934326172,1
No cashier scans fewer than seven commentaries.,No cashier scans at most seven commentaries.,semantics,quantifiers,superlative_quantifiers_1,True,False,False,False,764,-66.22469329833984,-68.38059997558594,1
No dancer had sold fewer than seven lamps.,No dancer had sold at most seven lamps.,semantics,quantifiers,superlative_quantifiers_1,True,False,False,False,765,-60.664363861083984,-65.54156494140625,1
No dancer flees from more than four senators.,No dancer flees from at least four senators.,semantics,quantifiers,superlative_quantifiers_1,True,False,False,False,766,-59.98322677612305,-61.529541015625,1
No library was embarrassing more than four teenagers.,No library was embarrassing at least four teenagers.,semantics,quantifiers,superlative_quantifiers_1,True,False,False,False,767,-53.9640998840332,-49.23479461669922,0
No organization has fewer than three vases.,No organization has at most three vases.,semantics,quantifiers,superlative_quantifiers_1,True,False,False,False,768,-45.01386260986328,-52.840999603271484,1
No lady did lift more than eight dresses.,No lady did lift at least eight dresses.,semantics,quantifiers,superlative_quantifiers_1,True,False,False,False,769,-56.111366271972656,-57.6405029296875,1
No pedestrian passes more than two high schools.,No pedestrian passes at least two high schools.,semantics,quantifiers,superlative_quantifiers_1,True,False,False,False,770,-49.00559997558594,-48.86058044433594,0
No dancer had escaped from fewer than four grocery stores.,No dancer had escaped from at most four grocery stores.,semantics,quantifiers,superlative_quantifiers_1,True,False,False,False,771,-62.41672897338867,-67.26078796386719,1
No skirt embarrassed fewer than two children.,No skirt embarrassed at most two children.,semantics,quantifiers,superlative_quantifiers_1,True,False,False,False,772,-55.77745056152344,-56.1291618347168,1
No child shocked more than seven universities.,No child shocked at least seven universities.,semantics,quantifiers,superlative_quantifiers_1,True,False,False,False,773,-52.71660614013672,-47.69396209716797,0
No girl is passing fewer than eight schools.,No girl is passing at most eight schools.,semantics,quantifiers,superlative_quantifiers_1,True,False,False,False,774,-50.05251693725586,-53.544342041015625,1
No patient has climbed down fewer than ten hills.,No patient has climbed down at most ten hills.,semantics,quantifiers,superlative_quantifiers_1,True,False,False,False,775,-60.58724594116211,-63.441410064697266,1
No actress loved more than six ladies.,No actress loved at least six ladies.,semantics,quantifiers,superlative_quantifiers_1,True,False,False,False,776,-44.054752349853516,-45.564598083496094,1
No school hates fewer than two pedestrians.,No school hates at most two pedestrians.,semantics,quantifiers,superlative_quantifiers_1,True,False,False,False,777,-50.849735260009766,-57.65345001220703,1
No child bought fewer than nine public parks.,No child bought at most nine public parks.,semantics,quantifiers,superlative_quantifiers_1,True,False,False,False,778,-56.28657150268555,-58.927406311035156,1
No woman has dropped by more than ten rivers.,No woman has dropped by at least ten rivers.,semantics,quantifiers,superlative_quantifiers_1,True,False,False,False,779,-49.70683288574219,-51.83876037597656,1
No fish had bored fewer than seven men.,No fish had bored at most seven men.,semantics,quantifiers,superlative_quantifiers_1,True,False,False,False,780,-57.86238479614258,-59.993568420410156,1
No teenager would skate around fewer than four lakes.,No teenager would skate around at most four lakes.,semantics,quantifiers,superlative_quantifiers_1,True,False,False,False,781,-63.22815704345703,-66.88961791992188,1
No organization was helping more than three boys.,No organization was helping at least three boys.,semantics,quantifiers,superlative_quantifiers_1,True,False,False,False,782,-48.5596923828125,-46.668121337890625,0
No girl can see more than three cucumbers.,No girl can see at least three cucumbers.,semantics,quantifiers,superlative_quantifiers_1,True,False,False,False,783,-47.218055725097656,-44.849769592285156,0
No actress talks to fewer than four cashiers.,No actress talks to at most four cashiers.,semantics,quantifiers,superlative_quantifiers_1,True,False,False,False,784,-61.08644104003906,-67.55731201171875,1
No guy has messed up more than seven college campuses.,No guy has messed up at least seven college campuses.,semantics,quantifiers,superlative_quantifiers_1,True,False,False,False,785,-55.04042053222656,-52.195228576660156,0
No child is talking to fewer than nine people.,No child is talking to at most nine people.,semantics,quantifiers,superlative_quantifiers_1,True,False,False,False,786,-46.22339630126953,-53.04484558105469,1
No cashier is researching fewer than two high schools.,No cashier is researching at most two high schools.,semantics,quantifiers,superlative_quantifiers_1,True,False,False,False,787,-62.64080047607422,-64.79133605957031,1
No customer hired more than five adults.,No customer hired at least five adults.,semantics,quantifiers,superlative_quantifiers_1,True,False,False,False,788,-43.204132080078125,-44.23796081542969,1
No driver cured fewer than two guys.,No driver cured at most two guys.,semantics,quantifiers,superlative_quantifiers_1,True,False,False,False,789,-51.025394439697266,-54.65094757080078,1
No wheelbarrow bored fewer than three waitresses.,No wheelbarrow bored at most three waitresses.,semantics,quantifiers,superlative_quantifiers_1,True,False,False,False,790,-76.85228729248047,-77.97274780273438,1
No customer exits more than three schools.,No customer exits at least three schools.,semantics,quantifiers,superlative_quantifiers_1,True,False,False,False,791,-46.003135681152344,-45.28793716430664,0
No guy is dropping by more than five banks.,No guy is dropping by at least five banks.,semantics,quantifiers,superlative_quantifiers_1,True,False,False,False,792,-48.487770080566406,-48.87383270263672,1
No student lifted fewer than eight stairs.,No student lifted at most eight stairs.,semantics,quantifiers,superlative_quantifiers_1,True,False,False,False,793,-57.58757400512695,-60.32600402832031,1
No teenager might see fewer than two eggplants.,No teenager might see at most two eggplants.,semantics,quantifiers,superlative_quantifiers_1,True,False,False,False,794,-62.133209228515625,-68.2047119140625,1
No driver found more than eight patients.,No driver found at least eight patients.,semantics,quantifiers,superlative_quantifiers_1,True,False,False,False,795,-40.37251281738281,-39.83733367919922,0
No lady did think about more than ten photographs.,No lady did think about at least ten photographs.,semantics,quantifiers,superlative_quantifiers_1,True,False,False,False,796,-54.69388961791992,-53.147865295410156,0
No teenager had bored fewer than seven senators.,No teenager had bored at most seven senators.,semantics,quantifiers,superlative_quantifiers_1,True,False,False,False,797,-59.405494689941406,-61.60466766357422,1
No screen scares fewer than five men.,No screen scares at most five men.,semantics,quantifiers,superlative_quantifiers_1,True,False,False,False,798,-51.862945556640625,-55.18857955932617,1
No box has impressed more than two people.,No box has impressed at least two people.,semantics,quantifiers,superlative_quantifiers_1,True,False,False,False,799,-48.24604797363281,-47.28590774536133,0
No lady has disliked fewer than four people.,No lady has disliked at most four people.,semantics,quantifiers,superlative_quantifiers_1,True,False,False,False,800,-51.252723693847656,-55.568519592285156,1
No guy wore fewer than ten coats.,No guy wore at most ten coats.,semantics,quantifiers,superlative_quantifiers_1,True,False,False,False,801,-48.36368942260742,-52.553077697753906,1
No essay worried fewer than ten committees.,No essay worried at most ten committees.,semantics,quantifiers,superlative_quantifiers_1,True,False,False,False,802,-58.31681823730469,-58.11465835571289,0
No student had known fewer than five teenagers.,No student had known at most five teenagers.,semantics,quantifiers,superlative_quantifiers_1,True,False,False,False,803,-50.29349899291992,-56.522254943847656,1
No guest should go to fewer than five lakes.,No guest should go to at most five lakes.,semantics,quantifiers,superlative_quantifiers_1,True,False,False,False,804,-57.28546905517578,-62.28700256347656,1
No boy did question more than three guests.,No boy did question at least three guests.,semantics,quantifiers,superlative_quantifiers_1,True,False,False,False,805,-51.85795974731445,-48.708953857421875,0
No cashier would find fewer than ten turtles.,No cashier would find at most ten turtles.,semantics,quantifiers,superlative_quantifiers_1,True,False,False,False,806,-62.18449783325195,-67.4792709350586,1
No person was questioning more than nine organizations.,No person was questioning at least nine organizations.,semantics,quantifiers,superlative_quantifiers_1,True,False,False,False,807,-50.16046905517578,-47.990028381347656,0
No hospital disturbed more than eight children.,No hospital disturbed at least eight children.,semantics,quantifiers,superlative_quantifiers_1,True,False,False,False,808,-44.72370147705078,-46.25648498535156,1
No hospital had argued about fewer than nine students.,No hospital had argued about at most nine students.,semantics,quantifiers,superlative_quantifiers_1,True,False,False,False,809,-59.536312103271484,-65.26564025878906,1
No nose looked like fewer than nine photographs.,No nose looked like at most nine photographs.,semantics,quantifiers,superlative_quantifiers_1,True,False,False,False,810,-55.25321960449219,-57.57441329956055,1
No driver has admired more than three restaurants.,No driver has admired at least three restaurants.,semantics,quantifiers,superlative_quantifiers_1,True,False,False,False,811,-47.40544128417969,-46.93663787841797,0
No waitress does hire more than two actors.,No waitress does hire at least two actors.,semantics,quantifiers,superlative_quantifiers_1,True,False,False,False,812,-51.44429016113281,-52.77549743652344,1
No popsicle astounded fewer than five men.,No popsicle astounded at most five men.,semantics,quantifiers,superlative_quantifiers_1,True,False,False,False,813,-65.76310729980469,-68.96094512939453,1
No hill disturbed fewer than ten adults.,No hill disturbed at most ten adults.,semantics,quantifiers,superlative_quantifiers_1,True,False,False,False,814,-55.64522933959961,-58.773292541503906,1
No waitress is talking to more than three teenagers.,No waitress is talking to at least three teenagers.,semantics,quantifiers,superlative_quantifiers_1,True,False,False,False,815,-48.2640380859375,-48.3814582824707,1
No actress has questioned fewer than nine organizations.,No actress has questioned at most nine organizations.,semantics,quantifiers,superlative_quantifiers_1,True,False,False,False,816,-54.257728576660156,-58.16967010498047,1
No patient is exiting more than four art galleries.,No patient is exiting at least four art galleries.,semantics,quantifiers,superlative_quantifiers_1,True,False,False,False,817,-57.918941497802734,-57.10731506347656,0
No person descends fewer than ten ladders.,No person descends at most ten ladders.,semantics,quantifiers,superlative_quantifiers_1,True,False,False,False,818,-56.51643371582031,-60.73236083984375,1
No patient was noticing more than four malls.,No patient was noticing at least four malls.,semantics,quantifiers,superlative_quantifiers_1,True,False,False,False,819,-54.638038635253906,-52.547542572021484,0
No adult hid more than six doctors.,No adult hid at least six doctors.,semantics,quantifiers,superlative_quantifiers_1,True,False,False,False,820,-45.83689880371094,-45.46279525756836,0
No driver concealed fewer than five teachers.,No driver concealed at most five teachers.,semantics,quantifiers,superlative_quantifiers_1,True,False,False,False,821,-52.016937255859375,-56.62556457519531,1
No doctor discusses more than two movies.,No doctor discusses at least two movies.,semantics,quantifiers,superlative_quantifiers_1,True,False,False,False,822,-45.251251220703125,-44.718299865722656,0
No museum did take more than two prints.,No museum did take at least two prints.,semantics,quantifiers,superlative_quantifiers_1,True,False,False,False,823,-49.64706039428711,-50.76762390136719,1
No hospital does remember more than five libraries.,No hospital does remember at least five libraries.,semantics,quantifiers,superlative_quantifiers_1,True,False,False,False,824,-53.12812042236328,-51.72781753540039,0
No bird should climb down fewer than four slopes.,No bird should climb down at most four slopes.,semantics,quantifiers,superlative_quantifiers_1,True,False,False,False,825,-61.16077423095703,-62.1550407409668,1
No guest broke fewer than eight couches.,No guest broke at most eight couches.,semantics,quantifiers,superlative_quantifiers_1,True,False,False,False,826,-58.121299743652344,-61.59955978393555,1
No student is watching more than eight waiters.,No student is watching at least eight waiters.,semantics,quantifiers,superlative_quantifiers_1,True,False,False,False,827,-51.82373809814453,-50.37358093261719,0
No doctor could research fewer than five lakes.,No doctor could research at most five lakes.,semantics,quantifiers,superlative_quantifiers_1,True,False,False,False,828,-58.818397521972656,-63.20306396484375,1
No picture looked like more than seven eggplants.,No picture looked like at least seven eggplants.,semantics,quantifiers,superlative_quantifiers_1,True,False,False,False,829,-62.189735412597656,-61.08850860595703,0
No customer should discover more than nine waitresses.,No customer should discover at least nine waitresses.,semantics,quantifiers,superlative_quantifiers_1,True,False,False,False,830,-62.58055877685547,-58.36919403076172,0
No pedestrian had loved more than five customers.,No pedestrian had loved at least five customers.,semantics,quantifiers,superlative_quantifiers_1,True,False,False,False,831,-51.35719299316406,-52.770362854003906,1
No school had appreciated more than three banks.,No school had appreciated at least three banks.,semantics,quantifiers,superlative_quantifiers_1,True,False,False,False,832,-50.598175048828125,-49.05750274658203,0
No person might reference fewer than four teenagers.,No person might reference at most four teenagers.,semantics,quantifiers,superlative_quantifiers_1,True,False,False,False,833,-52.6275634765625,-60.403690338134766,1
No child returns to fewer than six cashiers.,No child returns to at most six cashiers.,semantics,quantifiers,superlative_quantifiers_1,True,False,False,False,834,-56.578529357910156,-63.89421844482422,1
No waitress observes fewer than ten doctors.,No waitress observes at most ten doctors.,semantics,quantifiers,superlative_quantifiers_1,True,False,False,False,835,-52.89672088623047,-57.75931167602539,1
No dancer sounded like more than five art galleries.,No dancer sounded like at least five art galleries.,semantics,quantifiers,superlative_quantifiers_1,True,False,False,False,836,-55.31947708129883,-54.336204528808594,0
No woman messed up more than three gloves.,No woman messed up at least three gloves.,semantics,quantifiers,superlative_quantifiers_1,True,False,False,False,837,-51.64833068847656,-50.4715461730957,0
No waitress had worn more than seven jackets.,No waitress had worn at least seven jackets.,semantics,quantifiers,superlative_quantifiers_1,True,False,False,False,838,-51.6612548828125,-52.08354187011719,1
No cake had worried more than ten boys.,No cake had worried at least ten boys.,semantics,quantifiers,superlative_quantifiers_1,True,False,False,False,839,-54.22282409667969,-52.56037521362305,0
No boy worked with more than ten waitresses.,No boy worked with at least ten waitresses.,semantics,quantifiers,superlative_quantifiers_1,True,False,False,False,840,-55.25790023803711,-56.10649490356445,1
No government discusses more than five actresses.,No government discusses at least five actresses.,semantics,quantifiers,superlative_quantifiers_1,True,False,False,False,841,-49.54652404785156,-50.28487777709961,1
No student is questioning more than four teenagers.,No student is questioning at least four teenagers.,semantics,quantifiers,superlative_quantifiers_1,True,False,False,False,842,-48.06108093261719,-45.119590759277344,0
No teenager should lift fewer than seven newspaper articles.,No teenager should lift at most seven newspaper articles.,semantics,quantifiers,superlative_quantifiers_1,True,False,False,False,843,-63.367332458496094,-66.93545532226562,1
No cafe will bore more than seven men.,No cafe will bore at least seven men.,semantics,quantifiers,superlative_quantifiers_1,True,False,False,False,844,-52.92995834350586,-53.325748443603516,1
No adult escaped from fewer than three people.,No adult escaped from at most three people.,semantics,quantifiers,superlative_quantifiers_1,True,False,False,False,845,-46.921600341796875,-54.072967529296875,1
No waitress would break fewer than eight trucks.,No waitress would break at most eight trucks.,semantics,quantifiers,superlative_quantifiers_1,True,False,False,False,846,-60.04456329345703,-63.460365295410156,1
No teacher does heal more than two cashiers.,No teacher does heal at least two cashiers.,semantics,quantifiers,superlative_quantifiers_1,True,False,False,False,847,-59.80789566040039,-58.545127868652344,0
No lady complains about more than ten senators.,No lady complains about at least ten senators.,semantics,quantifiers,superlative_quantifiers_1,True,False,False,False,848,-48.04875183105469,-49.15150833129883,1
No guy has fled from more than two grocery stores.,No guy has fled from at least two grocery stores.,semantics,quantifiers,superlative_quantifiers_1,True,False,False,False,849,-53.8338623046875,-53.110801696777344,0
No pedestrian helps more than five ladies.,No pedestrian helps at least five ladies.,semantics,quantifiers,superlative_quantifiers_1,True,False,False,False,850,-51.0695915222168,-49.55391311645508,0
No actor exited more than nine art galleries.,No actor exited at least nine art galleries.,semantics,quantifiers,superlative_quantifiers_1,True,False,False,False,851,-58.312461853027344,-57.240234375,0
No boy went to more than three museums.,No boy went to at least three museums.,semantics,quantifiers,superlative_quantifiers_1,True,False,False,False,852,-46.99085235595703,-47.78117370605469,1
No boy was arriving at fewer than seven closets.,No boy was arriving at at most seven closets.,semantics,quantifiers,superlative_quantifiers_1,True,False,False,False,853,-60.81560134887695,-64.91093444824219,1
No guest messed up fewer than two forks.,No guest messed up at most two forks.,semantics,quantifiers,superlative_quantifiers_1,True,False,False,False,854,-57.04884338378906,-56.67289352416992,0
No man admires fewer than four closets.,No man admires at most four closets.,semantics,quantifiers,superlative_quantifiers_1,True,False,False,False,855,-56.05197525024414,-57.704925537109375,1
No shawl was stunning more than six governments.,No shawl was stunning at least six governments.,semantics,quantifiers,superlative_quantifiers_1,True,False,False,False,856,-69.83854675292969,-63.381553649902344,0
No pedestrian has admired fewer than six cups.,No pedestrian has admired at most six cups.,semantics,quantifiers,superlative_quantifiers_1,True,False,False,False,857,-63.41527557373047,-67.3477783203125,1
No guy researches fewer than nine mountains.,No guy researches at most nine mountains.,semantics,quantifiers,superlative_quantifiers_1,True,False,False,False,858,-58.19961929321289,-60.47852325439453,1
No student is fixing more than two carts.,No student is fixing at least two carts.,semantics,quantifiers,superlative_quantifiers_1,True,False,False,False,859,-50.610450744628906,-50.17150115966797,0
No boy might sound like more than five movie theaters.,No boy might sound like at least five movie theaters.,semantics,quantifiers,superlative_quantifiers_1,True,False,False,False,860,-55.49325942993164,-55.775146484375,1
No hospital might help more than nine adults.,No hospital might help at least nine adults.,semantics,quantifiers,superlative_quantifiers_1,True,False,False,False,861,-47.86447525024414,-47.14088439941406,0
No driver conceals more than nine commentaries.,No driver conceals at least nine commentaries.,semantics,quantifiers,superlative_quantifiers_1,True,False,False,False,862,-58.85863494873047,-60.349693298339844,1
No vase was shocking fewer than five teenagers.,No vase was shocking at most five teenagers.,semantics,quantifiers,superlative_quantifiers_1,True,False,False,False,863,-61.815467834472656,-62.34999084472656,1
No guest was ascending more than seven hills.,No guest was ascending at least seven hills.,semantics,quantifiers,superlative_quantifiers_1,True,False,False,False,864,-58.52272415161133,-56.063289642333984,0
No patient should question fewer than six committees.,No patient should question at most six committees.,semantics,quantifiers,superlative_quantifiers_1,True,False,False,False,865,-57.507110595703125,-60.1429443359375,1
No senator was wearing fewer than five scarves.,No senator was wearing at most five scarves.,semantics,quantifiers,superlative_quantifiers_1,True,False,False,False,866,-57.93738555908203,-63.84249496459961,1
No actress does boycott more than five glaciers.,No actress does boycott at least five glaciers.,semantics,quantifiers,superlative_quantifiers_1,True,False,False,False,867,-61.33263397216797,-59.56742858886719,0
No student was working with fewer than three students.,No student was working with at most three students.,semantics,quantifiers,superlative_quantifiers_1,True,False,False,False,868,-44.80915069580078,-49.764259338378906,1
No teacher does dislike fewer than six boys.,No teacher does dislike at most six boys.,semantics,quantifiers,superlative_quantifiers_1,True,False,False,False,869,-51.576393127441406,-57.65176773071289,1
No pedestrian was biking to more than nine high schools.,No pedestrian was biking to at least nine high schools.,semantics,quantifiers,superlative_quantifiers_1,True,False,False,False,870,-59.23944854736328,-61.5837516784668,1
No customer should drive to more than eight libraries.,No customer should drive to at least eight libraries.,semantics,quantifiers,superlative_quantifiers_1,True,False,False,False,871,-54.57888412475586,-54.315834045410156,0
No boy has returned to more than five ladies.,No boy has returned to at least five ladies.,semantics,quantifiers,superlative_quantifiers_1,True,False,False,False,872,-46.87636947631836,-48.82069778442383,1
No customer had concealed fewer than four grocery stores.,No customer had concealed at most four grocery stores.,semantics,quantifiers,superlative_quantifiers_1,True,False,False,False,873,-58.8601188659668,-61.611148834228516,1
No girl hid more than ten windows.,No girl hid at least ten windows.,semantics,quantifiers,superlative_quantifiers_1,True,False,False,False,874,-48.53980255126953,-47.86444091796875,0
No dress embarrassed fewer than eight pedestrians.,No dress embarrassed at most eight pedestrians.,semantics,quantifiers,superlative_quantifiers_1,True,False,False,False,875,-64.77448272705078,-64.417236328125,0
No fish resembles more than seven pictures.,No fish resembles at least seven pictures.,semantics,quantifiers,superlative_quantifiers_1,True,False,False,False,876,-49.236717224121094,-48.29456329345703,0
No guy discovers more than seven skirts.,No guy discovers at least seven skirts.,semantics,quantifiers,superlative_quantifiers_1,True,False,False,False,877,-51.273841857910156,-49.91493606567383,0
No senator can conceal more than eight actresses.,No senator can conceal at least eight actresses.,semantics,quantifiers,superlative_quantifiers_1,True,False,False,False,878,-58.7680549621582,-57.926002502441406,0
No guy had investigated fewer than five universities.,No guy had investigated at most five universities.,semantics,quantifiers,superlative_quantifiers_1,True,False,False,False,879,-57.703758239746094,-60.86935806274414,1
No rug was hurting fewer than seven women.,No rug was hurting at most seven women.,semantics,quantifiers,superlative_quantifiers_1,True,False,False,False,880,-56.889732360839844,-58.64098358154297,1
No senator might see fewer than seven planes.,No senator might see at most seven planes.,semantics,quantifiers,superlative_quantifiers_1,True,False,False,False,881,-58.076194763183594,-63.014671325683594,1
No patient describes more than ten banks.,No patient describes at least ten banks.,semantics,quantifiers,superlative_quantifiers_1,True,False,False,False,882,-46.18238830566406,-48.18516159057617,1
No guest will drop by more than two college campuses.,No guest will drop by at least two college campuses.,semantics,quantifiers,superlative_quantifiers_1,True,False,False,False,883,-52.94151306152344,-52.37598419189453,0
No legislature likes fewer than six pants.,No legislature likes at most six pants.,semantics,quantifiers,superlative_quantifiers_1,True,False,False,False,884,-55.329071044921875,-63.595489501953125,1
No man was cleaning fewer than seven chairs.,No man was cleaning at most seven chairs.,semantics,quantifiers,superlative_quantifiers_1,True,False,False,False,885,-56.974754333496094,-56.8191032409668,0
No photograph had upset more than seven hospitals.,No photograph had upset at least seven hospitals.,semantics,quantifiers,superlative_quantifiers_1,True,False,False,False,886,-58.65087890625,-56.00163269042969,0
No waitress would cure more than ten dancers.,No waitress would cure at least ten dancers.,semantics,quantifiers,superlative_quantifiers_1,True,False,False,False,887,-53.02094650268555,-55.36234664916992,1
No child scans more than ten documentaries.,No child scans at least ten documentaries.,semantics,quantifiers,superlative_quantifiers_1,True,False,False,False,888,-48.62446212768555,-50.60716247558594,1
No driver might hug more than five cashiers.,No driver might hug at least five cashiers.,semantics,quantifiers,superlative_quantifiers_1,True,False,False,False,889,-60.35979461669922,-60.4642333984375,1
No guest had discussed more than two documentaries.,No guest had discussed at least two documentaries.,semantics,quantifiers,superlative_quantifiers_1,True,False,False,False,890,-49.81256866455078,-49.2807502746582,0
No senator has driven to fewer than ten schools.,No senator has driven to at most ten schools.,semantics,quantifiers,superlative_quantifiers_1,True,False,False,False,891,-55.158531188964844,-61.464500427246094,1
No cashier had gone to more than seven mountains.,No cashier had gone to at least seven mountains.,semantics,quantifiers,superlative_quantifiers_1,True,False,False,False,892,-59.784950256347656,-60.72352981567383,1
No senator did explore fewer than five movie theaters.,No senator did explore at most five movie theaters.,semantics,quantifiers,superlative_quantifiers_1,True,False,False,False,893,-66.13440704345703,-71.28666687011719,1
No man can flee from more than nine mountains.,No man can flee from at least nine mountains.,semantics,quantifiers,superlative_quantifiers_1,True,False,False,False,894,-55.632164001464844,-54.427276611328125,0
No driver has skated around fewer than nine banks.,No driver has skated around at most nine banks.,semantics,quantifiers,superlative_quantifiers_1,True,False,False,False,895,-63.12969207763672,-65.53483581542969,1
No museum disturbed more than two hospitals.,No museum disturbed at least two hospitals.,semantics,quantifiers,superlative_quantifiers_1,True,False,False,False,896,-49.1809196472168,-50.266380310058594,1
No cashier will kiss fewer than three girls.,No cashier will kiss at most three girls.,semantics,quantifiers,superlative_quantifiers_1,True,False,False,False,897,-60.723785400390625,-65.85383605957031,1
No pedestrian breaks more than ten plates.,No pedestrian breaks at least ten plates.,semantics,quantifiers,superlative_quantifiers_1,True,False,False,False,898,-49.826534271240234,-50.21833419799805,1
No waiter is dropping by more than two grocery stores.,No waiter is dropping by at least two grocery stores.,semantics,quantifiers,superlative_quantifiers_1,True,False,False,False,899,-49.21215057373047,-49.05101776123047,0
No book had sounded like fewer than three banks.,No book had sounded like at most three banks.,semantics,quantifiers,superlative_quantifiers_1,True,False,False,False,900,-58.216278076171875,-61.37208557128906,1
No guest walks through more than four cafes.,No guest walks through at least four cafes.,semantics,quantifiers,superlative_quantifiers_1,True,False,False,False,901,-47.76013946533203,-50.900779724121094,1
No girl did buy more than ten rugs.,No girl did buy at least ten rugs.,semantics,quantifiers,superlative_quantifiers_1,True,False,False,False,902,-47.327945709228516,-48.80452346801758,1
No girl researches fewer than six movie theaters.,No girl researches at most six movie theaters.,semantics,quantifiers,superlative_quantifiers_1,True,False,False,False,903,-58.3643798828125,-61.45799255371094,1
No coat is distracting more than two adults.,No coat is distracting at least two adults.,semantics,quantifiers,superlative_quantifiers_1,True,False,False,False,904,-50.963497161865234,-47.83549499511719,0
No lady can conceal more than two reports.,No lady can conceal at least two reports.,semantics,quantifiers,superlative_quantifiers_1,True,False,False,False,905,-52.8251838684082,-52.041847229003906,0
No book sounded like more than six cashiers.,No book sounded like at least six cashiers.,semantics,quantifiers,superlative_quantifiers_1,True,False,False,False,906,-54.50423049926758,-53.208351135253906,0
No dancer discusses fewer than seven art galleries.,No dancer discusses at most seven art galleries.,semantics,quantifiers,superlative_quantifiers_1,True,False,False,False,907,-58.773536682128906,-60.83050537109375,1
No teacher had gone to fewer than seven public parks.,No teacher had gone to at most seven public parks.,semantics,quantifiers,superlative_quantifiers_1,True,False,False,False,908,-62.25885009765625,-66.48346710205078,1
No company is describing fewer than nine reports.,No company is describing at most nine reports.,semantics,quantifiers,superlative_quantifiers_1,True,False,False,False,909,-53.8801155090332,-57.78522872924805,1
No carriage was confusing fewer than four adults.,No carriage was confusing at most four adults.,semantics,quantifiers,superlative_quantifiers_1,True,False,False,False,910,-57.265995025634766,-57.852725982666016,1
No boy messed up more than seven glasses.,No boy messed up at least seven glasses.,semantics,quantifiers,superlative_quantifiers_1,True,False,False,False,911,-50.38038635253906,-48.615386962890625,0
No teenager climbed up fewer than three mountains.,No teenager climbed up at most three mountains.,semantics,quantifiers,superlative_quantifiers_1,True,False,False,False,912,-54.177467346191406,-56.40342712402344,1
No actress had examined fewer than four movies.,No actress had examined at most four movies.,semantics,quantifiers,superlative_quantifiers_1,True,False,False,False,913,-55.540775299072266,-57.98280334472656,1
No teenager could love fewer than eight reports.,No teenager could love at most eight reports.,semantics,quantifiers,superlative_quantifiers_1,True,False,False,False,914,-54.64702224731445,-61.32451629638672,1
No car aggravated more than five teachers.,No car aggravated at least five teachers.,semantics,quantifiers,superlative_quantifiers_1,True,False,False,False,915,-51.71803283691406,-48.510894775390625,0
No fish has ascended more than nine slopes.,No fish has ascended at least nine slopes.,semantics,quantifiers,superlative_quantifiers_1,True,False,False,False,916,-56.606544494628906,-56.7703971862793,1
No driver questions fewer than five senators.,No driver questions at most five senators.,semantics,quantifiers,superlative_quantifiers_1,True,False,False,False,917,-50.403499603271484,-51.980045318603516,1
No teacher discovers more than three plays.,No teacher discovers at least three plays.,semantics,quantifiers,superlative_quantifiers_1,True,False,False,False,918,-45.05390930175781,-44.393035888671875,0
No woman disgusted more than six committees.,No woman disgusted at least six committees.,semantics,quantifiers,superlative_quantifiers_1,True,False,False,False,919,-57.17174530029297,-50.83773422241211,0
No lady toured more than five grocery stores.,No lady toured at least five grocery stores.,semantics,quantifiers,superlative_quantifiers_1,True,False,False,False,920,-49.76985168457031,-50.5577392578125,1
No carriage had shocked fewer than three adults.,No carriage had shocked at most three adults.,semantics,quantifiers,superlative_quantifiers_1,True,False,False,False,921,-60.24681091308594,-61.32844924926758,1
No woman explores fewer than two malls.,No woman explores at most two malls.,semantics,quantifiers,superlative_quantifiers_1,True,False,False,False,922,-56.954383850097656,-59.58552932739258,1
No man skates around more than nine public parks.,No man skates around at least nine public parks.,semantics,quantifiers,superlative_quantifiers_1,True,False,False,False,923,-63.288658142089844,-63.572052001953125,1
No hospital fires more than five drivers.,No hospital fires at least five drivers.,semantics,quantifiers,superlative_quantifiers_1,True,False,False,False,924,-44.8885612487793,-45.2974739074707,1
No waitress broke more than nine trucks.,No waitress broke at least nine trucks.,semantics,quantifiers,superlative_quantifiers_1,True,False,False,False,925,-52.57301330566406,-54.01468276977539,1
No person boasts about more than six commentaries.,No person boasts about at least six commentaries.,semantics,quantifiers,superlative_quantifiers_1,True,False,False,False,926,-55.197731018066406,-55.564693450927734,1
No person saw more than two dresses.,No person saw at least two dresses.,semantics,quantifiers,superlative_quantifiers_1,True,False,False,False,927,-42.248207092285156,-41.61473083496094,0
No actress has ascended fewer than six slopes.,No actress has ascended at most six slopes.,semantics,quantifiers,superlative_quantifiers_1,True,False,False,False,928,-61.591552734375,-66.70303344726562,1
No school was firing more than four people.,No school was firing at least four people.,semantics,quantifiers,superlative_quantifiers_1,True,False,False,False,929,-42.12592315673828,-41.388702392578125,0
No guy does hate more than eight teenagers.,No guy does hate at least eight teenagers.,semantics,quantifiers,superlative_quantifiers_1,True,False,False,False,930,-50.670005798339844,-48.579078674316406,0
No actress has seen more than two people.,No actress has seen at least two people.,semantics,quantifiers,superlative_quantifiers_1,True,False,False,False,931,-39.25716018676758,-39.29856872558594,1
No guest should work with fewer than two doctors.,No guest should work with at most two doctors.,semantics,quantifiers,superlative_quantifiers_1,True,False,False,False,932,-52.939476013183594,-58.07377624511719,1
No committee had talked about fewer than nine students.,No committee had talked about at most nine students.,semantics,quantifiers,superlative_quantifiers_1,True,False,False,False,933,-52.60103225708008,-55.565093994140625,1
No hospital took more than three restaurants.,No hospital took at least three restaurants.,semantics,quantifiers,superlative_quantifiers_1,True,False,False,False,934,-40.05241012573242,-41.71527862548828,1
No university would shock fewer than seven teachers.,No university would shock at most seven teachers.,semantics,quantifiers,superlative_quantifiers_1,True,False,False,False,935,-55.84373474121094,-58.2938232421875,1
No senator runs around more than seven grocery stores.,No senator runs around at least seven grocery stores.,semantics,quantifiers,superlative_quantifiers_1,True,False,False,False,936,-57.74866485595703,-58.08034896850586,1
No adult had talked to fewer than ten pedestrians.,No adult had talked to at most ten pedestrians.,semantics,quantifiers,superlative_quantifiers_1,True,False,False,False,937,-61.813453674316406,-67.20167541503906,1
No organization likes fewer than seven lamps.,No organization likes at most seven lamps.,semantics,quantifiers,superlative_quantifiers_1,True,False,False,False,938,-52.565025329589844,-57.94160842895508,1
No boy passes fewer than five college campuses.,No boy passes at most five college campuses.,semantics,quantifiers,superlative_quantifiers_1,True,False,False,False,939,-55.70427703857422,-58.901123046875,1
No patient did research more than nine reports.,No patient did research at least nine reports.,semantics,quantifiers,superlative_quantifiers_1,True,False,False,False,940,-51.02854919433594,-50.2582893371582,0
No driver did question fewer than ten museums.,No driver did question at most ten museums.,semantics,quantifiers,superlative_quantifiers_1,True,False,False,False,941,-60.545475006103516,-63.09184265136719,1
No teacher scares fewer than nine customers.,No teacher scares at most nine customers.,semantics,quantifiers,superlative_quantifiers_1,True,False,False,False,942,-52.004573822021484,-56.07506561279297,1
No student watches fewer than ten men.,No student watches at most ten men.,semantics,quantifiers,superlative_quantifiers_1,True,False,False,False,943,-45.73982238769531,-49.51140594482422,1
No coat was disturbing more than eight banks.,No coat was disturbing at least eight banks.,semantics,quantifiers,superlative_quantifiers_1,True,False,False,False,944,-57.56962585449219,-53.328895568847656,0
No guest was hugging fewer than eight doctors.,No guest was hugging at most eight doctors.,semantics,quantifiers,superlative_quantifiers_1,True,False,False,False,945,-58.872589111328125,-60.586463928222656,1
No guy boycotted fewer than ten public parks.,No guy boycotted at most ten public parks.,semantics,quantifiers,superlative_quantifiers_1,True,False,False,False,946,-73.40087890625,-76.12576293945312,1
No woman is breaking more than six couches.,No woman is breaking at least six couches.,semantics,quantifiers,superlative_quantifiers_1,True,False,False,False,947,-53.615577697753906,-52.08091354370117,0
No waiter had ascended fewer than eight hills.,No waiter had ascended at most eight hills.,semantics,quantifiers,superlative_quantifiers_1,True,False,False,False,948,-61.42108154296875,-64.02384185791016,1
No actress has scanned fewer than seven newspaper articles.,No actress has scanned at most seven newspaper articles.,semantics,quantifiers,superlative_quantifiers_1,True,False,False,False,949,-60.08787536621094,-61.93327331542969,1
No customer would see more than nine eggplants.,No customer would see at least nine eggplants.,semantics,quantifiers,superlative_quantifiers_1,True,False,False,False,950,-61.76630401611328,-59.61397171020508,0
No company should hate fewer than two waiters.,No company should hate at most two waiters.,semantics,quantifiers,superlative_quantifiers_1,True,False,False,False,951,-60.382198333740234,-65.31974792480469,1
No man had toured more than five libraries.,No man had toured at least five libraries.,semantics,quantifiers,superlative_quantifiers_1,True,False,False,False,952,-51.18367004394531,-51.72738265991211,1
No patient is cleaning fewer than ten college campuses.,No patient is cleaning at most ten college campuses.,semantics,quantifiers,superlative_quantifiers_1,True,False,False,False,953,-56.70404052734375,-57.04314422607422,1
No actor was annoying more than nine guests.,No actor was annoying at least nine guests.,semantics,quantifiers,superlative_quantifiers_1,True,False,False,False,954,-55.788673400878906,-50.12303161621094,0
No student discovers more than three museums.,No student discovers at least three museums.,semantics,quantifiers,superlative_quantifiers_1,True,False,False,False,955,-46.07270812988281,-45.07741165161133,0
No adult hired more than two dancers.,No adult hired at least two dancers.,semantics,quantifiers,superlative_quantifiers_1,True,False,False,False,956,-46.779022216796875,-48.46605682373047,1
No woman healed more than three waitresses.,No woman healed at least three waitresses.,semantics,quantifiers,superlative_quantifiers_1,True,False,False,False,957,-55.09752655029297,-55.30132293701172,1
No lady arrives at more than six art galleries.,No lady arrives at at least six art galleries.,semantics,quantifiers,superlative_quantifiers_1,True,False,False,False,958,-52.86213302612305,-54.40310287475586,1
No teacher is visiting more than four women.,No teacher is visiting at least four women.,semantics,quantifiers,superlative_quantifiers_1,True,False,False,False,959,-42.786529541015625,-44.36759948730469,1
No student is disgusting more than ten people.,No student is disgusting at least ten people.,semantics,quantifiers,superlative_quantifiers_1,True,False,False,False,960,-48.99930191040039,-44.62028503417969,0
No person was praising more than eight reports.,No person was praising at least eight reports.,semantics,quantifiers,superlative_quantifiers_1,True,False,False,False,961,-50.59403991699219,-47.260868072509766,0
No teenager drives to more than ten college campuses.,No teenager drives to at least ten college campuses.,semantics,quantifiers,superlative_quantifiers_1,True,False,False,False,962,-53.71629333496094,-54.16333770751953,1
No student is selling fewer than nine rabbits.,No student is selling at most nine rabbits.,semantics,quantifiers,superlative_quantifiers_1,True,False,False,False,963,-54.923866271972656,-58.75260925292969,1
No lady hires more than four waitresses.,No lady hires at least four waitresses.,semantics,quantifiers,superlative_quantifiers_1,True,False,False,False,964,-53.274070739746094,-55.30244064331055,1
No child was examining fewer than six stories.,No child was examining at most six stories.,semantics,quantifiers,superlative_quantifiers_1,True,False,False,False,965,-54.1298942565918,-57.6181526184082,1
No guy might bring fewer than six mushrooms.,No guy might bring at most six mushrooms.,semantics,quantifiers,superlative_quantifiers_1,True,False,False,False,966,-59.101173400878906,-63.8343620300293,1
No actress was distracting more than six doctors.,No actress was distracting at least six doctors.,semantics,quantifiers,superlative_quantifiers_1,True,False,False,False,967,-56.56537628173828,-52.6450309753418,0
No teacher could boycott more than ten mountains.,No teacher could boycott at least ten mountains.,semantics,quantifiers,superlative_quantifiers_1,True,False,False,False,968,-54.48747253417969,-55.39178466796875,1
No waiter had explored fewer than four cafes.,No waiter had explored at most four cafes.,semantics,quantifiers,superlative_quantifiers_1,True,False,False,False,969,-58.502052307128906,-61.964271545410156,1
No woman is escaping from more than eight actresses.,No woman is escaping from at least eight actresses.,semantics,quantifiers,superlative_quantifiers_1,True,False,False,False,970,-54.71103286743164,-55.48555374145508,1
No story is irritating more than ten organizations.,No story is irritating at least ten organizations.,semantics,quantifiers,superlative_quantifiers_1,True,False,False,False,971,-52.49767303466797,-48.92814636230469,0
No boy bought more than six mushrooms.,No boy bought at least six mushrooms.,semantics,quantifiers,superlative_quantifiers_1,True,False,False,False,972,-46.688846588134766,-48.54316711425781,1
No actress had remembered fewer than seven guests.,No actress had remembered at most seven guests.,semantics,quantifiers,superlative_quantifiers_1,True,False,False,False,973,-58.46868896484375,-59.56256103515625,1
No customer reveals fewer than five teachers.,No customer reveals at most five teachers.,semantics,quantifiers,superlative_quantifiers_1,True,False,False,False,974,-50.824432373046875,-55.264442443847656,1
No guest did watch more than six women.,No guest did watch at least six women.,semantics,quantifiers,superlative_quantifiers_1,True,False,False,False,975,-51.62031555175781,-52.29551696777344,1
No commentary was bothering more than three cashiers.,No commentary was bothering at least three cashiers.,semantics,quantifiers,superlative_quantifiers_1,True,False,False,False,976,-60.89957809448242,-59.15548324584961,0
No driver helps fewer than four doctors.,No driver helps at most four doctors.,semantics,quantifiers,superlative_quantifiers_1,True,False,False,False,977,-47.6597900390625,-50.327362060546875,1
No teenager was complaining about more than ten cashiers.,No teenager was complaining about at least ten cashiers.,semantics,quantifiers,superlative_quantifiers_1,True,False,False,False,978,-57.352909088134766,-56.67454147338867,0
No actress is walking through fewer than seven closets.,No actress is walking through at most seven closets.,semantics,quantifiers,superlative_quantifiers_1,True,False,False,False,979,-61.34003448486328,-66.49009704589844,1
No adult skates around more than nine glaciers.,No adult skates around at least nine glaciers.,semantics,quantifiers,superlative_quantifiers_1,True,False,False,False,980,-59.619873046875,-60.32036209106445,1
No guy had found more than four trucks.,No guy had found at least four trucks.,semantics,quantifiers,superlative_quantifiers_1,True,False,False,False,981,-47.716888427734375,-45.35956573486328,0
No photograph looks like fewer than eight photographs.,No photograph looks like at most eight photographs.,semantics,quantifiers,superlative_quantifiers_1,True,False,False,False,982,-51.63025665283203,-54.729454040527344,1
No boy arrives at fewer than seven mountains.,No boy arrives at at most seven mountains.,semantics,quantifiers,superlative_quantifiers_1,True,False,False,False,983,-53.82645034790039,-58.918128967285156,1
No legislature helped fewer than eight dancers.,No legislature helped at most eight dancers.,semantics,quantifiers,superlative_quantifiers_1,True,False,False,False,984,-53.493648529052734,-58.82398223876953,1
No child could sound like fewer than two commentaries.,No child could sound like at most two commentaries.,semantics,quantifiers,superlative_quantifiers_1,True,False,False,False,985,-59.65026092529297,-65.49844360351562,1
No lady was bringing more than two sweaters.,No lady was bringing at least two sweaters.,semantics,quantifiers,superlative_quantifiers_1,True,False,False,False,986,-49.0665283203125,-49.26853942871094,1
No patient should take fewer than five coats.,No patient should take at most five coats.,semantics,quantifiers,superlative_quantifiers_1,True,False,False,False,987,-48.538734436035156,-53.920074462890625,1
No child climbed down more than four steps.,No child climbed down at least four steps.,semantics,quantifiers,superlative_quantifiers_1,True,False,False,False,988,-47.07405090332031,-45.72075653076172,0
No art gallery disturbed fewer than eight libraries.,No art gallery disturbed at most eight libraries.,semantics,quantifiers,superlative_quantifiers_1,True,False,False,False,989,-62.98292922973633,-64.88697052001953,1
No dog descends more than seven slopes.,No dog descends at least seven slopes.,semantics,quantifiers,superlative_quantifiers_1,True,False,False,False,990,-54.36582565307617,-55.225440979003906,1
No mountain alarmed more than ten waiters.,No mountain alarmed at least ten waiters.,semantics,quantifiers,superlative_quantifiers_1,True,False,False,False,991,-58.938045501708984,-55.25118637084961,0
No girl has fewer than two mouths.,No girl has at most two mouths.,semantics,quantifiers,superlative_quantifiers_1,True,False,False,False,992,-42.429595947265625,-49.028594970703125,1
No driver exited more than six hospitals.,No driver exited at least six hospitals.,semantics,quantifiers,superlative_quantifiers_1,True,False,False,False,993,-47.4022102355957,-48.48255157470703,1
No waitress has described fewer than four public parks.,No waitress has described at most four public parks.,semantics,quantifiers,superlative_quantifiers_1,True,False,False,False,994,-59.99053192138672,-63.938201904296875,1
No customer has exited more than five grocery stores.,No customer has exited at least five grocery stores.,semantics,quantifiers,superlative_quantifiers_1,True,False,False,False,995,-52.295806884765625,-52.228431701660156,0
No play has upset fewer than nine organizations.,No play has upset at most nine organizations.,semantics,quantifiers,superlative_quantifiers_1,True,False,False,False,996,-57.41504669189453,-59.14332962036133,1
No dancer was biking to fewer than two schools.,No dancer was biking to at most two schools.,semantics,quantifiers,superlative_quantifiers_1,True,False,False,False,997,-59.39466094970703,-65.05986785888672,1
No lake disturbs fewer than seven children.,No lake disturbs at most seven children.,semantics,quantifiers,superlative_quantifiers_1,True,False,False,False,998,-55.803077697753906,-58.94010925292969,1
No drawing looked like fewer than nine senators.,No drawing looked like at most nine senators.,semantics,quantifiers,superlative_quantifiers_1,True,False,False,False,999,-59.530601501464844,-63.603450775146484,1
