sentence_good,sentence_bad,field,linguistics_term,UID,simple_LM_method,one_prefix_method,two_prefix_method,lexically_identical,pair_id,good_prob,bad_prob,correct
Had Bruce ever played?,Bruce had ever played.,semantics,npi_licensing,matrix_question_npi_licensor_present,True,False,True,True,0,-33.69902801513672,-21.197040557861328,0
Had Patrick ever answered?,Patrick had ever answered.,semantics,npi_licensing,matrix_question_npi_licensor_present,True,False,True,True,1,-34.825225830078125,-22.780960083007812,0
Do some carts ever accelerate?,Some carts do ever accelerate.,semantics,npi_licensing,matrix_question_npi_licensor_present,True,False,True,True,2,-42.39314270019531,-42.094322204589844,0
Will Dawn ever know Jeffrey?,Dawn will ever know Jeffrey.,semantics,npi_licensing,matrix_question_npi_licensor_present,True,False,True,True,3,-44.930442810058594,-46.20497131347656,1
Should Monica ever grin?,Monica should ever grin.,semantics,npi_licensing,matrix_question_npi_licensor_present,True,False,True,True,4,-37.759212493896484,-36.74247741699219,0
Has Cindy ever anticipated most dancers to study?,Cindy has ever anticipated most dancers to study.,semantics,npi_licensing,matrix_question_npi_licensor_present,True,False,True,True,5,-66.57748413085938,-65.52006530761719,0
Had Denise ever doubted Galileo can't bother to train?,Denise had ever doubted Galileo can't bother to train.,semantics,npi_licensing,matrix_question_npi_licensor_present,True,False,True,True,6,-75.05442810058594,-68.70298767089844,0
Has Jane ever worried Tonya?,Jane has ever worried Tonya.,semantics,npi_licensing,matrix_question_npi_licensor_present,True,False,True,True,7,-51.799224853515625,-41.660118103027344,0
Would many customers ever bake?,Many customers would ever bake.,semantics,npi_licensing,matrix_question_npi_licensor_present,True,False,True,True,8,-39.615447998046875,-34.062774658203125,0
Should Mitchell ever know Eva?,Mitchell should ever know Eva.,semantics,npi_licensing,matrix_question_npi_licensor_present,True,False,True,True,9,-44.434574127197266,-45.696929931640625,1
Could many doctors ever clash?,Many doctors could ever clash.,semantics,npi_licensing,matrix_question_npi_licensor_present,True,False,True,True,10,-41.63892364501953,-37.011680603027344,0
Has Sandra ever planned to get a job?,Sandra has ever planned to get a job.,semantics,npi_licensing,matrix_question_npi_licensor_present,True,False,True,True,11,-46.876102447509766,-43.462745666503906,0
Will the horse ever come here?,The horse will ever come here.,semantics,npi_licensing,matrix_question_npi_licensor_present,True,False,True,True,12,-28.896570205688477,-30.12384033203125,1
Did children ever cope?,Children did ever cope.,semantics,npi_licensing,matrix_question_npi_licensor_present,True,False,True,True,13,-28.993886947631836,-22.44243621826172,0
Did Carolyn ever argue?,Carolyn did ever argue.,semantics,npi_licensing,matrix_question_npi_licensor_present,True,False,True,True,14,-31.739206314086914,-33.76679992675781,1
Did most dresses ever shrink?,Most dresses did ever shrink.,semantics,npi_licensing,matrix_question_npi_licensor_present,True,False,True,True,15,-43.566707611083984,-38.230384826660156,0
Might Sarah ever forget many teachers?,Sarah might ever forget many teachers.,semantics,npi_licensing,matrix_question_npi_licensor_present,True,False,True,True,16,-53.92036437988281,-36.86366653442383,0
Might Frank ever boast about Melanie?,Frank might ever boast about Melanie.,semantics,npi_licensing,matrix_question_npi_licensor_present,True,False,True,True,17,-59.34926986694336,-41.69550323486328,0
Had Dennis ever begged Joel to stretch?,Dennis had ever begged Joel to stretch.,semantics,npi_licensing,matrix_question_npi_licensor_present,True,False,True,True,18,-61.350486755371094,-58.315635681152344,0
Does Eric ever prompt Dawn to write?,Eric does ever prompt Dawn to write.,semantics,npi_licensing,matrix_question_npi_licensor_present,True,False,True,True,19,-59.25273895263672,-50.978294372558594,0
Would Ann ever drink?,Ann would ever drink.,semantics,npi_licensing,matrix_question_npi_licensor_present,True,False,True,True,20,-29.369644165039062,-21.747760772705078,0
Did Sharon ever waste away?,Sharon did ever waste away.,semantics,npi_licensing,matrix_question_npi_licensor_present,True,False,True,True,21,-39.32404327392578,-38.16777801513672,0
Would some screen ever disappear?,Some screen would ever disappear.,semantics,npi_licensing,matrix_question_npi_licensor_present,True,False,True,True,22,-38.46623229980469,-35.826873779296875,0
Does Gary ever believe Dennis to alarm Stephanie?,Gary does ever believe Dennis to alarm Stephanie.,semantics,npi_licensing,matrix_question_npi_licensor_present,True,False,True,True,23,-68.43833923339844,-61.33945083618164,0
Will that coat ever warp?,That coat will ever warp.,semantics,npi_licensing,matrix_question_npi_licensor_present,True,False,True,True,24,-39.19112014770508,-39.273494720458984,1
Had Suzanne ever sat down?,Suzanne had ever sat down.,semantics,npi_licensing,matrix_question_npi_licensor_present,True,False,True,True,25,-34.51967239379883,-34.70757293701172,1
Has Nina ever descended that mountain?,Nina has ever descended that mountain.,semantics,npi_licensing,matrix_question_npi_licensor_present,True,False,True,True,26,-50.67599868774414,-47.82220458984375,0
Did Jill ever die?,Jill did ever die.,semantics,npi_licensing,matrix_question_npi_licensor_present,True,False,True,True,27,-31.380878448486328,-27.863052368164062,0
Will Bradley ever mutter?,Bradley will ever mutter.,semantics,npi_licensing,matrix_question_npi_licensor_present,True,False,True,True,28,-40.36539840698242,-36.36722183227539,0
Have many children ever surrendered?,Many children have ever surrendered.,semantics,npi_licensing,matrix_question_npi_licensor_present,True,False,True,True,29,-37.371768951416016,-31.425579071044922,0
Would Stephen ever hide away?,Stephen would ever hide away.,semantics,npi_licensing,matrix_question_npi_licensor_present,True,False,True,True,30,-36.93682098388672,-26.82160186767578,0
Has Steven ever badgered every man to sound like most senators?,Steven has ever badgered every man to sound like most senators.,semantics,npi_licensing,matrix_question_npi_licensor_present,True,False,True,True,31,-91.9315185546875,-84.03292846679688,0
Might students ever see?,Students might ever see.,semantics,npi_licensing,matrix_question_npi_licensor_present,True,False,True,True,32,-39.11542510986328,-19.016895294189453,0
Will some bank ever profit?,Some bank will ever profit.,semantics,npi_licensing,matrix_question_npi_licensor_present,True,False,True,True,33,-40.258758544921875,-37.86174011230469,0
Would Andrea ever encourage Beth to care for Charles?,Andrea would ever encourage Beth to care for Charles.,semantics,npi_licensing,matrix_question_npi_licensor_present,True,False,True,True,34,-70.5381851196289,-68.15557861328125,0
Has Brad ever insulted Irene?,Brad has ever insulted Irene.,semantics,npi_licensing,matrix_question_npi_licensor_present,True,False,True,True,35,-47.46373748779297,-38.65419387817383,0
Could Vanessa ever dislike Charles?,Vanessa could ever dislike Charles.,semantics,npi_licensing,matrix_question_npi_licensor_present,True,False,True,True,36,-48.36347198486328,-46.701271057128906,0
Had Carl ever kissed Irene?,Carl had ever kissed Irene.,semantics,npi_licensing,matrix_question_npi_licensor_present,True,False,True,True,37,-43.03368377685547,-33.4713020324707,0
Will Christina ever try to observe Dawn?,Christina will ever try to observe Dawn.,semantics,npi_licensing,matrix_question_npi_licensor_present,True,False,True,True,38,-55.828224182128906,-50.85697937011719,0
Did Samuel ever sneeze?,Samuel did ever sneeze.,semantics,npi_licensing,matrix_question_npi_licensor_present,True,False,True,True,39,-44.154727935791016,-43.2445068359375,0
Should a lot of girls ever benefit?,A lot of girls should ever benefit.,semantics,npi_licensing,matrix_question_npi_licensor_present,True,False,True,True,40,-39.65541458129883,-40.83423614501953,1
Could some people ever chat?,Some people could ever chat.,semantics,npi_licensing,matrix_question_npi_licensor_present,True,False,True,True,41,-30.40993881225586,-30.44892692565918,1
Had Colleen ever imagined those actresses have ordered Kevin to talk?,Colleen had ever imagined those actresses have ordered Kevin to talk.,semantics,npi_licensing,matrix_question_npi_licensor_present,True,False,True,True,42,-99.65263366699219,-85.96427917480469,0
Has Sharon ever climbed down a hill?,Sharon has ever climbed down a hill.,semantics,npi_licensing,matrix_question_npi_licensor_present,True,False,True,True,43,-49.15376663208008,-47.44841003417969,0
Might Catherine ever implore Kristin's cousins to speak up?,Catherine might ever implore Kristin's cousins to speak up.,semantics,npi_licensing,matrix_question_npi_licensor_present,True,False,True,True,44,-98.83607482910156,-88.13797760009766,0
Have a lot of teachers ever kissed?,A lot of teachers have ever kissed.,semantics,npi_licensing,matrix_question_npi_licensor_present,True,False,True,True,45,-41.284080505371094,-43.6352653503418,1
Has Gary ever argued?,Gary has ever argued.,semantics,npi_licensing,matrix_question_npi_licensor_present,True,False,True,True,46,-35.225685119628906,-25.608091354370117,0
Have these blouses ever shrunk?,These blouses have ever shrunk.,semantics,npi_licensing,matrix_question_npi_licensor_present,True,False,True,True,47,-49.237327575683594,-46.19438552856445,0
Did Heather ever visit those closets?,Heather did ever visit those closets.,semantics,npi_licensing,matrix_question_npi_licensor_present,True,False,True,True,48,-55.53415298461914,-53.337318420410156,0
Do a lot of legislatures ever profit?,A lot of legislatures do ever profit.,semantics,npi_licensing,matrix_question_npi_licensor_present,True,False,True,True,49,-47.836669921875,-52.40467071533203,1
Had Raymond ever murmured?,Raymond had ever murmured.,semantics,npi_licensing,matrix_question_npi_licensor_present,True,False,True,True,50,-38.32032012939453,-33.44145202636719,0
Has Amelia ever learned who aren't seeing?,Amelia has ever learned who aren't seeing.,semantics,npi_licensing,matrix_question_npi_licensor_present,True,False,True,True,51,-58.160892486572266,-57.708595275878906,0
Had Frank ever cleaned glasses?,Frank had ever cleaned glasses.,semantics,npi_licensing,matrix_question_npi_licensor_present,True,False,True,True,52,-41.57717514038086,-30.09724235534668,0
Do all hats ever twist?,All hats do ever twist.,semantics,npi_licensing,matrix_question_npi_licensor_present,True,False,True,True,53,-39.6534538269043,-38.0838737487793,0
Does that ice ever evaporate?,That ice does ever evaporate.,semantics,npi_licensing,matrix_question_npi_licensor_present,True,False,True,True,54,-42.01350402832031,-43.258113861083984,1
Had some vase ever tipped over?,Some vase had ever tipped over.,semantics,npi_licensing,matrix_question_npi_licensor_present,True,False,True,True,55,-49.09271240234375,-44.49712371826172,0
Has Steven ever tried to die?,Steven has ever tried to die.,semantics,npi_licensing,matrix_question_npi_licensor_present,True,False,True,True,56,-37.80863952636719,-29.271961212158203,0
Had Amy ever cooked?,Amy had ever cooked.,semantics,npi_licensing,matrix_question_npi_licensor_present,True,False,True,True,57,-32.85505294799805,-20.682960510253906,0
Has Deanna ever learned what won't negotiate?,Deanna has ever learned what won't negotiate.,semantics,npi_licensing,matrix_question_npi_licensor_present,True,False,True,True,58,-60.651180267333984,-57.01786804199219,0
Can Natalie ever criticize the senator?,Natalie can ever criticize the senator.,semantics,npi_licensing,matrix_question_npi_licensor_present,True,False,True,True,59,-51.13837814331055,-50.33170700073242,0
Had some convertibles ever stopped?,Some convertibles had ever stopped.,semantics,npi_licensing,matrix_question_npi_licensor_present,True,False,True,True,60,-52.84977722167969,-46.54841995239258,0
Could Janice ever play?,Janice could ever play.,semantics,npi_licensing,matrix_question_npi_licensor_present,True,False,True,True,61,-38.677303314208984,-30.228975296020508,0
Had Carol ever encouraged Phillip to take a lot of public parks?,Carol had ever encouraged Phillip to take a lot of public parks.,semantics,npi_licensing,matrix_question_npi_licensor_present,True,False,True,True,62,-83.48492431640625,-76.20123291015625,0
Had some government ever clashed?,Some government had ever clashed.,semantics,npi_licensing,matrix_question_npi_licensor_present,True,False,True,True,63,-40.29825210571289,-36.123878479003906,0
Had Christopher ever trained?,Christopher had ever trained.,semantics,npi_licensing,matrix_question_npi_licensor_present,True,False,True,True,64,-34.49950408935547,-22.326454162597656,0
Has Spain ever pushed these daughters of Melinda to go fishing?,Spain has ever pushed these daughters of Melinda to go fishing.,semantics,npi_licensing,matrix_question_npi_licensor_present,True,False,True,True,65,-86.45932006835938,-77.97664642333984,0
Would every bank ever work hard?,Every bank would ever work hard.,semantics,npi_licensing,matrix_question_npi_licensor_present,True,False,True,True,66,-44.69871520996094,-39.36729431152344,0
Might Danielle ever go fishing?,Danielle might ever go fishing.,semantics,npi_licensing,matrix_question_npi_licensor_present,True,False,True,True,67,-46.384002685546875,-36.56437683105469,0
Has that shirt ever flattened?,That shirt has ever flattened.,semantics,npi_licensing,matrix_question_npi_licensor_present,True,False,True,True,68,-37.74980163574219,-37.13827133178711,0
Can every committee ever testify?,Every committee can ever testify.,semantics,npi_licensing,matrix_question_npi_licensor_present,True,False,True,True,69,-40.44280242919922,-34.935394287109375,0
Have many movies ever disagreed with Jessica?,Many movies have ever disagreed with Jessica.,semantics,npi_licensing,matrix_question_npi_licensor_present,True,False,True,True,70,-52.56688690185547,-45.4765625,0
Should William ever exercise?,William should ever exercise.,semantics,npi_licensing,matrix_question_npi_licensor_present,True,False,True,True,71,-34.422855377197266,-23.46820068359375,0
Had James ever dropped by this museum?,James had ever dropped by this museum.,semantics,npi_licensing,matrix_question_npi_licensor_present,True,False,True,True,72,-48.49644088745117,-38.102989196777344,0
Did Jennifer ever disappear?,Jennifer did ever disappear.,semantics,npi_licensing,matrix_question_npi_licensor_present,True,False,True,True,73,-31.783771514892578,-22.663909912109375,0
Had the doctors ever intended to drop by most movie theaters?,The doctors had ever intended to drop by most movie theaters.,semantics,npi_licensing,matrix_question_npi_licensor_present,True,False,True,True,74,-77.98223876953125,-73.71342468261719,0
Does Liam ever come here?,Liam does ever come here.,semantics,npi_licensing,matrix_question_npi_licensor_present,True,False,True,True,75,-31.985862731933594,-32.15740966796875,1
Should Jodi ever argue?,Jodi should ever argue.,semantics,npi_licensing,matrix_question_npi_licensor_present,True,False,True,True,76,-41.00132751464844,-35.27655029296875,0
Should guests ever seem to suffer?,Guests should ever seem to suffer.,semantics,npi_licensing,matrix_question_npi_licensor_present,True,False,True,True,77,-41.96128845214844,-44.18465042114258,1
Would Julia ever scratch?,Julia would ever scratch.,semantics,npi_licensing,matrix_question_npi_licensor_present,True,False,True,True,78,-31.851648330688477,-30.757118225097656,0
Had Adam ever forgotten about who have hats?,Adam had ever forgotten about who have hats.,semantics,npi_licensing,matrix_question_npi_licensor_present,True,False,True,True,79,-57.97853469848633,-46.514183044433594,0
Has Carol ever declared some ladies to shout?,Carol has ever declared some ladies to shout.,semantics,npi_licensing,matrix_question_npi_licensor_present,True,False,True,True,80,-63.490570068359375,-58.2794189453125,0
Does the jacket ever fold?,The jacket does ever fold.,semantics,npi_licensing,matrix_question_npi_licensor_present,True,False,True,True,81,-35.900386810302734,-39.02110290527344,1
Had some books ever disagreed?,Some books had ever disagreed.,semantics,npi_licensing,matrix_question_npi_licensor_present,True,False,True,True,82,-37.658905029296875,-33.62258529663086,0
Has a waitress ever hoped to take every carriage?,A waitress has ever hoped to take every carriage.,semantics,npi_licensing,matrix_question_npi_licensor_present,True,False,True,True,83,-58.39215087890625,-57.524513244628906,0
Would Edward ever watch Wendy?,Edward would ever watch Wendy.,semantics,npi_licensing,matrix_question_npi_licensor_present,True,False,True,True,84,-40.971649169921875,-33.11729431152344,0
Should Carrie ever answer?,Carrie should ever answer.,semantics,npi_licensing,matrix_question_npi_licensor_present,True,False,True,True,85,-32.69085693359375,-30.979942321777344,0
Have these ladies ever seen Kayla?,These ladies have ever seen Kayla.,semantics,npi_licensing,matrix_question_npi_licensor_present,True,False,True,True,86,-50.16292190551758,-45.44370651245117,0
Had Wendy ever proven to fold?,Wendy had ever proven to fold.,semantics,npi_licensing,matrix_question_npi_licensor_present,True,False,True,True,87,-46.50291061401367,-45.01414489746094,0
Had every child ever left every guest?,Every child had ever left every guest.,semantics,npi_licensing,matrix_question_npi_licensor_present,True,False,True,True,88,-47.687564849853516,-42.36485290527344,0
Had some children ever reunited?,Some children had ever reunited.,semantics,npi_licensing,matrix_question_npi_licensor_present,True,False,True,True,89,-35.35403823852539,-33.16792297363281,0
Have a lot of waiters ever whispered?,A lot of waiters have ever whispered.,semantics,npi_licensing,matrix_question_npi_licensor_present,True,False,True,True,90,-48.37329864501953,-52.04359817504883,1
Has Rebecca ever enticed the waiter to scratch?,Rebecca has ever enticed the waiter to scratch.,semantics,npi_licensing,matrix_question_npi_licensor_present,True,False,True,True,91,-70.26817321777344,-68.468017578125,0
Had some ladies ever answered?,Some ladies had ever answered.,semantics,npi_licensing,matrix_question_npi_licensor_present,True,False,True,True,92,-36.7946662902832,-30.40587615966797,0
Would the play ever disgust Karen?,The play would ever disgust Karen.,semantics,npi_licensing,matrix_question_npi_licensor_present,True,False,True,True,93,-48.36283874511719,-51.06080627441406,1
Could that child ever tour the malls?,That child could ever tour the malls.,semantics,npi_licensing,matrix_question_npi_licensor_present,True,False,True,True,94,-56.98582077026367,-56.035064697265625,0
Had Nicole ever believed Pamela to cheer?,Nicole had ever believed Pamela to cheer.,semantics,npi_licensing,matrix_question_npi_licensor_present,True,False,True,True,95,-62.191463470458984,-53.50220489501953,0
Would Irene ever attempt to answer?,Irene would ever attempt to answer.,semantics,npi_licensing,matrix_question_npi_licensor_present,True,False,True,True,96,-42.83349609375,-43.33118438720703,1
Did the actors ever debate?,The actors did ever debate.,semantics,npi_licensing,matrix_question_npi_licensor_present,True,False,True,True,97,-36.024452209472656,-34.93083953857422,0
Does Linda ever insult Sheila?,Linda does ever insult Sheila.,semantics,npi_licensing,matrix_question_npi_licensor_present,True,False,True,True,98,-46.18941116333008,-46.80118179321289,1
Have the schools ever required Edward to argue?,The schools have ever required Edward to argue.,semantics,npi_licensing,matrix_question_npi_licensor_present,True,False,True,True,99,-61.43596267700195,-57.3809700012207,0
Have most chairs ever tipped over?,Most chairs have ever tipped over.,semantics,npi_licensing,matrix_question_npi_licensor_present,True,False,True,True,100,-46.431365966796875,-39.23154067993164,0
Have the Clintons ever worked hard?,The Clintons have ever worked hard.,semantics,npi_licensing,matrix_question_npi_licensor_present,True,False,True,True,101,-48.52266311645508,-44.199462890625,0
Have most lamps ever dimmed?,Most lamps have ever dimmed.,semantics,npi_licensing,matrix_question_npi_licensor_present,True,False,True,True,102,-57.110416412353516,-49.343414306640625,0
Had Kendra ever yawned?,Kendra had ever yawned.,semantics,npi_licensing,matrix_question_npi_licensor_present,True,False,True,True,103,-48.048851013183594,-39.03142166137695,0
Had Samuel ever wept?,Samuel had ever wept.,semantics,npi_licensing,matrix_question_npi_licensor_present,True,False,True,True,104,-41.34946060180664,-39.57331085205078,0
Might many lights ever darken?,Many lights might ever darken.,semantics,npi_licensing,matrix_question_npi_licensor_present,True,False,True,True,105,-63.44738006591797,-45.54319763183594,0
Will Sally ever escape?,Sally will ever escape.,semantics,npi_licensing,matrix_question_npi_licensor_present,True,False,True,True,106,-31.498794555664062,-28.75949478149414,0
Had Jerry ever observed Rachel?,Jerry had ever observed Rachel.,semantics,npi_licensing,matrix_question_npi_licensor_present,True,False,True,True,107,-43.91847229003906,-33.74394989013672,0
Will a lot of public parks ever irritate Tara?,A lot of public parks will ever irritate Tara.,semantics,npi_licensing,matrix_question_npi_licensor_present,True,False,True,True,108,-69.77836608886719,-70.38768768310547,1
Can a doctor ever observe Amy?,A doctor can ever observe Amy.,semantics,npi_licensing,matrix_question_npi_licensor_present,True,False,True,True,109,-41.84430694580078,-42.42596435546875,1
Has Donald ever yearned to embarrass Tonya?,Donald has ever yearned to embarrass Tonya.,semantics,npi_licensing,matrix_question_npi_licensor_present,True,False,True,True,110,-77.37197875976562,-66.99498748779297,0
Can Amanda ever shock Sarah?,Amanda can ever shock Sarah.,semantics,npi_licensing,matrix_question_npi_licensor_present,True,False,True,True,111,-42.945220947265625,-42.44795227050781,0
Had Lissa ever discovered who has remembered what prodded Kenneth to bake?,Lissa had ever discovered who has remembered what prodded Kenneth to bake.,semantics,npi_licensing,matrix_question_npi_licensor_present,True,False,True,True,112,-118.55616760253906,-109.86558532714844,0
Can this mushroom ever go bad?,This mushroom can ever go bad.,semantics,npi_licensing,matrix_question_npi_licensor_present,True,False,True,True,113,-41.98703384399414,-38.6557502746582,0
Might some library ever compete?,Some library might ever compete.,semantics,npi_licensing,matrix_question_npi_licensor_present,True,False,True,True,114,-50.861671447753906,-37.881019592285156,0
Had this cilantro ever charred?,This cilantro had ever charred.,semantics,npi_licensing,matrix_question_npi_licensor_present,True,False,True,True,115,-54.718536376953125,-52.11734390258789,0
Did Monica ever convince Brian to hide?,Monica did ever convince Brian to hide.,semantics,npi_licensing,matrix_question_npi_licensor_present,True,False,True,True,116,-58.15673828125,-54.33268737792969,0
Had a glove ever unfolded?,A glove had ever unfolded.,semantics,npi_licensing,matrix_question_npi_licensor_present,True,False,True,True,117,-39.96223831176758,-39.49496841430664,0
Can Monet ever donate?,Monet can ever donate.,semantics,npi_licensing,matrix_question_npi_licensor_present,True,False,True,True,118,-42.54495620727539,-34.739402770996094,0
Had the Lutherans ever divorced?,The Lutherans had ever divorced.,semantics,npi_licensing,matrix_question_npi_licensor_present,True,False,True,True,119,-50.304725646972656,-42.8101806640625,0
Should this adult ever command Melanie to forfeit?,This adult should ever command Melanie to forfeit.,semantics,npi_licensing,matrix_question_npi_licensor_present,True,False,True,True,120,-67.17367553710938,-62.518699645996094,0
Had Stacy ever attacked Donald?,Stacy had ever attacked Donald.,semantics,npi_licensing,matrix_question_npi_licensor_present,True,False,True,True,121,-46.46353530883789,-43.74656295776367,0
Can Caroline ever explore these malls?,Caroline can ever explore these malls.,semantics,npi_licensing,matrix_question_npi_licensor_present,True,False,True,True,122,-51.06275177001953,-51.20269775390625,1
Has Randolf ever argued?,Randolf has ever argued.,semantics,npi_licensing,matrix_question_npi_licensor_present,True,False,True,True,123,-49.690147399902344,-36.78327178955078,0
Could Deanna ever see a girl?,Deanna could ever see a girl.,semantics,npi_licensing,matrix_question_npi_licensor_present,True,False,True,True,124,-44.86516571044922,-38.923667907714844,0
Can Martha ever reveal who isn't researching every sketch?,Martha can ever reveal who isn't researching every sketch.,semantics,npi_licensing,matrix_question_npi_licensor_present,True,False,True,True,125,-82.58651733398438,-81.877685546875,0
Has Patrick ever studied?,Patrick has ever studied.,semantics,npi_licensing,matrix_question_npi_licensor_present,True,False,True,True,126,-34.73225402832031,-25.973045349121094,0
Should a unicycle ever slow?,A unicycle should ever slow.,semantics,npi_licensing,matrix_question_npi_licensor_present,True,False,True,True,127,-46.97463607788086,-46.90191650390625,0
Would Chad ever slump over?,Chad would ever slump over.,semantics,npi_licensing,matrix_question_npi_licensor_present,True,False,True,True,128,-46.7689323425293,-44.90812683105469,0
Has Lawrence ever forced Samuel to smile?,Lawrence has ever forced Samuel to smile.,semantics,npi_licensing,matrix_question_npi_licensor_present,True,False,True,True,129,-61.49440002441406,-58.51313781738281,0
Might the Impressionists ever reunite?,The Impressionists might ever reunite.,semantics,npi_licensing,matrix_question_npi_licensor_present,True,False,True,True,130,-71.906494140625,-61.01069641113281,0
Had glaciers ever frozen?,Glaciers had ever frozen.,semantics,npi_licensing,matrix_question_npi_licensor_present,True,False,True,True,131,-37.0693359375,-40.409820556640625,1
Has Stephanie ever disappeared?,Stephanie has ever disappeared.,semantics,npi_licensing,matrix_question_npi_licensor_present,True,False,True,True,132,-33.13441848754883,-35.559722900390625,1
Does Lawrence ever reveal every glacier?,Lawrence does ever reveal every glacier.,semantics,npi_licensing,matrix_question_npi_licensor_present,True,False,True,True,133,-53.83055114746094,-54.4464225769043,1
Should that child ever conceal what fade?,That child should ever conceal what fade.,semantics,npi_licensing,matrix_question_npi_licensor_present,True,False,True,True,134,-52.81816864013672,-54.499717712402344,1
Does Kirsten ever plan to listen to Gina?,Kirsten does ever plan to listen to Gina.,semantics,npi_licensing,matrix_question_npi_licensor_present,True,False,True,True,135,-59.08787536621094,-60.825660705566406,1
Had Dana ever protested?,Dana had ever protested.,semantics,npi_licensing,matrix_question_npi_licensor_present,True,False,True,True,136,-37.25706481933594,-34.69929122924805,0
Has Sally ever laughed?,Sally has ever laughed.,semantics,npi_licensing,matrix_question_npi_licensor_present,True,False,True,True,137,-33.08641815185547,-30.095989227294922,0
Might Matt ever argue?,Matt might ever argue.,semantics,npi_licensing,matrix_question_npi_licensor_present,True,False,True,True,138,-42.665653228759766,-23.504783630371094,0
Could many universities ever reply?,Many universities could ever reply.,semantics,npi_licensing,matrix_question_npi_licensor_present,True,False,True,True,139,-41.34933090209961,-35.29114532470703,0
Will the guy ever describe Bradley?,The guy will ever describe Bradley.,semantics,npi_licensing,matrix_question_npi_licensor_present,True,False,True,True,140,-45.26057815551758,-43.428985595703125,0
Could Mitchell ever notice Peter?,Mitchell could ever notice Peter.,semantics,npi_licensing,matrix_question_npi_licensor_present,True,False,True,True,141,-44.77485656738281,-45.25971984863281,1
Have most men ever escaped?,Most men have ever escaped.,semantics,npi_licensing,matrix_question_npi_licensor_present,True,False,True,True,142,-34.63774108886719,-27.61368179321289,0
Would the sweater ever dry?,The sweater would ever dry.,semantics,npi_licensing,matrix_question_npi_licensor_present,True,False,True,True,143,-35.40388488769531,-35.49257278442383,1
Can Elizabeth ever exercise?,Elizabeth can ever exercise.,semantics,npi_licensing,matrix_question_npi_licensor_present,True,False,True,True,144,-32.786659240722656,-23.811405181884766,0
Does Rhonda ever discover Becca to shout?,Rhonda does ever discover Becca to shout.,semantics,npi_licensing,matrix_question_npi_licensor_present,True,False,True,True,145,-75.7230224609375,-64.06925201416016,0
Had Dennis ever climbed up that hill?,Dennis had ever climbed up that hill.,semantics,npi_licensing,matrix_question_npi_licensor_present,True,False,True,True,146,-47.59154510498047,-47.55481719970703,0
Does Kirsten ever remember Angela?,Kirsten does ever remember Angela.,semantics,npi_licensing,matrix_question_npi_licensor_present,True,False,True,True,147,-47.5939826965332,-49.25444412231445,1
Could Patrick ever litter?,Patrick could ever litter.,semantics,npi_licensing,matrix_question_npi_licensor_present,True,False,True,True,148,-38.50196075439453,-29.009883880615234,0
Should a lot of lamps ever brighten?,A lot of lamps should ever brighten.,semantics,npi_licensing,matrix_question_npi_licensor_present,True,False,True,True,149,-51.41151809692383,-55.89134216308594,1
Could Russell ever remember what hadn't sold that scarf?,Russell could ever remember what hadn't sold that scarf.,semantics,npi_licensing,matrix_question_npi_licensor_present,True,False,True,True,150,-68.94490051269531,-60.239723205566406,0
Would these pictures ever look like Ella?,These pictures would ever look like Ella.,semantics,npi_licensing,matrix_question_npi_licensor_present,True,False,True,True,151,-46.516082763671875,-45.065643310546875,0
Has Martin ever left?,Martin has ever left.,semantics,npi_licensing,matrix_question_npi_licensor_present,True,False,True,True,152,-27.69596290588379,-19.067777633666992,0
Might actors ever clash?,Actors might ever clash.,semantics,npi_licensing,matrix_question_npi_licensor_present,True,False,True,True,153,-47.3289680480957,-40.036643981933594,0
Did some cashiers ever mess up some movie theaters?,Some cashiers did ever mess up some movie theaters.,semantics,npi_licensing,matrix_question_npi_licensor_present,True,False,True,True,154,-80.68238830566406,-78.07027435302734,0
Would the projector ever darken?,The projector would ever darken.,semantics,npi_licensing,matrix_question_npi_licensor_present,True,False,True,True,155,-48.81787109375,-46.87540054321289,0
Had Carla ever looked to spin around?,Carla had ever looked to spin around.,semantics,npi_licensing,matrix_question_npi_licensor_present,True,False,True,True,156,-55.312355041503906,-46.551551818847656,0
Had Gary ever anticipated Samantha to go to a cafe?,Gary had ever anticipated Samantha to go to a cafe.,semantics,npi_licensing,matrix_question_npi_licensor_present,True,False,True,True,157,-70.84938049316406,-59.0101318359375,0
Can Beverly ever fix this glass?,Beverly can ever fix this glass.,semantics,npi_licensing,matrix_question_npi_licensor_present,True,False,True,True,158,-42.745460510253906,-50.06748962402344,1
Had all jackets ever soaked?,All jackets had ever soaked.,semantics,npi_licensing,matrix_question_npi_licensor_present,True,False,True,True,159,-42.79847717285156,-39.66697311401367,0
Does Walter ever depart?,Walter does ever depart.,semantics,npi_licensing,matrix_question_npi_licensor_present,True,False,True,True,160,-34.05571746826172,-32.67488098144531,0
Should Deanna ever hide?,Deanna should ever hide.,semantics,npi_licensing,matrix_question_npi_licensor_present,True,False,True,True,161,-38.94382095336914,-33.66745376586914,0
Did the river ever vaporize?,The river did ever vaporize.,semantics,npi_licensing,matrix_question_npi_licensor_present,True,False,True,True,162,-40.481956481933594,-41.82844543457031,1
Had Elaine ever shouted?,Elaine had ever shouted.,semantics,npi_licensing,matrix_question_npi_licensor_present,True,False,True,True,163,-36.37750244140625,-33.386783599853516,0
Had most children ever investigated who doesn't flee from Laurie?,Most children had ever investigated who doesn't flee from Laurie.,semantics,npi_licensing,matrix_question_npi_licensor_present,True,False,True,True,164,-80.2784194946289,-75.68367004394531,0
Had a lot of cashiers ever impressed this child?,A lot of cashiers had ever impressed this child.,semantics,npi_licensing,matrix_question_npi_licensor_present,True,False,True,True,165,-60.006324768066406,-63.77072525024414,1
Does Brad ever want some doctors to complain about Melissa?,Brad does ever want some doctors to complain about Melissa.,semantics,npi_licensing,matrix_question_npi_licensor_present,True,False,True,True,166,-67.58914184570312,-61.1440315246582,0
Had Sara ever referenced Sharon?,Sara had ever referenced Sharon.,semantics,npi_licensing,matrix_question_npi_licensor_present,True,False,True,True,167,-49.271236419677734,-46.46273422241211,0
Had the glasses ever flattened?,The glasses had ever flattened.,semantics,npi_licensing,matrix_question_npi_licensor_present,True,False,True,True,168,-36.97208023071289,-34.900997161865234,0
Would Ruth ever hire this driver?,Ruth would ever hire this driver.,semantics,npi_licensing,matrix_question_npi_licensor_present,True,False,True,True,169,-42.59653854370117,-45.26267623901367,1
Will every popsicle ever melt?,Every popsicle will ever melt.,semantics,npi_licensing,matrix_question_npi_licensor_present,True,False,True,True,170,-54.978973388671875,-46.25711441040039,0
Have the blouses ever loosened?,The blouses have ever loosened.,semantics,npi_licensing,matrix_question_npi_licensor_present,True,False,True,True,171,-49.560447692871094,-47.92341613769531,0
Did Jason ever investigate Cheryl?,Jason did ever investigate Cheryl.,semantics,npi_licensing,matrix_question_npi_licensor_present,True,False,True,True,172,-45.96162414550781,-37.31523895263672,0
Had Connie ever compromised?,Connie had ever compromised.,semantics,npi_licensing,matrix_question_npi_licensor_present,True,False,True,True,173,-36.44622802734375,-32.94731140136719,0
Would the men ever bother these students?,The men would ever bother these students.,semantics,npi_licensing,matrix_question_npi_licensor_present,True,False,True,True,174,-43.07642364501953,-42.27092742919922,0
Had teenagers ever retaliated?,Teenagers had ever retaliated.,semantics,npi_licensing,matrix_question_npi_licensor_present,True,False,True,True,175,-43.014530181884766,-38.71156692504883,0
Should the cart ever accelerate?,The cart should ever accelerate.,semantics,npi_licensing,matrix_question_npi_licensor_present,True,False,True,True,176,-38.52825164794922,-38.62327575683594,1
Does Theodore ever argue?,Theodore does ever argue.,semantics,npi_licensing,matrix_question_npi_licensor_present,True,False,True,True,177,-33.3300895690918,-33.893150329589844,1
Has Matt ever intended to reveal some public parks?,Matt has ever intended to reveal some public parks.,semantics,npi_licensing,matrix_question_npi_licensor_present,True,False,True,True,178,-67.31352233886719,-54.63545227050781,0
Has Randolf ever shouted?,Randolf has ever shouted.,semantics,npi_licensing,matrix_question_npi_licensor_present,True,False,True,True,179,-48.565574645996094,-36.26850128173828,0
Does Laurie ever nod?,Laurie does ever nod.,semantics,npi_licensing,matrix_question_npi_licensor_present,True,False,True,True,180,-34.80681610107422,-41.77473068237305,1
Will Marla ever blink?,Marla will ever blink.,semantics,npi_licensing,matrix_question_npi_licensor_present,True,False,True,True,181,-40.17607116699219,-34.95024490356445,0
Will that couch ever fall apart?,That couch will ever fall apart.,semantics,npi_licensing,matrix_question_npi_licensor_present,True,False,True,True,182,-43.38951873779297,-41.1409912109375,0
Should Dana ever order Kenneth's employee to explore most museums?,Dana should ever order Kenneth's employee to explore most museums.,semantics,npi_licensing,matrix_question_npi_licensor_present,True,False,True,True,183,-92.1753921508789,-90.17793273925781,0
Had Vanessa ever appreciated Patrick?,Vanessa had ever appreciated Patrick.,semantics,npi_licensing,matrix_question_npi_licensor_present,True,False,True,True,184,-48.55332946777344,-43.40603256225586,0
Can that shoe ever fray?,That shoe can ever fray.,semantics,npi_licensing,matrix_question_npi_licensor_present,True,False,True,True,185,-41.80388641357422,-41.77638626098633,0
Has Margaret ever failed to discuss that woman?,Margaret has ever failed to discuss that woman.,semantics,npi_licensing,matrix_question_npi_licensor_present,True,False,True,True,186,-50.517547607421875,-51.77091979980469,1
Has that apple ever charred?,That apple has ever charred.,semantics,npi_licensing,matrix_question_npi_licensor_present,True,False,True,True,187,-41.41139221191406,-39.88661193847656,0
Have those waiters ever obligated Monica to suffer?,Those waiters have ever obligated Monica to suffer.,semantics,npi_licensing,matrix_question_npi_licensor_present,True,False,True,True,188,-79.59666442871094,-70.6648941040039,0
Did this committee ever reply?,This committee did ever reply.,semantics,npi_licensing,matrix_question_npi_licensor_present,True,False,True,True,189,-35.671775817871094,-33.653900146484375,0
Could Theodore ever swallow?,Theodore could ever swallow.,semantics,npi_licensing,matrix_question_npi_licensor_present,True,False,True,True,190,-35.03291320800781,-34.386375427246094,0
Should Ella ever exist?,Ella should ever exist.,semantics,npi_licensing,matrix_question_npi_licensor_present,True,False,True,True,191,-34.75416564941406,-33.35657501220703,0
Has Stacey ever cared for Ruth?,Stacey has ever cared for Ruth.,semantics,npi_licensing,matrix_question_npi_licensor_present,True,False,True,True,192,-49.02690124511719,-45.7232666015625,0
Might Naomi ever boast about Ellen?,Naomi might ever boast about Ellen.,semantics,npi_licensing,matrix_question_npi_licensor_present,True,False,True,True,193,-59.83494567871094,-52.12758255004883,0
Has Wayne ever walked through public parks?,Wayne has ever walked through public parks.,semantics,npi_licensing,matrix_question_npi_licensor_present,True,False,True,True,194,-58.70854187011719,-51.32706832885742,0
Have those men ever hunted?,Those men have ever hunted.,semantics,npi_licensing,matrix_question_npi_licensor_present,True,False,True,True,195,-35.21881866455078,-29.85516357421875,0
Will Roger ever plan to complain about those guys?,Roger will ever plan to complain about those guys.,semantics,npi_licensing,matrix_question_npi_licensor_present,True,False,True,True,196,-56.72541809082031,-49.210201263427734,0
Had Grace ever boycotted that legislature?,Grace had ever boycotted that legislature.,semantics,npi_licensing,matrix_question_npi_licensor_present,True,False,True,True,197,-74.56515502929688,-72.92994689941406,0
Has Laurie ever figured out what hasn't blackened?,Laurie has ever figured out what hasn't blackened.,semantics,npi_licensing,matrix_question_npi_licensor_present,True,False,True,True,198,-65.56698608398438,-69.87771606445312,1
Have waiters ever explored every museum?,Waiters have ever explored every museum.,semantics,npi_licensing,matrix_question_npi_licensor_present,True,False,True,True,199,-59.1873664855957,-51.211082458496094,0
Can Stephanie ever badger every adult to exercise?,Stephanie can ever badger every adult to exercise.,semantics,npi_licensing,matrix_question_npi_licensor_present,True,False,True,True,200,-78.18267059326172,-80.60319519042969,1
Should Liam ever weep?,Liam should ever weep.,semantics,npi_licensing,matrix_question_npi_licensor_present,True,False,True,True,201,-37.08893966674805,-35.95905303955078,0
Had the skirts ever dried?,The skirts had ever dried.,semantics,npi_licensing,matrix_question_npi_licensor_present,True,False,True,True,202,-37.99073791503906,-35.66826629638672,0
Should Heather ever convince Carrie to learn?,Heather should ever convince Carrie to learn.,semantics,npi_licensing,matrix_question_npi_licensor_present,True,False,True,True,203,-59.2595100402832,-57.27725601196289,0
Has Carrie ever doubted Eric thought about what chars?,Carrie has ever doubted Eric thought about what chars.,semantics,npi_licensing,matrix_question_npi_licensor_present,True,False,True,True,204,-78.64350891113281,-77.99861145019531,0
Do the books ever alarm Aaron?,The books do ever alarm Aaron.,semantics,npi_licensing,matrix_question_npi_licensor_present,True,False,True,True,205,-44.79821014404297,-48.592350006103516,1
Has Beverly ever won?,Beverly has ever won.,semantics,npi_licensing,matrix_question_npi_licensor_present,True,False,True,True,206,-34.85737609863281,-40.315486907958984,1
Can all legislatures ever benefit?,All legislatures can ever benefit.,semantics,npi_licensing,matrix_question_npi_licensor_present,True,False,True,True,207,-44.25331115722656,-40.03787612915039,0
Would Joel ever return to April?,Joel would ever return to April.,semantics,npi_licensing,matrix_question_npi_licensor_present,True,False,True,True,208,-48.208587646484375,-43.29108810424805,0
Had Christopher ever driven to this mall?,Christopher had ever driven to this mall.,semantics,npi_licensing,matrix_question_npi_licensor_present,True,False,True,True,209,-50.80439758300781,-40.36452865600586,0
Had Carla ever spurred David to blink?,Carla had ever spurred David to blink.,semantics,npi_licensing,matrix_question_npi_licensor_present,True,False,True,True,210,-69.25312805175781,-59.433204650878906,0
Had Dawn ever forgotten who hadn't compelled Edward's lawyer to wave?,Dawn had ever forgotten who hadn't compelled Edward's lawyer to wave.,semantics,npi_licensing,matrix_question_npi_licensor_present,True,False,True,True,211,-97.07684326171875,-91.1662826538086,0
Have these actors ever explained everything?,These actors have ever explained everything.,semantics,npi_licensing,matrix_question_npi_licensor_present,True,False,True,True,212,-44.78217697143555,-40.055870056152344,0
Had Lissa ever discovered April?,Lissa had ever discovered April.,semantics,npi_licensing,matrix_question_npi_licensor_present,True,False,True,True,213,-56.24834442138672,-46.544429779052734,0
Could Gerald ever change?,Gerald could ever change.,semantics,npi_licensing,matrix_question_npi_licensor_present,True,False,True,True,214,-31.638999938964844,-28.66984748840332,0
Should all drivers ever interact?,All drivers should ever interact.,semantics,npi_licensing,matrix_question_npi_licensor_present,True,False,True,True,215,-41.5368766784668,-38.3323860168457,0
Will Melanie ever hurt Tiffany?,Melanie will ever hurt Tiffany.,semantics,npi_licensing,matrix_question_npi_licensor_present,True,False,True,True,216,-43.964237213134766,-43.39652633666992,0
Had that coat ever warped?,That coat had ever warped.,semantics,npi_licensing,matrix_question_npi_licensor_present,True,False,True,True,217,-41.92858123779297,-39.27871322631836,0
Has Karla ever answered?,Karla has ever answered.,semantics,npi_licensing,matrix_question_npi_licensor_present,True,False,True,True,218,-42.21990203857422,-32.02925491333008,0
Can some doctors ever cheer?,Some doctors can ever cheer.,semantics,npi_licensing,matrix_question_npi_licensor_present,True,False,True,True,219,-37.78668975830078,-33.6079216003418,0
Did most plays ever disagree with Gerald?,Most plays did ever disagree with Gerald.,semantics,npi_licensing,matrix_question_npi_licensor_present,True,False,True,True,220,-57.222984313964844,-49.16993713378906,0
Can Gary ever ascertain the skateboard to roll?,Gary can ever ascertain the skateboard to roll.,semantics,npi_licensing,matrix_question_npi_licensor_present,True,False,True,True,221,-62.79393768310547,-54.62270736694336,0
Would Jodi ever skate around Harvard University?,Jodi would ever skate around Harvard University.,semantics,npi_licensing,matrix_question_npi_licensor_present,True,False,True,True,222,-69.30248260498047,-62.20893859863281,0
Had Natalie ever drunk?,Natalie had ever drunk.,semantics,npi_licensing,matrix_question_npi_licensor_present,True,False,True,True,223,-34.547821044921875,-33.16664123535156,0
Has Jacqueline ever insulted John?,Jacqueline has ever insulted John.,semantics,npi_licensing,matrix_question_npi_licensor_present,True,False,True,True,224,-52.083335876464844,-46.62306213378906,0
Does some skirt ever stretch?,Some skirt does ever stretch.,semantics,npi_licensing,matrix_question_npi_licensor_present,True,False,True,True,225,-38.082763671875,-39.199127197265625,1
Might Bethany ever love this movie?,Bethany might ever love this movie.,semantics,npi_licensing,matrix_question_npi_licensor_present,True,False,True,True,226,-63.903564453125,-52.212684631347656,0
Has Diana ever remembered Heather?,Diana has ever remembered Heather.,semantics,npi_licensing,matrix_question_npi_licensor_present,True,False,True,True,227,-45.00276184082031,-43.07904052734375,0
Might a lot of patients ever debate?,A lot of patients might ever debate.,semantics,npi_licensing,matrix_question_npi_licensor_present,True,False,True,True,228,-52.0458869934082,-45.46696472167969,0
Might all windows ever irritate Lawrence?,All windows might ever irritate Lawrence.,semantics,npi_licensing,matrix_question_npi_licensor_present,True,False,True,True,229,-70.22893524169922,-57.41109085083008,0
Has that jacket ever twisted?,That jacket has ever twisted.,semantics,npi_licensing,matrix_question_npi_licensor_present,True,False,True,True,230,-40.192813873291016,-39.47509765625,0
Has Bradley ever sounded like that closet?,Bradley has ever sounded like that closet.,semantics,npi_licensing,matrix_question_npi_licensor_present,True,False,True,True,231,-49.80388641357422,-45.664512634277344,0
Did Sonia ever watch Jane?,Sonia did ever watch Jane.,semantics,npi_licensing,matrix_question_npi_licensor_present,True,False,True,True,232,-41.42894744873047,-41.926841735839844,1
Has Tammy ever gone fishing?,Tammy has ever gone fishing.,semantics,npi_licensing,matrix_question_npi_licensor_present,True,False,True,True,233,-40.35927963256836,-37.189247131347656,0
Does every apple ever scorch?,Every apple does ever scorch.,semantics,npi_licensing,matrix_question_npi_licensor_present,True,False,True,True,234,-50.2320442199707,-44.92259216308594,0
Should Benjamin ever fall?,Benjamin should ever fall.,semantics,npi_licensing,matrix_question_npi_licensor_present,True,False,True,True,235,-32.91454315185547,-33.108612060546875,1
Might Clyde ever cry?,Clyde might ever cry.,semantics,npi_licensing,matrix_question_npi_licensor_present,True,False,True,True,236,-43.4595832824707,-44.037086486816406,1
Will Vanessa ever pressure Homer's dermatologist to complain?,Vanessa will ever pressure Homer's dermatologist to complain.,semantics,npi_licensing,matrix_question_npi_licensor_present,True,False,True,True,237,-89.17827606201172,-86.17732238769531,0
Had Adam ever compromised?,Adam had ever compromised.,semantics,npi_licensing,matrix_question_npi_licensor_present,True,False,True,True,238,-35.6200065612793,-23.03205680847168,0
Had Kathleen ever hired most men?,Kathleen had ever hired most men.,semantics,npi_licensing,matrix_question_npi_licensor_present,True,False,True,True,239,-50.00025939941406,-54.53087615966797,1
Had this coat ever twirled?,This coat had ever twirled.,semantics,npi_licensing,matrix_question_npi_licensor_present,True,False,True,True,240,-49.39091491699219,-45.02203369140625,0
Had some plane ever accelerated?,Some plane had ever accelerated.,semantics,npi_licensing,matrix_question_npi_licensor_present,True,False,True,True,241,-40.605342864990234,-35.099266052246094,0
Could Harvard University ever confuse Galileo?,Harvard University could ever confuse Galileo.,semantics,npi_licensing,matrix_question_npi_licensor_present,True,False,True,True,242,-58.68449020385742,-64.29366302490234,1
Might all dancers ever explore the Great Lakes?,All dancers might ever explore the Great Lakes.,semantics,npi_licensing,matrix_question_npi_licensor_present,True,False,True,True,243,-69.69284057617188,-55.705318450927734,0
Has Cheryl ever happened to hide?,Cheryl has ever happened to hide.,semantics,npi_licensing,matrix_question_npi_licensor_present,True,False,True,True,244,-42.12953186035156,-47.37046813964844,1
Should Claire ever cough?,Claire should ever cough.,semantics,npi_licensing,matrix_question_npi_licensor_present,True,False,True,True,245,-34.131141662597656,-35.65637969970703,1
Has this university ever approved?,This university has ever approved.,semantics,npi_licensing,matrix_question_npi_licensor_present,True,False,True,True,246,-39.639366149902344,-33.53609848022461,0
Can Rachel ever hunt?,Rachel can ever hunt.,semantics,npi_licensing,matrix_question_npi_licensor_present,True,False,True,True,247,-31.504592895507812,-22.95873260498047,0
Had Veronica ever disgusted Tracy?,Veronica had ever disgusted Tracy.,semantics,npi_licensing,matrix_question_npi_licensor_present,True,False,True,True,248,-46.964237213134766,-46.88055419921875,0
Does that legislature ever succeed?,That legislature does ever succeed.,semantics,npi_licensing,matrix_question_npi_licensor_present,True,False,True,True,249,-38.48035430908203,-39.57207489013672,1
Should these museums ever forget what would turn?,These museums should ever forget what would turn.,semantics,npi_licensing,matrix_question_npi_licensor_present,True,False,True,True,250,-50.825679779052734,-47.95684051513672,0
Would Kayla ever hurt Eric?,Kayla would ever hurt Eric.,semantics,npi_licensing,matrix_question_npi_licensor_present,True,False,True,True,251,-47.592864990234375,-40.301429748535156,0
Can those guests ever intend to think about the couch?,Those guests can ever intend to think about the couch.,semantics,npi_licensing,matrix_question_npi_licensor_present,True,False,True,True,252,-57.00749206542969,-55.56317901611328,0
Will Emily ever happen to marry?,Emily will ever happen to marry.,semantics,npi_licensing,matrix_question_npi_licensor_present,True,False,True,True,253,-40.12671661376953,-29.489017486572266,0
Can some girls ever kiss?,Some girls can ever kiss.,semantics,npi_licensing,matrix_question_npi_licensor_present,True,False,True,True,254,-33.30168914794922,-30.4022159576416,0
Can Steven ever tour the mall?,Steven can ever tour the mall.,semantics,npi_licensing,matrix_question_npi_licensor_present,True,False,True,True,255,-46.417537689208984,-40.351348876953125,0
Have those rivers ever vaporized?,Those rivers have ever vaporized.,semantics,npi_licensing,matrix_question_npi_licensor_present,True,False,True,True,256,-49.98648452758789,-42.41035079956055,0
Should the glaciers ever melt?,The glaciers should ever melt.,semantics,npi_licensing,matrix_question_npi_licensor_present,True,False,True,True,257,-37.617637634277344,-35.66687774658203,0
Had these lights ever brightened?,These lights had ever brightened.,semantics,npi_licensing,matrix_question_npi_licensor_present,True,False,True,True,258,-45.01448440551758,-38.721412658691406,0
Do some ladies ever conceal who explored some restaurant?,Some ladies do ever conceal who explored some restaurant.,semantics,npi_licensing,matrix_question_npi_licensor_present,True,False,True,True,259,-74.41786193847656,-72.01809692382812,0
Has Jennifer ever hugged Aaron?,Jennifer has ever hugged Aaron.,semantics,npi_licensing,matrix_question_npi_licensor_present,True,False,True,True,260,-44.15400695800781,-37.16059875488281,0
Should most dancers ever compete?,Most dancers should ever compete.,semantics,npi_licensing,matrix_question_npi_licensor_present,True,False,True,True,261,-40.85871505737305,-35.006690979003906,0
Would Tammy ever have some mushrooms?,Tammy would ever have some mushrooms.,semantics,npi_licensing,matrix_question_npi_licensor_present,True,False,True,True,262,-43.95121383666992,-40.70132064819336,0
Had Lawrence ever found Helen?,Lawrence had ever found Helen.,semantics,npi_licensing,matrix_question_npi_licensor_present,True,False,True,True,263,-40.79534912109375,-39.83176803588867,0
Has Beverly ever fixed that unicycle?,Beverly has ever fixed that unicycle.,semantics,npi_licensing,matrix_question_npi_licensor_present,True,False,True,True,264,-55.38227844238281,-61.02427673339844,1
Could Phillip ever drive to a mall?,Phillip could ever drive to a mall.,semantics,npi_licensing,matrix_question_npi_licensor_present,True,False,True,True,265,-51.03904724121094,-47.944183349609375,0
Did that patient ever doubt Anna saw?,That patient did ever doubt Anna saw.,semantics,npi_licensing,matrix_question_npi_licensor_present,True,False,True,True,266,-56.17498016357422,-55.227413177490234,0
Has Phillip ever compromised?,Phillip has ever compromised.,semantics,npi_licensing,matrix_question_npi_licensor_present,True,False,True,True,267,-36.37314224243164,-31.31508445739746,0
Will the Lutherans ever describe Chad?,The Lutherans will ever describe Chad.,semantics,npi_licensing,matrix_question_npi_licensor_present,True,False,True,True,268,-65.18903350830078,-62.12071990966797,0
Had Mitchell ever smiled?,Mitchell had ever smiled.,semantics,npi_licensing,matrix_question_npi_licensor_present,True,False,True,True,269,-38.56307601928711,-34.22551727294922,0
Has this dress ever twirled?,This dress has ever twirled.,semantics,npi_licensing,matrix_question_npi_licensor_present,True,False,True,True,270,-47.626220703125,-45.5830078125,0
Had Rose ever changed?,Rose had ever changed.,semantics,npi_licensing,matrix_question_npi_licensor_present,True,False,True,True,271,-31.558563232421875,-17.628406524658203,0
Does Richard ever manage to go fishing?,Richard does ever manage to go fishing.,semantics,npi_licensing,matrix_question_npi_licensor_present,True,False,True,True,272,-43.77543258666992,-35.19424819946289,0
Has a bank ever neglected to profit?,A bank has ever neglected to profit.,semantics,npi_licensing,matrix_question_npi_licensor_present,True,False,True,True,273,-50.10986328125,-50.014732360839844,0
Had all convertibles ever moved?,All convertibles had ever moved.,semantics,npi_licensing,matrix_question_npi_licensor_present,True,False,True,True,274,-52.56637191772461,-48.99793243408203,0
Had Steven ever climbed down this mountain?,Steven had ever climbed down this mountain.,semantics,npi_licensing,matrix_question_npi_licensor_present,True,False,True,True,275,-49.675201416015625,-41.496612548828125,0
Could Carla ever salute?,Carla could ever salute.,semantics,npi_licensing,matrix_question_npi_licensor_present,True,False,True,True,276,-41.92315673828125,-33.692047119140625,0
Might every driver ever appear to know Bethany?,Every driver might ever appear to know Bethany.,semantics,npi_licensing,matrix_question_npi_licensor_present,True,False,True,True,277,-80.85685729980469,-63.27458953857422,0
Had Ruth ever turned out to testify?,Ruth had ever turned out to testify.,semantics,npi_licensing,matrix_question_npi_licensor_present,True,False,True,True,278,-46.016441345214844,-40.53211975097656,0
Had Dennis ever found Tiffany?,Dennis had ever found Tiffany.,semantics,npi_licensing,matrix_question_npi_licensor_present,True,False,True,True,279,-42.88724899291992,-41.865074157714844,0
Might those waitresses ever cooperate?,Those waitresses might ever cooperate.,semantics,npi_licensing,matrix_question_npi_licensor_present,True,False,True,True,280,-63.06540298461914,-46.818580627441406,0
Might James ever perform?,James might ever perform.,semantics,npi_licensing,matrix_question_npi_licensor_present,True,False,True,True,281,-44.34135818481445,-24.418888092041016,0
Could Tanya ever return to Mary?,Tanya could ever return to Mary.,semantics,npi_licensing,matrix_question_npi_licensor_present,True,False,True,True,282,-48.128204345703125,-44.286468505859375,0
Can all dancers ever find this skateboard?,All dancers can ever find this skateboard.,semantics,npi_licensing,matrix_question_npi_licensor_present,True,False,True,True,283,-52.07766342163086,-48.157142639160156,0
Had Lawrence ever observed Wayne?,Lawrence had ever observed Wayne.,semantics,npi_licensing,matrix_question_npi_licensor_present,True,False,True,True,284,-48.337432861328125,-45.299949645996094,0
Had that university ever surrendered?,That university had ever surrendered.,semantics,npi_licensing,matrix_question_npi_licensor_present,True,False,True,True,285,-40.61549377441406,-36.84603500366211,0
Has this museum ever revealed who perform?,This museum has ever revealed who perform.,semantics,npi_licensing,matrix_question_npi_licensor_present,True,False,True,True,286,-57.325164794921875,-52.11747360229492,0
Has Jason ever wept?,Jason has ever wept.,semantics,npi_licensing,matrix_question_npi_licensor_present,True,False,True,True,287,-39.33538055419922,-30.759971618652344,0
Have some girls ever descended most steps?,Some girls have ever descended most steps.,semantics,npi_licensing,matrix_question_npi_licensor_present,True,False,True,True,288,-53.502052307128906,-49.8878173828125,0
Had Harvard University ever remembered what might chat?,Harvard University had ever remembered what might chat.,semantics,npi_licensing,matrix_question_npi_licensor_present,True,False,True,True,289,-59.96516036987305,-65.37591552734375,1
Has Rhonda ever read?,Rhonda has ever read.,semantics,npi_licensing,matrix_question_npi_licensor_present,True,False,True,True,290,-42.50934600830078,-29.61000633239746,0
Has Stacey ever woken up?,Stacey has ever woken up.,semantics,npi_licensing,matrix_question_npi_licensor_present,True,False,True,True,291,-45.848121643066406,-42.482460021972656,0
Do gloves ever disappear?,Gloves do ever disappear.,semantics,npi_licensing,matrix_question_npi_licensor_present,True,False,True,True,292,-32.74209213256836,-35.563011169433594,1
Did Samuel ever suffer?,Samuel did ever suffer.,semantics,npi_licensing,matrix_question_npi_licensor_present,True,False,True,True,293,-33.7269172668457,-32.6605224609375,0
Could Carmen ever cough?,Carmen could ever cough.,semantics,npi_licensing,matrix_question_npi_licensor_present,True,False,True,True,294,-35.54716491699219,-42.63632583618164,1
Might the woman ever scratch?,The woman might ever scratch.,semantics,npi_licensing,matrix_question_npi_licensor_present,True,False,True,True,295,-43.7135124206543,-31.75531578063965,0
Can that icicle ever aggravate Tonya?,That icicle can ever aggravate Tonya.,semantics,npi_licensing,matrix_question_npi_licensor_present,True,False,True,True,296,-71.91014099121094,-71.05671691894531,0
Might Carmen ever hate this guest?,Carmen might ever hate this guest.,semantics,npi_licensing,matrix_question_npi_licensor_present,True,False,True,True,297,-55.44366455078125,-53.274749755859375,0
Should Tracy ever get fired?,Tracy should ever get fired.,semantics,npi_licensing,matrix_question_npi_licensor_present,True,False,True,True,298,-37.567901611328125,-37.66175842285156,1
Does Julie ever drive to grocery stores?,Julie does ever drive to grocery stores.,semantics,npi_licensing,matrix_question_npi_licensor_present,True,False,True,True,299,-57.573917388916016,-52.90625,0
Had some actors ever pushed the girls' supervisor to dislike Larry?,Some actors had ever pushed the girls' supervisor to dislike Larry.,semantics,npi_licensing,matrix_question_npi_licensor_present,True,False,True,True,300,-89.18571472167969,-85.3846435546875,0
Had Russell ever kissed Anna?,Russell had ever kissed Anna.,semantics,npi_licensing,matrix_question_npi_licensor_present,True,False,True,True,301,-42.0225830078125,-31.932212829589844,0
Had a lot of gates ever closed?,A lot of gates had ever closed.,semantics,npi_licensing,matrix_question_npi_licensor_present,True,False,True,True,302,-41.3916015625,-42.974788665771484,1
Has this adult ever wondered who can debate?,This adult has ever wondered who can debate.,semantics,npi_licensing,matrix_question_npi_licensor_present,True,False,True,True,303,-58.983184814453125,-56.3930549621582,0
Should Maria ever talk about Scott?,Maria should ever talk about Scott.,semantics,npi_licensing,matrix_question_npi_licensor_present,True,False,True,True,304,-42.327693939208984,-33.70290756225586,0
Can some lamp ever darken?,Some lamp can ever darken.,semantics,npi_licensing,matrix_question_npi_licensor_present,True,False,True,True,305,-50.85773468017578,-48.42766571044922,0
Had Brian ever believed all couches to slip?,Brian had ever believed all couches to slip.,semantics,npi_licensing,matrix_question_npi_licensor_present,True,False,True,True,306,-72.201171875,-57.591209411621094,0
Can the lady ever move?,The lady can ever move.,semantics,npi_licensing,matrix_question_npi_licensor_present,True,False,True,True,307,-27.990936279296875,-28.00415802001953,1
Might Rebecca ever distract Jeffrey?,Rebecca might ever distract Jeffrey.,semantics,npi_licensing,matrix_question_npi_licensor_present,True,False,True,True,308,-58.25959396362305,-49.271942138671875,0
Had Teresa ever gone to a lot of rivers?,Teresa had ever gone to a lot of rivers.,semantics,npi_licensing,matrix_question_npi_licensor_present,True,False,True,True,309,-54.905738830566406,-53.048683166503906,0
Has Tara ever found these mirrors?,Tara has ever found these mirrors.,semantics,npi_licensing,matrix_question_npi_licensor_present,True,False,True,True,310,-48.765228271484375,-43.74483108520508,0
Had Jodi ever written?,Jodi had ever written.,semantics,npi_licensing,matrix_question_npi_licensor_present,True,False,True,True,311,-40.73664855957031,-31.94092559814453,0
Has Gregory ever refused to discuss Becky?,Gregory has ever refused to discuss Becky.,semantics,npi_licensing,matrix_question_npi_licensor_present,True,False,True,True,312,-52.29523468017578,-49.32695007324219,0
Might Roger ever hide away?,Roger might ever hide away.,semantics,npi_licensing,matrix_question_npi_licensor_present,True,False,True,True,313,-45.44019317626953,-27.452558517456055,0
Have some gloves ever flattened?,Some gloves have ever flattened.,semantics,npi_licensing,matrix_question_npi_licensor_present,True,False,True,True,314,-39.4507942199707,-38.0224723815918,0
Can a lot of men ever exist?,A lot of men can ever exist.,semantics,npi_licensing,matrix_question_npi_licensor_present,True,False,True,True,315,-35.866783142089844,-35.956451416015625,1
Has Christina ever nodded?,Christina has ever nodded.,semantics,npi_licensing,matrix_question_npi_licensor_present,True,False,True,True,316,-38.92699432373047,-33.5833625793457,0
Would Leslie ever skate around every public park?,Leslie would ever skate around every public park.,semantics,npi_licensing,matrix_question_npi_licensor_present,True,False,True,True,317,-63.85680389404297,-64.9819107055664,1
Has Jane ever practiced?,Jane has ever practiced.,semantics,npi_licensing,matrix_question_npi_licensor_present,True,False,True,True,318,-36.21723175048828,-24.652523040771484,0
Have most actors ever disagreed?,Most actors have ever disagreed.,semantics,npi_licensing,matrix_question_npi_licensor_present,True,False,True,True,319,-42.31064987182617,-36.19116973876953,0
Has the legislature ever profited?,The legislature has ever profited.,semantics,npi_licensing,matrix_question_npi_licensor_present,True,False,True,True,320,-44.202125549316406,-38.36371612548828,0
Will that museum ever reference Ellen?,That museum will ever reference Ellen.,semantics,npi_licensing,matrix_question_npi_licensor_present,True,False,True,True,321,-52.95081329345703,-52.69671630859375,0
Has Peter ever healed Marie?,Peter has ever healed Marie.,semantics,npi_licensing,matrix_question_npi_licensor_present,True,False,True,True,322,-43.814453125,-37.36902618408203,0
Has Charles ever needed to cure Julie?,Charles has ever needed to cure Julie.,semantics,npi_licensing,matrix_question_npi_licensor_present,True,False,True,True,323,-52.322242736816406,-43.891685485839844,0
Has Gary ever played?,Gary has ever played.,semantics,npi_licensing,matrix_question_npi_licensor_present,True,False,True,True,324,-32.658992767333984,-22.923805236816406,0
Had Martin ever alarmed Michael?,Martin had ever alarmed Michael.,semantics,npi_licensing,matrix_question_npi_licensor_present,True,False,True,True,325,-45.14915084838867,-35.277671813964844,0
Has Phillip ever preferred Patrick to bake?,Phillip has ever preferred Patrick to bake.,semantics,npi_licensing,matrix_question_npi_licensor_present,True,False,True,True,326,-62.92277526855469,-57.539520263671875,0
Might most teenagers ever win?,Most teenagers might ever win.,semantics,npi_licensing,matrix_question_npi_licensor_present,True,False,True,True,327,-48.32225799560547,-33.31678771972656,0
Could Sheila ever forget what vaporized?,Sheila could ever forget what vaporized.,semantics,npi_licensing,matrix_question_npi_licensor_present,True,False,True,True,328,-56.53044128417969,-55.080421447753906,0
Had a skirt ever stretched?,A skirt had ever stretched.,semantics,npi_licensing,matrix_question_npi_licensor_present,True,False,True,True,329,-38.3070068359375,-38.443336486816406,1
Had Rebecca ever appeared to stun Cheryl?,Rebecca had ever appeared to stun Cheryl.,semantics,npi_licensing,matrix_question_npi_licensor_present,True,False,True,True,330,-60.74615478515625,-55.70522689819336,0
Did Katherine ever convince most nephews of Amelia to cooperate?,Katherine did ever convince most nephews of Amelia to cooperate.,semantics,npi_licensing,matrix_question_npi_licensor_present,True,False,True,True,331,-88.96737670898438,-85.9635009765625,0
Would the Impressionists ever fight?,The Impressionists would ever fight.,semantics,npi_licensing,matrix_question_npi_licensor_present,True,False,True,True,332,-52.63579559326172,-49.11415100097656,0
Could Alice ever nod?,Alice could ever nod.,semantics,npi_licensing,matrix_question_npi_licensor_present,True,False,True,True,333,-34.56756591796875,-25.18032455444336,0
Had Becca ever want to waste away?,Becca had ever want to waste away.,semantics,npi_licensing,matrix_question_npi_licensor_present,True,False,True,True,334,-53.83570098876953,-47.30545425415039,0
Has Kayla ever said the Borgias chuckle?,Kayla has ever said the Borgias chuckle.,semantics,npi_licensing,matrix_question_npi_licensor_present,True,False,True,True,335,-77.27594757080078,-66.42659759521484,0
Should Guy ever listen to Brian?,Guy should ever listen to Brian.,semantics,npi_licensing,matrix_question_npi_licensor_present,True,False,True,True,336,-42.093170166015625,-34.21923065185547,0
Could Charles ever wear a hat?,Charles could ever wear a hat.,semantics,npi_licensing,matrix_question_npi_licensor_present,True,False,True,True,337,-40.74420166015625,-32.05093002319336,0
Has Rachelle ever believed some newspaper article to disagree?,Rachelle has ever believed some newspaper article to disagree.,semantics,npi_licensing,matrix_question_npi_licensor_present,True,False,True,True,338,-87.33732604980469,-74.82662963867188,0
Should Samuel ever stretch?,Samuel should ever stretch.,semantics,npi_licensing,matrix_question_npi_licensor_present,True,False,True,True,339,-35.686378479003906,-36.07305908203125,1
Did the doctor ever beg the university to bore Vincent?,The doctor did ever beg the university to bore Vincent.,semantics,npi_licensing,matrix_question_npi_licensor_present,True,False,True,True,340,-74.185302734375,-71.31289672851562,0
Had George ever died?,George had ever died.,semantics,npi_licensing,matrix_question_npi_licensor_present,True,False,True,True,341,-32.20940399169922,-19.645023345947266,0
Would some wheelbarrow ever shatter?,Some wheelbarrow would ever shatter.,semantics,npi_licensing,matrix_question_npi_licensor_present,True,False,True,True,342,-55.84980010986328,-54.58113098144531,0
Should some ice ever melt?,Some ice should ever melt.,semantics,npi_licensing,matrix_question_npi_licensor_present,True,False,True,True,343,-34.42751693725586,-35.048683166503906,1
Might this jacket ever twist?,This jacket might ever twist.,semantics,npi_licensing,matrix_question_npi_licensor_present,True,False,True,True,344,-48.19506072998047,-37.92159652709961,0
Has Rebecca ever driven to some closet?,Rebecca has ever driven to some closet.,semantics,npi_licensing,matrix_question_npi_licensor_present,True,False,True,True,345,-54.554222106933594,-52.27412796020508,0
Had Mark ever climbed down this mountain?,Mark had ever climbed down this mountain.,semantics,npi_licensing,matrix_question_npi_licensor_present,True,False,True,True,346,-49.15196228027344,-40.44480895996094,0
Has Lisa ever joked around?,Lisa has ever joked around.,semantics,npi_licensing,matrix_question_npi_licensor_present,True,False,True,True,347,-43.28766632080078,-36.392765045166016,0
Could a candle ever dim?,A candle could ever dim.,semantics,npi_licensing,matrix_question_npi_licensor_present,True,False,True,True,348,-38.29981231689453,-39.81427764892578,1
Will all adults ever stretch?,All adults will ever stretch.,semantics,npi_licensing,matrix_question_npi_licensor_present,True,False,True,True,349,-39.67749786376953,-34.49674987792969,0
Have the waiters ever praised Julia?,The waiters have ever praised Julia.,semantics,npi_licensing,matrix_question_npi_licensor_present,True,False,True,True,350,-54.797706604003906,-53.22325897216797,0
Have some icicles ever vaporized?,Some icicles have ever vaporized.,semantics,npi_licensing,matrix_question_npi_licensor_present,True,False,True,True,351,-56.36277770996094,-50.82734680175781,0
Would Deanna ever clean most gloves?,Deanna would ever clean most gloves.,semantics,npi_licensing,matrix_question_npi_licensor_present,True,False,True,True,352,-59.630577087402344,-53.602691650390625,0
Has a mushroom ever charred?,A mushroom has ever charred.,semantics,npi_licensing,matrix_question_npi_licensor_present,True,False,True,True,353,-39.09186553955078,-40.79134750366211,1
Will Vanessa ever commission Connie to escape?,Vanessa will ever commission Connie to escape.,semantics,npi_licensing,matrix_question_npi_licensor_present,True,False,True,True,354,-69.60728454589844,-64.20783996582031,0
Had that art gallery ever existed?,That art gallery had ever existed.,semantics,npi_licensing,matrix_question_npi_licensor_present,True,False,True,True,355,-47.65468978881836,-44.447303771972656,0
Has Victoria ever spun around?,Victoria has ever spun around.,semantics,npi_licensing,matrix_question_npi_licensor_present,True,False,True,True,356,-42.63642120361328,-30.784820556640625,0
Would Jane ever compel Lissa to answer?,Jane would ever compel Lissa to answer.,semantics,npi_licensing,matrix_question_npi_licensor_present,True,False,True,True,357,-64.7742919921875,-53.80821228027344,0
Would every patient ever explain everything?,Every patient would ever explain everything.,semantics,npi_licensing,matrix_question_npi_licensor_present,True,False,True,True,358,-42.283111572265625,-34.7928466796875,0
Did the mouths ever stun Jesus?,The mouths did ever stun Jesus.,semantics,npi_licensing,matrix_question_npi_licensor_present,True,False,True,True,359,-47.40214157104492,-48.635318756103516,1
Has Tara ever stretched?,Tara has ever stretched.,semantics,npi_licensing,matrix_question_npi_licensor_present,True,False,True,True,360,-39.30609130859375,-33.657310485839844,0
Will Kristin ever yearn to remember a teacher?,Kristin will ever yearn to remember a teacher.,semantics,npi_licensing,matrix_question_npi_licensor_present,True,False,True,True,361,-77.48236083984375,-71.05219268798828,0
Can Richard ever pass the hill?,Richard can ever pass the hill.,semantics,npi_licensing,matrix_question_npi_licensor_present,True,False,True,True,362,-40.171836853027344,-33.28812789916992,0
Has Jodi ever cooked?,Jodi has ever cooked.,semantics,npi_licensing,matrix_question_npi_licensor_present,True,False,True,True,363,-40.1436653137207,-33.957435607910156,0
Has this dress ever crumpled?,This dress has ever crumpled.,semantics,npi_licensing,matrix_question_npi_licensor_present,True,False,True,True,364,-51.892372131347656,-48.99333190917969,0
Has Kimberley ever disturbed a lot of teenagers?,Kimberley has ever disturbed a lot of teenagers.,semantics,npi_licensing,matrix_question_npi_licensor_present,True,False,True,True,365,-66.42255401611328,-59.62738037109375,0
Has Danielle ever appeared to fire Theresa?,Danielle has ever appeared to fire Theresa.,semantics,npi_licensing,matrix_question_npi_licensor_present,True,False,True,True,366,-57.82835006713867,-53.38363265991211,0
Would some actors ever benefit?,Some actors would ever benefit.,semantics,npi_licensing,matrix_question_npi_licensor_present,True,False,True,True,367,-37.42694854736328,-34.055274963378906,0
Has Heidi ever sneezed?,Heidi has ever sneezed.,semantics,npi_licensing,matrix_question_npi_licensor_present,True,False,True,True,368,-42.00625991821289,-40.41031265258789,0
Had Candice ever tried to hurt Tara?,Candice had ever tried to hurt Tara.,semantics,npi_licensing,matrix_question_npi_licensor_present,True,False,True,True,369,-58.27583312988281,-49.25762939453125,0
Had Gary ever confused some cashier?,Gary had ever confused some cashier.,semantics,npi_licensing,matrix_question_npi_licensor_present,True,False,True,True,370,-57.431907653808594,-46.818077087402344,0
Could Aaron ever exercise?,Aaron could ever exercise.,semantics,npi_licensing,matrix_question_npi_licensor_present,True,False,True,True,371,-32.14789581298828,-22.570289611816406,0
Should Dawn ever yearn to worry Joseph?,Dawn should ever yearn to worry Joseph.,semantics,npi_licensing,matrix_question_npi_licensor_present,True,False,True,True,372,-72.22886657714844,-74.21963500976562,1
Can Cindy ever leave?,Cindy can ever leave.,semantics,npi_licensing,matrix_question_npi_licensor_present,True,False,True,True,373,-30.794448852539062,-35.33222579956055,1
Has Margaret ever hated Jill?,Margaret has ever hated Jill.,semantics,npi_licensing,matrix_question_npi_licensor_present,True,False,True,True,374,-44.362327575683594,-47.096858978271484,1
Could Elizabeth ever implore every nephew of Karen to disgust that pedestrian?,Elizabeth could ever implore every nephew of Karen to disgust that pedestrian.,semantics,npi_licensing,matrix_question_npi_licensor_present,True,False,True,True,375,-109.55361938476562,-99.19798278808594,0
Had some legislature ever testified?,Some legislature had ever testified.,semantics,npi_licensing,matrix_question_npi_licensor_present,True,False,True,True,376,-44.0274658203125,-37.594642639160156,0
Had most organizations ever collaborated?,Most organizations had ever collaborated.,semantics,npi_licensing,matrix_question_npi_licensor_present,True,False,True,True,377,-43.56785583496094,-36.995269775390625,0
Have the Impressionists ever benefited?,The Impressionists have ever benefited.,semantics,npi_licensing,matrix_question_npi_licensor_present,True,False,True,True,378,-57.830055236816406,-53.08794403076172,0
Can Thomas ever alarm Tammy?,Thomas can ever alarm Tammy.,semantics,npi_licensing,matrix_question_npi_licensor_present,True,False,True,True,379,-44.926231384277344,-39.94059753417969,0
Had the Clintons ever forfeited?,The Clintons had ever forfeited.,semantics,npi_licensing,matrix_question_npi_licensor_present,True,False,True,True,380,-51.75768280029297,-45.25489044189453,0
Might Kristen ever joke around?,Kristen might ever joke around.,semantics,npi_licensing,matrix_question_npi_licensor_present,True,False,True,True,381,-53.778526306152344,-41.459022521972656,0
Can the socks ever crumple?,The socks can ever crumple.,semantics,npi_licensing,matrix_question_npi_licensor_present,True,False,True,True,382,-51.25647735595703,-52.94969940185547,1
Does Brian ever fall asleep?,Brian does ever fall asleep.,semantics,npi_licensing,matrix_question_npi_licensor_present,True,False,True,True,383,-34.97492980957031,-28.15525245666504,0
Would Gerald ever break the computer?,Gerald would ever break the computer.,semantics,npi_licensing,matrix_question_npi_licensor_present,True,False,True,True,384,-40.91167449951172,-39.836483001708984,0
Had the rice ever burned?,The rice had ever burned.,semantics,npi_licensing,matrix_question_npi_licensor_present,True,False,True,True,385,-37.11561584472656,-33.69085693359375,0
Has Marla ever departed?,Marla has ever departed.,semantics,npi_licensing,matrix_question_npi_licensor_present,True,False,True,True,386,-39.02016830444336,-33.36351776123047,0
Would an adult ever cough?,An adult would ever cough.,semantics,npi_licensing,matrix_question_npi_licensor_present,True,False,True,True,387,-36.57433319091797,-39.299041748046875,1
Have a lot of governments ever pressed people's contractor to mess up these glasses?,A lot of governments have ever pressed people's contractor to mess up these glasses.,semantics,npi_licensing,matrix_question_npi_licensor_present,True,False,True,True,388,-96.48404693603516,-97.3864517211914,1
Could Matt ever scream?,Matt could ever scream.,semantics,npi_licensing,matrix_question_npi_licensor_present,True,False,True,True,389,-34.195945739746094,-23.146442413330078,0
Can Carmen ever hurt these guys?,Carmen can ever hurt these guys.,semantics,npi_licensing,matrix_question_npi_licensor_present,True,False,True,True,390,-42.21685791015625,-46.274391174316406,1
Will Martin ever walk through most art galleries?,Martin will ever walk through most art galleries.,semantics,npi_licensing,matrix_question_npi_licensor_present,True,False,True,True,391,-62.677520751953125,-54.19191360473633,0
Did Alicia ever wonder what might drop?,Alicia did ever wonder what might drop.,semantics,npi_licensing,matrix_question_npi_licensor_present,True,False,True,True,392,-49.13790512084961,-55.78465270996094,1
Had that shawl ever folded?,That shawl had ever folded.,semantics,npi_licensing,matrix_question_npi_licensor_present,True,False,True,True,393,-48.96567153930664,-46.58972930908203,0
Should doors ever close?,Doors should ever close.,semantics,npi_licensing,matrix_question_npi_licensor_present,True,False,True,True,394,-32.84903335571289,-34.67313003540039,1
Can William ever bring every truck?,William can ever bring every truck.,semantics,npi_licensing,matrix_question_npi_licensor_present,True,False,True,True,395,-46.09455108642578,-38.56920623779297,0
Will that newspaper article ever fall?,That newspaper article will ever fall.,semantics,npi_licensing,matrix_question_npi_licensor_present,True,False,True,True,396,-51.16564178466797,-49.18327331542969,0
Could Maria ever observe every cashier?,Maria could ever observe every cashier.,semantics,npi_licensing,matrix_question_npi_licensor_present,True,False,True,True,397,-56.90019989013672,-47.06552505493164,0
Should many people ever depart?,Many people should ever depart.,semantics,npi_licensing,matrix_question_npi_licensor_present,True,False,True,True,398,-33.212181091308594,-26.243684768676758,0
Had Richard ever impressed Michael?,Richard had ever impressed Michael.,semantics,npi_licensing,matrix_question_npi_licensor_present,True,False,True,True,399,-44.163658142089844,-34.32136917114258,0
Has Linda ever cared for Patrick?,Linda has ever cared for Patrick.,semantics,npi_licensing,matrix_question_npi_licensor_present,True,False,True,True,400,-46.265933990478516,-42.16571044921875,0
Should Claire ever bake?,Claire should ever bake.,semantics,npi_licensing,matrix_question_npi_licensor_present,True,False,True,True,401,-34.455543518066406,-34.191410064697266,0
Might Cynthia ever entice Eva to scan some story?,Cynthia might ever entice Eva to scan some story.,semantics,npi_licensing,matrix_question_npi_licensor_present,True,False,True,True,402,-94.45548248291016,-95.49287414550781,1
Did Eric ever alarm these universities?,Eric did ever alarm these universities.,semantics,npi_licensing,matrix_question_npi_licensor_present,True,False,True,True,403,-54.304866790771484,-44.16330337524414,0
Has Karla ever questioned Noah?,Karla has ever questioned Noah.,semantics,npi_licensing,matrix_question_npi_licensor_present,True,False,True,True,404,-52.14005661010742,-43.32120895385742,0
Could Donald ever persuade some actors' father to cheer?,Donald could ever persuade some actors' father to cheer.,semantics,npi_licensing,matrix_question_npi_licensor_present,True,False,True,True,405,-76.85487365722656,-65.74797058105469,0
Has Tanya ever needed a lot of commentaries to disagree with those waitresses?,Tanya has ever needed a lot of commentaries to disagree with those waitresses.,semantics,npi_licensing,matrix_question_npi_licensor_present,True,False,True,True,406,-113.80223083496094,-109.15179443359375,0
Have all coats ever twirled?,All coats have ever twirled.,semantics,npi_licensing,matrix_question_npi_licensor_present,True,False,True,True,407,-52.60251235961914,-48.687191009521484,0
Does Claire ever regret banks aren't cooperating?,Claire does ever regret banks aren't cooperating.,semantics,npi_licensing,matrix_question_npi_licensor_present,True,False,True,True,408,-65.81651306152344,-67.39556884765625,1
Should Spain ever reply?,Spain should ever reply.,semantics,npi_licensing,matrix_question_npi_licensor_present,True,False,True,True,409,-35.440589904785156,-23.60407829284668,0
Had pants ever shrunk?,Pants had ever shrunk.,semantics,npi_licensing,matrix_question_npi_licensor_present,True,False,True,True,410,-37.111602783203125,-34.80181884765625,0
Should Samantha ever remember what won't alarm many associations?,Samantha should ever remember what won't alarm many associations.,semantics,npi_licensing,matrix_question_npi_licensor_present,True,False,True,True,411,-75.630615234375,-79.9964370727539,1
Have some doctors ever shouted?,Some doctors have ever shouted.,semantics,npi_licensing,matrix_question_npi_licensor_present,True,False,True,True,412,-36.40147399902344,-33.238037109375,0
Had Dan ever joked around?,Dan had ever joked around.,semantics,npi_licensing,matrix_question_npi_licensor_present,True,False,True,True,413,-44.798439025878906,-32.016845703125,0
Had Pamela ever sat down?,Pamela had ever sat down.,semantics,npi_licensing,matrix_question_npi_licensor_present,True,False,True,True,414,-35.13253402709961,-38.97509002685547,1
Might Chad ever press Tara's lawyer to donate?,Chad might ever press Tara's lawyer to donate.,semantics,npi_licensing,matrix_question_npi_licensor_present,True,False,True,True,415,-89.6454849243164,-77.76206970214844,0
Would Karen ever drop by some hospital?,Karen would ever drop by some hospital.,semantics,npi_licensing,matrix_question_npi_licensor_present,True,False,True,True,416,-50.123382568359375,-47.83924102783203,0
Should Benjamin ever complain?,Benjamin should ever complain.,semantics,npi_licensing,matrix_question_npi_licensor_present,True,False,True,True,417,-34.45796203613281,-33.72029495239258,0
Should some senator ever bother to heal Russell?,Some senator should ever bother to heal Russell.,semantics,npi_licensing,matrix_question_npi_licensor_present,True,False,True,True,418,-64.5169448852539,-58.46864700317383,0
Will Vincent ever grin?,Vincent will ever grin.,semantics,npi_licensing,matrix_question_npi_licensor_present,True,False,True,True,419,-37.47846603393555,-38.834861755371094,1
Would this patient ever argue?,This patient would ever argue.,semantics,npi_licensing,matrix_question_npi_licensor_present,True,False,True,True,420,-34.70207977294922,-31.613786697387695,0
Has Mary ever seen?,Mary has ever seen.,semantics,npi_licensing,matrix_question_npi_licensor_present,True,False,True,True,421,-25.474956512451172,-17.4578857421875,0
Would Chad ever murmur?,Chad would ever murmur.,semantics,npi_licensing,matrix_question_npi_licensor_present,True,False,True,True,422,-42.1783561706543,-39.28651428222656,0
Should Ruth ever vanish?,Ruth should ever vanish.,semantics,npi_licensing,matrix_question_npi_licensor_present,True,False,True,True,423,-33.554840087890625,-35.47080993652344,1
Has Raymond ever known Laura?,Raymond has ever known Laura.,semantics,npi_licensing,matrix_question_npi_licensor_present,True,False,True,True,424,-40.62638854980469,-37.992591857910156,0
Will those turtles ever irritate Walter?,Those turtles will ever irritate Walter.,semantics,npi_licensing,matrix_question_npi_licensor_present,True,False,True,True,425,-58.55066680908203,-53.523555755615234,0
Can a cashier ever heal Teresa?,A cashier can ever heal Teresa.,semantics,npi_licensing,matrix_question_npi_licensor_present,True,False,True,True,426,-61.492706298828125,-60.21253204345703,0
Has a company ever concealed who visit some museums?,A company has ever concealed who visit some museums.,semantics,npi_licensing,matrix_question_npi_licensor_present,True,False,True,True,427,-72.36688232421875,-70.09298706054688,0
Might the eye ever close?,The eye might ever close.,semantics,npi_licensing,matrix_question_npi_licensor_present,True,False,True,True,428,-43.82007598876953,-33.2607421875,0
Had the mirror ever cracked?,The mirror had ever cracked.,semantics,npi_licensing,matrix_question_npi_licensor_present,True,False,True,True,429,-34.81283187866211,-34.22370147705078,0
Had some painting ever looked like Pamela?,Some painting had ever looked like Pamela.,semantics,npi_licensing,matrix_question_npi_licensor_present,True,False,True,True,430,-49.24797821044922,-45.97342300415039,0
Could Patrick ever investigate Bruce?,Patrick could ever investigate Bruce.,semantics,npi_licensing,matrix_question_npi_licensor_present,True,False,True,True,431,-47.32203674316406,-38.35227966308594,0
Had that gate ever flung open?,That gate had ever flung open.,semantics,npi_licensing,matrix_question_npi_licensor_present,True,False,True,True,432,-45.772804260253906,-43.736915588378906,0
Will Derek ever complain?,Derek will ever complain.,semantics,npi_licensing,matrix_question_npi_licensor_present,True,False,True,True,433,-34.482025146484375,-33.734920501708984,0
Would some skateboards ever fall apart?,Some skateboards would ever fall apart.,semantics,npi_licensing,matrix_question_npi_licensor_present,True,False,True,True,434,-53.194183349609375,-51.26810836791992,0
Could a driver ever talk to Laura?,A driver could ever talk to Laura.,semantics,npi_licensing,matrix_question_npi_licensor_present,True,False,True,True,435,-41.00927734375,-42.974586486816406,1
Might Cheryl ever praise Laura?,Cheryl might ever praise Laura.,semantics,npi_licensing,matrix_question_npi_licensor_present,True,False,True,True,436,-56.01106262207031,-59.15445327758789,1
Had Joseph ever known Tamara?,Joseph had ever known Tamara.,semantics,npi_licensing,matrix_question_npi_licensor_present,True,False,True,True,437,-50.829002380371094,-37.789302825927734,0
Does some blouse ever warp?,Some blouse does ever warp.,semantics,npi_licensing,matrix_question_npi_licensor_present,True,False,True,True,438,-45.22634506225586,-48.52485656738281,1
Did every carriage ever drop?,Every carriage did ever drop.,semantics,npi_licensing,matrix_question_npi_licensor_present,True,False,True,True,439,-39.78696060180664,-34.319732666015625,0
Had Sharon ever embarrassed Paul?,Sharon had ever embarrassed Paul.,semantics,npi_licensing,matrix_question_npi_licensor_present,True,False,True,True,440,-44.84933090209961,-42.277992248535156,0
Does Amelia ever propose to disappear?,Amelia does ever propose to disappear.,semantics,npi_licensing,matrix_question_npi_licensor_present,True,False,True,True,441,-46.66427230834961,-45.38826370239258,0
Had Karla ever pressed Rose to irritate Nicole?,Karla had ever pressed Rose to irritate Nicole.,semantics,npi_licensing,matrix_question_npi_licensor_present,True,False,True,True,442,-85.28360748291016,-73.25596618652344,0
Have all spotlights ever appeared?,All spotlights have ever appeared.,semantics,npi_licensing,matrix_question_npi_licensor_present,True,False,True,True,443,-50.55018615722656,-49.38157653808594,0
Had Ellen ever hunted?,Ellen had ever hunted.,semantics,npi_licensing,matrix_question_npi_licensor_present,True,False,True,True,444,-33.88120651245117,-29.971126556396484,0
Will the waiters ever find Tanya to concur?,The waiters will ever find Tanya to concur.,semantics,npi_licensing,matrix_question_npi_licensor_present,True,False,True,True,445,-78.85139465332031,-76.17833709716797,0
Has the convertible ever resembled paintings?,The convertible has ever resembled paintings.,semantics,npi_licensing,matrix_question_npi_licensor_present,True,False,True,True,446,-51.92811965942383,-48.69955825805664,0
Has Jason ever astounded some children?,Jason has ever astounded some children.,semantics,npi_licensing,matrix_question_npi_licensor_present,True,False,True,True,447,-54.63852310180664,-45.0833854675293,0
Would Steven ever propose to disgust Jason?,Steven would ever propose to disgust Jason.,semantics,npi_licensing,matrix_question_npi_licensor_present,True,False,True,True,448,-55.316993713378906,-48.01182556152344,0
Had most trucks ever turned?,Most trucks had ever turned.,semantics,npi_licensing,matrix_question_npi_licensor_present,True,False,True,True,449,-39.830474853515625,-33.85441589355469,0
Had Daniel ever doubted Alexander hadn't hired Melanie?,Daniel had ever doubted Alexander hadn't hired Melanie.,semantics,npi_licensing,matrix_question_npi_licensor_present,True,False,True,True,450,-76.93777465820312,-64.34506225585938,0
Has Andrew ever cheered?,Andrew has ever cheered.,semantics,npi_licensing,matrix_question_npi_licensor_present,True,False,True,True,451,-36.33677673339844,-25.831140518188477,0
Has every person ever regretted a lot of guys stretch?,Every person has ever regretted a lot of guys stretch.,semantics,npi_licensing,matrix_question_npi_licensor_present,True,False,True,True,452,-66.2854995727539,-59.78009796142578,0
Might Veronica ever hunt?,Veronica might ever hunt.,semantics,npi_licensing,matrix_question_npi_licensor_present,True,False,True,True,453,-45.35320281982422,-36.75221252441406,0
Has that screen ever faded?,That screen has ever faded.,semantics,npi_licensing,matrix_question_npi_licensor_present,True,False,True,True,454,-41.451297760009766,-39.045204162597656,0
Would Erin ever play?,Erin would ever play.,semantics,npi_licensing,matrix_question_npi_licensor_present,True,False,True,True,455,-26.584674835205078,-31.310604095458984,1
Might Aaron ever compromise?,Aaron might ever compromise.,semantics,npi_licensing,matrix_question_npi_licensor_present,True,False,True,True,456,-43.9640007019043,-25.573286056518555,0
Have those vases ever shattered?,Those vases have ever shattered.,semantics,npi_licensing,matrix_question_npi_licensor_present,True,False,True,True,457,-51.2591667175293,-43.59562301635742,0
Has Sally ever needed to respect Carl?,Sally has ever needed to respect Carl.,semantics,npi_licensing,matrix_question_npi_licensor_present,True,False,True,True,458,-50.995689392089844,-49.15163803100586,0
Had that hat ever frayed?,That hat had ever frayed.,semantics,npi_licensing,matrix_question_npi_licensor_present,True,False,True,True,459,-47.97593688964844,-42.86785125732422,0
Had Elizabeth ever wanted Amanda to paint?,Elizabeth had ever wanted Amanda to paint.,semantics,npi_licensing,matrix_question_npi_licensor_present,True,False,True,True,460,-53.80896759033203,-43.62445068359375,0
Can every waiter ever urge Sharon to stun every organization?,Every waiter can ever urge Sharon to stun every organization.,semantics,npi_licensing,matrix_question_npi_licensor_present,True,False,True,True,461,-91.5009765625,-82.61427307128906,0
Had Vanessa ever concurred?,Vanessa had ever concurred.,semantics,npi_licensing,matrix_question_npi_licensor_present,True,False,True,True,462,-48.980194091796875,-41.93678283691406,0
Has Vanessa ever dared every teenager's ex-husband to reference some book?,Vanessa has ever dared every teenager's ex-husband to reference some book.,semantics,npi_licensing,matrix_question_npi_licensor_present,True,False,True,True,463,-112.38604736328125,-105.86747741699219,0
Had some waitresses ever swallowed?,Some waitresses had ever swallowed.,semantics,npi_licensing,matrix_question_npi_licensor_present,True,False,True,True,464,-50.81224060058594,-46.032955169677734,0
Does Sara ever bring the gate?,Sara does ever bring the gate.,semantics,npi_licensing,matrix_question_npi_licensor_present,True,False,True,True,465,-39.479732513427734,-39.070220947265625,0
Have a lot of dogs ever aggravated students?,A lot of dogs have ever aggravated students.,semantics,npi_licensing,matrix_question_npi_licensor_present,True,False,True,True,466,-49.592044830322266,-51.010677337646484,1
Should Judy ever sigh?,Judy should ever sigh.,semantics,npi_licensing,matrix_question_npi_licensor_present,True,False,True,True,467,-35.94860076904297,-31.862060546875,0
Did Jeffrey ever wonder who was yawning?,Jeffrey did ever wonder who was yawning.,semantics,npi_licensing,matrix_question_npi_licensor_present,True,False,True,True,468,-55.594085693359375,-49.95402908325195,0
Could Regina ever disappear?,Regina could ever disappear.,semantics,npi_licensing,matrix_question_npi_licensor_present,True,False,True,True,469,-35.85752868652344,-32.11088562011719,0
Will all teachers ever boast about Benjamin?,All teachers will ever boast about Benjamin.,semantics,npi_licensing,matrix_question_npi_licensor_present,True,False,True,True,470,-55.96508026123047,-53.296939849853516,0
Will Frank ever hire most people?,Frank will ever hire most people.,semantics,npi_licensing,matrix_question_npi_licensor_present,True,False,True,True,471,-44.930686950683594,-36.45492935180664,0
Can Martin ever find out who wept?,Martin can ever find out who wept.,semantics,npi_licensing,matrix_question_npi_licensor_present,True,False,True,True,472,-51.350135803222656,-45.59142303466797,0
Should these teachers ever protest?,These teachers should ever protest.,semantics,npi_licensing,matrix_question_npi_licensor_present,True,False,True,True,473,-38.150447845458984,-36.668556213378906,0
Had Gregory ever loved Diane?,Gregory had ever loved Diane.,semantics,npi_licensing,matrix_question_npi_licensor_present,True,False,True,True,474,-44.10662078857422,-39.43579864501953,0
Has Alice ever advised Stacey to answer?,Alice has ever advised Stacey to answer.,semantics,npi_licensing,matrix_question_npi_licensor_present,True,False,True,True,475,-61.05112838745117,-50.437538146972656,0
Did Eva ever observe Carl?,Eva did ever observe Carl.,semantics,npi_licensing,matrix_question_npi_licensor_present,True,False,True,True,476,-42.272701263427734,-33.332862854003906,0
Had Valerie ever insulted Melanie?,Valerie had ever insulted Melanie.,semantics,npi_licensing,matrix_question_npi_licensor_present,True,False,True,True,477,-45.559547424316406,-45.77328872680664,1
Had this guest ever seen most libraries?,This guest had ever seen most libraries.,semantics,npi_licensing,matrix_question_npi_licensor_present,True,False,True,True,478,-51.95798110961914,-45.999107360839844,0
Has Tiffany ever grinned?,Tiffany has ever grinned.,semantics,npi_licensing,matrix_question_npi_licensor_present,True,False,True,True,479,-38.31134033203125,-45.56184387207031,1
Can Deborah ever leave?,Deborah can ever leave.,semantics,npi_licensing,matrix_question_npi_licensor_present,True,False,True,True,480,-31.811176300048828,-31.944358825683594,1
Has Veronica ever thought about a lot of tomatoes?,Veronica has ever thought about a lot of tomatoes.,semantics,npi_licensing,matrix_question_npi_licensor_present,True,False,True,True,481,-50.83382797241211,-50.07093811035156,0
Has a wheelbarrow ever turned?,A wheelbarrow has ever turned.,semantics,npi_licensing,matrix_question_npi_licensor_present,True,False,True,True,482,-47.381778717041016,-48.08731460571289,1
Can the teachers ever think about what falls apart?,The teachers can ever think about what falls apart.,semantics,npi_licensing,matrix_question_npi_licensor_present,True,False,True,True,483,-52.32923889160156,-52.467620849609375,1
Has Catherine ever hunted?,Catherine has ever hunted.,semantics,npi_licensing,matrix_question_npi_licensor_present,True,False,True,True,484,-36.046630859375,-33.015167236328125,0
Will Timothy ever think about a movie theater?,Timothy will ever think about a movie theater.,semantics,npi_licensing,matrix_question_npi_licensor_present,True,False,True,True,485,-54.516357421875,-53.18612289428711,0
Has Liam ever passed the mall?,Liam has ever passed the mall.,semantics,npi_licensing,matrix_question_npi_licensor_present,True,False,True,True,486,-45.977577209472656,-42.600608825683594,0
Had that chicken ever blackened?,That chicken had ever blackened.,semantics,npi_licensing,matrix_question_npi_licensor_present,True,False,True,True,487,-46.00556182861328,-41.281593322753906,0
Might Stephen ever stretch?,Stephen might ever stretch.,semantics,npi_licensing,matrix_question_npi_licensor_present,True,False,True,True,488,-45.05181121826172,-24.931655883789062,0
Will many waiters ever train?,Many waiters will ever train.,semantics,npi_licensing,matrix_question_npi_licensor_present,True,False,True,True,489,-50.59571075439453,-45.13123321533203,0
Can Claire ever go fishing?,Claire can ever go fishing.,semantics,npi_licensing,matrix_question_npi_licensor_present,True,False,True,True,490,-34.69464111328125,-34.61104202270508,0
Had Vincent ever convinced Dennis to swallow?,Vincent had ever convinced Dennis to swallow.,semantics,npi_licensing,matrix_question_npi_licensor_present,True,False,True,True,491,-60.21434020996094,-58.453773498535156,0
Can many patients ever disagree?,Many patients can ever disagree.,semantics,npi_licensing,matrix_question_npi_licensor_present,True,False,True,True,492,-38.38213348388672,-31.48751449584961,0
Would most convertibles ever crash?,Most convertibles would ever crash.,semantics,npi_licensing,matrix_question_npi_licensor_present,True,False,True,True,493,-55.272857666015625,-49.84211730957031,0
Had Gary ever performed?,Gary had ever performed.,semantics,npi_licensing,matrix_question_npi_licensor_present,True,False,True,True,494,-33.643524169921875,-21.191692352294922,0
Does Alan ever irritate a lot of waitresses?,Alan does ever irritate a lot of waitresses.,semantics,npi_licensing,matrix_question_npi_licensor_present,True,False,True,True,495,-70.66619873046875,-63.20321273803711,0
Can Wendy ever regret Lisa ascends some slope?,Wendy can ever regret Lisa ascends some slope.,semantics,npi_licensing,matrix_question_npi_licensor_present,True,False,True,True,496,-81.80221557617188,-83.4894790649414,1
Could Edward ever laugh?,Edward could ever laugh.,semantics,npi_licensing,matrix_question_npi_licensor_present,True,False,True,True,497,-33.885963439941406,-23.736587524414062,0
Might Sandra ever win?,Sandra might ever win.,semantics,npi_licensing,matrix_question_npi_licensor_present,True,False,True,True,498,-41.10682678222656,-32.087791442871094,0
Does Anne ever prod Steve's teacher to whisper?,Anne does ever prod Steve's teacher to whisper.,semantics,npi_licensing,matrix_question_npi_licensor_present,True,False,True,True,499,-70.85304260253906,-63.00975799560547,0
Had most ladders ever astounded Martin?,Most ladders had ever astounded Martin.,semantics,npi_licensing,matrix_question_npi_licensor_present,True,False,True,True,500,-63.94005584716797,-59.08496856689453,0
Had most legislatures ever coped?,Most legislatures had ever coped.,semantics,npi_licensing,matrix_question_npi_licensor_present,True,False,True,True,501,-51.52164840698242,-42.703758239746094,0
Has some light ever dimmed?,Some light has ever dimmed.,semantics,npi_licensing,matrix_question_npi_licensor_present,True,False,True,True,502,-47.906272888183594,-45.00965118408203,0
Might a lot of pedestrians ever reunite?,A lot of pedestrians might ever reunite.,semantics,npi_licensing,matrix_question_npi_licensor_present,True,False,True,True,503,-61.90132141113281,-53.955970764160156,0
Can drivers ever disagree with Aaron?,Drivers can ever disagree with Aaron.,semantics,npi_licensing,matrix_question_npi_licensor_present,True,False,True,True,504,-49.03301239013672,-47.873252868652344,0
Had those dresses ever twisted?,Those dresses had ever twisted.,semantics,npi_licensing,matrix_question_npi_licensor_present,True,False,True,True,505,-41.21153259277344,-35.93718338012695,0
Would a lot of socks ever crumple?,A lot of socks would ever crumple.,semantics,npi_licensing,matrix_question_npi_licensor_present,True,False,True,True,506,-54.42302322387695,-56.82064437866211,1
Would some hospital ever press Mitchell's classmates to insult that high school?,Some hospital would ever press Mitchell's classmates to insult that high school.,semantics,npi_licensing,matrix_question_npi_licensor_present,True,False,True,True,507,-92.25016784667969,-90.64876556396484,0
Might Elizabeth ever fix many mirrors?,Elizabeth might ever fix many mirrors.,semantics,npi_licensing,matrix_question_npi_licensor_present,True,False,True,True,508,-62.48751449584961,-43.0322380065918,0
Has Victoria ever considered those carriages to turn?,Victoria has ever considered those carriages to turn.,semantics,npi_licensing,matrix_question_npi_licensor_present,True,False,True,True,509,-66.92449951171875,-55.29081344604492,0
Could bikes ever stop?,Bikes could ever stop.,semantics,npi_licensing,matrix_question_npi_licensor_present,True,False,True,True,510,-33.048431396484375,-34.33942413330078,1
Had the Lutherans ever retaliated?,The Lutherans had ever retaliated.,semantics,npi_licensing,matrix_question_npi_licensor_present,True,False,True,True,511,-56.61125564575195,-48.85820770263672,0
Should those pants ever flatten?,Those pants should ever flatten.,semantics,npi_licensing,matrix_question_npi_licensor_present,True,False,True,True,512,-47.193389892578125,-45.83307647705078,0
Has Sonia ever astounded Amelia?,Sonia has ever astounded Amelia.,semantics,npi_licensing,matrix_question_npi_licensor_present,True,False,True,True,513,-56.703582763671875,-53.75738525390625,0
Did the forks ever shatter?,The forks did ever shatter.,semantics,npi_licensing,matrix_question_npi_licensor_present,True,False,True,True,514,-41.921451568603516,-42.29967498779297,1
Has Alice ever revealed Laura?,Alice has ever revealed Laura.,semantics,npi_licensing,matrix_question_npi_licensor_present,True,False,True,True,515,-43.322261810302734,-34.398033142089844,0
Might Andrea ever spur that cashier to alarm Gregory?,Andrea might ever spur that cashier to alarm Gregory.,semantics,npi_licensing,matrix_question_npi_licensor_present,True,False,True,True,516,-98.64619445800781,-88.948486328125,0
Have some men ever examined plays?,Some men have ever examined plays.,semantics,npi_licensing,matrix_question_npi_licensor_present,True,False,True,True,517,-47.51689910888672,-43.69759750366211,0
Had Holly ever waved?,Holly had ever waved.,semantics,npi_licensing,matrix_question_npi_licensor_present,True,False,True,True,518,-37.83294677734375,-33.103580474853516,0
Does Patricia ever weep?,Patricia does ever weep.,semantics,npi_licensing,matrix_question_npi_licensor_present,True,False,True,True,519,-34.395545959472656,-37.52678680419922,1
Had Jerry ever exercised?,Jerry had ever exercised.,semantics,npi_licensing,matrix_question_npi_licensor_present,True,False,True,True,520,-36.939674377441406,-24.93488311767578,0
Had that mirror ever looked like every picture?,That mirror had ever looked like every picture.,semantics,npi_licensing,matrix_question_npi_licensor_present,True,False,True,True,521,-52.19422149658203,-50.42864227294922,0
Would Carol ever question Jeffrey?,Carol would ever question Jeffrey.,semantics,npi_licensing,matrix_question_npi_licensor_present,True,False,True,True,522,-47.46906280517578,-46.95890426635742,0
Had some teachers ever departed?,Some teachers had ever departed.,semantics,npi_licensing,matrix_question_npi_licensor_present,True,False,True,True,523,-38.094669342041016,-34.273948669433594,0
Should Melinda ever resemble some picture?,Melinda should ever resemble some picture.,semantics,npi_licensing,matrix_question_npi_licensor_present,True,False,True,True,524,-57.82725524902344,-47.27403259277344,0
Would a cup ever tip over?,A cup would ever tip over.,semantics,npi_licensing,matrix_question_npi_licensor_present,True,False,True,True,525,-40.41988754272461,-41.702667236328125,1
Have some legislatures ever conferred?,Some legislatures have ever conferred.,semantics,npi_licensing,matrix_question_npi_licensor_present,True,False,True,True,526,-45.91473388671875,-43.113739013671875,0
Does Carla ever bother Michelle?,Carla does ever bother Michelle.,semantics,npi_licensing,matrix_question_npi_licensor_present,True,False,True,True,527,-47.65890121459961,-43.896148681640625,0
Should this teacher ever dare Jason to yell?,This teacher should ever dare Jason to yell.,semantics,npi_licensing,matrix_question_npi_licensor_present,True,False,True,True,528,-60.62957000732422,-57.15723419189453,0
Might Gregory ever hate Victoria?,Gregory might ever hate Victoria.,semantics,npi_licensing,matrix_question_npi_licensor_present,True,False,True,True,529,-55.38663101196289,-43.40061950683594,0
Had Beth ever tempted Carol to win?,Beth had ever tempted Carol to win.,semantics,npi_licensing,matrix_question_npi_licensor_present,True,False,True,True,530,-56.241180419921875,-51.60964584350586,0
Might the teenagers ever divorce?,The teenagers might ever divorce.,semantics,npi_licensing,matrix_question_npi_licensor_present,True,False,True,True,531,-50.00245666503906,-40.69175720214844,0
Had Raymond ever scratched?,Raymond had ever scratched.,semantics,npi_licensing,matrix_question_npi_licensor_present,True,False,True,True,532,-34.94338607788086,-31.200462341308594,0
Should Kristen ever dare this customer to smile?,Kristen should ever dare this customer to smile.,semantics,npi_licensing,matrix_question_npi_licensor_present,True,False,True,True,533,-61.93250274658203,-58.894630432128906,0
Has a man ever watched Judy?,A man has ever watched Judy.,semantics,npi_licensing,matrix_question_npi_licensor_present,True,False,True,True,534,-40.650604248046875,-41.87590026855469,1
Had Susan ever yearned to litter?,Susan had ever yearned to litter.,semantics,npi_licensing,matrix_question_npi_licensor_present,True,False,True,True,535,-63.21253967285156,-50.93418502807617,0
Had Gerald ever protested?,Gerald had ever protested.,semantics,npi_licensing,matrix_question_npi_licensor_present,True,False,True,True,536,-36.838844299316406,-32.88340759277344,0
Might all carts ever accelerate?,All carts might ever accelerate.,semantics,npi_licensing,matrix_question_npi_licensor_present,True,False,True,True,537,-53.48810577392578,-40.78272247314453,0
Has Clyde ever changed?,Clyde has ever changed.,semantics,npi_licensing,matrix_question_npi_licensor_present,True,False,True,True,538,-31.665151596069336,-42.35808181762695,1
Has Alice ever murmured?,Alice has ever murmured.,semantics,npi_licensing,matrix_question_npi_licensor_present,True,False,True,True,539,-37.70245361328125,-27.766006469726562,0
Had some lakes ever vaporized?,Some lakes had ever vaporized.,semantics,npi_licensing,matrix_question_npi_licensor_present,True,False,True,True,540,-48.418670654296875,-42.06855010986328,0
Has Katherine ever discovered the men?,Katherine has ever discovered the men.,semantics,npi_licensing,matrix_question_npi_licensor_present,True,False,True,True,541,-42.49458694458008,-41.729339599609375,0
Have the Impressionists ever reacted?,The Impressionists have ever reacted.,semantics,npi_licensing,matrix_question_npi_licensor_present,True,False,True,True,542,-58.78601837158203,-52.67658996582031,0
Might a man ever spin around?,A man might ever spin around.,semantics,npi_licensing,matrix_question_npi_licensor_present,True,False,True,True,543,-47.32002639770508,-37.93724822998047,0
Has Beth ever spun around?,Beth has ever spun around.,semantics,npi_licensing,matrix_question_npi_licensor_present,True,False,True,True,544,-39.47870635986328,-40.94093704223633,1
Had Becca ever gone to a lot of banks?,Becca had ever gone to a lot of banks.,semantics,npi_licensing,matrix_question_npi_licensor_present,True,False,True,True,545,-60.224647521972656,-53.48766326904297,0
Had Rachelle ever proven to play?,Rachelle had ever proven to play.,semantics,npi_licensing,matrix_question_npi_licensor_present,True,False,True,True,546,-52.23318862915039,-40.253841400146484,0
Had that chair ever shattered?,That chair had ever shattered.,semantics,npi_licensing,matrix_question_npi_licensor_present,True,False,True,True,547,-39.154327392578125,-35.86106491088867,0
Should all skirts ever stretch?,All skirts should ever stretch.,semantics,npi_licensing,matrix_question_npi_licensor_present,True,False,True,True,548,-40.93052673339844,-39.5270881652832,0
Could this icicle ever evaporate?,This icicle could ever evaporate.,semantics,npi_licensing,matrix_question_npi_licensor_present,True,False,True,True,549,-53.091976165771484,-49.34397506713867,0
Had Martin ever escaped?,Martin had ever escaped.,semantics,npi_licensing,matrix_question_npi_licensor_present,True,False,True,True,550,-31.981115341186523,-20.604007720947266,0
Can the woman ever cook?,The woman can ever cook.,semantics,npi_licensing,matrix_question_npi_licensor_present,True,False,True,True,551,-29.180465698242188,-28.83599853515625,0
Has Diana ever ascended most stairs?,Diana has ever ascended most stairs.,semantics,npi_licensing,matrix_question_npi_licensor_present,True,False,True,True,552,-56.071128845214844,-53.60211181640625,0
Would a scarf ever stretch?,A scarf would ever stretch.,semantics,npi_licensing,matrix_question_npi_licensor_present,True,False,True,True,553,-36.93879699707031,-37.84401321411133,1
Had Danielle ever remembered who shrugs?,Danielle had ever remembered who shrugs.,semantics,npi_licensing,matrix_question_npi_licensor_present,True,False,True,True,554,-58.86778259277344,-51.461517333984375,0
Have these coats ever shrunk?,These coats have ever shrunk.,semantics,npi_licensing,matrix_question_npi_licensor_present,True,False,True,True,555,-41.804351806640625,-38.31214904785156,0
Could this student ever shout?,This student could ever shout.,semantics,npi_licensing,matrix_question_npi_licensor_present,True,False,True,True,556,-37.837608337402344,-34.298973083496094,0
Had all icicles ever bothered Renee?,All icicles had ever bothered Renee.,semantics,npi_licensing,matrix_question_npi_licensor_present,True,False,True,True,557,-64.3079833984375,-63.40010452270508,0
Will Cheryl ever escape from Laura?,Cheryl will ever escape from Laura.,semantics,npi_licensing,matrix_question_npi_licensor_present,True,False,True,True,558,-47.1122932434082,-56.25405502319336,1
Had every legislature ever yearned to embarrass a university?,Every legislature had ever yearned to embarrass a university.,semantics,npi_licensing,matrix_question_npi_licensor_present,True,False,True,True,559,-83.9805679321289,-73.79103088378906,0
Has some unicycle ever stopped?,Some unicycle has ever stopped.,semantics,npi_licensing,matrix_question_npi_licensor_present,True,False,True,True,560,-43.796321868896484,-41.50599670410156,0
Had the cashiers ever appeared to buy those newspaper articles?,The cashiers had ever appeared to buy those newspaper articles.,semantics,npi_licensing,matrix_question_npi_licensor_present,True,False,True,True,561,-79.30470275878906,-77.54710388183594,0
Will Helen ever move?,Helen will ever move.,semantics,npi_licensing,matrix_question_npi_licensor_present,True,False,True,True,562,-28.916858673095703,-29.434856414794922,1
Had a girl ever telephoned?,A girl had ever telephoned.,semantics,npi_licensing,matrix_question_npi_licensor_present,True,False,True,True,563,-50.59941101074219,-49.51787185668945,0
Did Judy ever wear most scarves?,Judy did ever wear most scarves.,semantics,npi_licensing,matrix_question_npi_licensor_present,True,False,True,True,564,-61.388458251953125,-55.08887481689453,0
Could Wendy ever learn who is going fishing?,Wendy could ever learn who is going fishing.,semantics,npi_licensing,matrix_question_npi_licensor_present,True,False,True,True,565,-51.807708740234375,-57.232662200927734,1
Did Steven ever stun Brad?,Steven did ever stun Brad.,semantics,npi_licensing,matrix_question_npi_licensor_present,True,False,True,True,566,-46.032432556152344,-39.73188781738281,0
Would Patrick ever see?,Patrick would ever see.,semantics,npi_licensing,matrix_question_npi_licensor_present,True,False,True,True,567,-30.199382781982422,-19.3090763092041,0
Did Jacqueline ever fall asleep?,Jacqueline did ever fall asleep.,semantics,npi_licensing,matrix_question_npi_licensor_present,True,False,True,True,568,-45.19550323486328,-41.127742767333984,0
Has that patient ever departed?,That patient has ever departed.,semantics,npi_licensing,matrix_question_npi_licensor_present,True,False,True,True,569,-37.5771598815918,-35.515533447265625,0
Have these associations ever forgotten about who isn't finding Angela?,These associations have ever forgotten about who isn't finding Angela.,semantics,npi_licensing,matrix_question_npi_licensor_present,True,False,True,True,570,-77.01238250732422,-71.92109680175781,0
Might James ever forget who confer?,James might ever forget who confer.,semantics,npi_licensing,matrix_question_npi_licensor_present,True,False,True,True,571,-62.16127014160156,-43.70155334472656,0
Has Victoria ever lied?,Victoria has ever lied.,semantics,npi_licensing,matrix_question_npi_licensor_present,True,False,True,True,572,-36.573490142822266,-23.700328826904297,0
Will Natalie ever escape?,Natalie will ever escape.,semantics,npi_licensing,matrix_question_npi_licensor_present,True,False,True,True,573,-33.81817626953125,-33.44529724121094,0
Had Becky ever preferred those cashiers to confuse a lot of senators?,Becky had ever preferred those cashiers to confuse a lot of senators.,semantics,npi_licensing,matrix_question_npi_licensor_present,True,False,True,True,574,-96.69847869873047,-88.80003356933594,0
Might a committee ever conspire?,A committee might ever conspire.,semantics,npi_licensing,matrix_question_npi_licensor_present,True,False,True,True,575,-58.20211410522461,-48.20368194580078,0
Had Rhonda ever scanned the commentaries?,Rhonda had ever scanned the commentaries.,semantics,npi_licensing,matrix_question_npi_licensor_present,True,False,True,True,576,-74.34398651123047,-58.39510726928711,0
Has Paul ever described Bradley?,Paul has ever described Bradley.,semantics,npi_licensing,matrix_question_npi_licensor_present,True,False,True,True,577,-44.611629486083984,-36.05262756347656,0
Might pedestrians ever embrace?,Pedestrians might ever embrace.,semantics,npi_licensing,matrix_question_npi_licensor_present,True,False,True,True,578,-48.89873123168945,-43.93707275390625,0
Would most libraries ever manage to protest?,Most libraries would ever manage to protest.,semantics,npi_licensing,matrix_question_npi_licensor_present,True,False,True,True,579,-52.02199172973633,-42.2223014831543,0
Has Kristen ever argued?,Kristen has ever argued.,semantics,npi_licensing,matrix_question_npi_licensor_present,True,False,True,True,580,-37.63148498535156,-32.168392181396484,0
Would the Borgias ever swallow?,The Borgias would ever swallow.,semantics,npi_licensing,matrix_question_npi_licensor_present,True,False,True,True,581,-49.955387115478516,-46.086307525634766,0
Can Curtis ever predict many hills to aggravate Richard?,Curtis can ever predict many hills to aggravate Richard.,semantics,npi_licensing,matrix_question_npi_licensor_present,True,False,True,True,582,-86.60984802246094,-92.3253173828125,1
Have most boys ever regretted David intends to dislike documentaries?,Most boys have ever regretted David intends to dislike documentaries.,semantics,npi_licensing,matrix_question_npi_licensor_present,True,False,True,True,583,-84.07199096679688,-77.95113372802734,0
Had all girls ever commissioned Carl to come here?,All girls had ever commissioned Carl to come here.,semantics,npi_licensing,matrix_question_npi_licensor_present,True,False,True,True,584,-59.08060836791992,-55.31475067138672,0
Did that doctor ever notice Amy?,That doctor did ever notice Amy.,semantics,npi_licensing,matrix_question_npi_licensor_present,True,False,True,True,585,-41.636566162109375,-42.86949920654297,1
Would William ever mutter?,William would ever mutter.,semantics,npi_licensing,matrix_question_npi_licensor_present,True,False,True,True,586,-37.70500946044922,-29.694026947021484,0
Has the river ever frozen?,The river has ever frozen.,semantics,npi_licensing,matrix_question_npi_licensor_present,True,False,True,True,587,-32.299564361572266,-32.084930419921875,0
Can many schools ever clash?,Many schools can ever clash.,semantics,npi_licensing,matrix_question_npi_licensor_present,True,False,True,True,588,-41.433494567871094,-35.00882339477539,0
Has Jill ever looked to dry?,Jill has ever looked to dry.,semantics,npi_licensing,matrix_question_npi_licensor_present,True,False,True,True,589,-43.34281921386719,-42.31930923461914,0
Should Vincent ever hire Brett?,Vincent should ever hire Brett.,semantics,npi_licensing,matrix_question_npi_licensor_present,True,False,True,True,590,-46.736549377441406,-49.27008819580078,1
Would Kimberley ever hide?,Kimberley would ever hide.,semantics,npi_licensing,matrix_question_npi_licensor_present,True,False,True,True,591,-44.91502380371094,-39.50529098510742,0
Can Anna ever like Stacy?,Anna can ever like Stacy.,semantics,npi_licensing,matrix_question_npi_licensor_present,True,False,True,True,592,-39.555702209472656,-33.75506591796875,0
Would Sharon ever long to tour this glacier?,Sharon would ever long to tour this glacier.,semantics,npi_licensing,matrix_question_npi_licensor_present,True,False,True,True,593,-64.75311279296875,-63.59471130371094,0
Has Tammy ever escaped?,Tammy has ever escaped.,semantics,npi_licensing,matrix_question_npi_licensor_present,True,False,True,True,594,-35.859962463378906,-30.565147399902344,0
Had Danielle ever admired the computers?,Danielle had ever admired the computers.,semantics,npi_licensing,matrix_question_npi_licensor_present,True,False,True,True,595,-49.995296478271484,-43.177940368652344,0
Could those organizations ever succeed?,Those organizations could ever succeed.,semantics,npi_licensing,matrix_question_npi_licensor_present,True,False,True,True,596,-38.75537109375,-35.624732971191406,0
Has Holly ever continued to break that computer?,Holly has ever continued to break that computer.,semantics,npi_licensing,matrix_question_npi_licensor_present,True,False,True,True,597,-55.61030197143555,-54.585689544677734,0
Will the Lutherans ever laugh?,The Lutherans will ever laugh.,semantics,npi_licensing,matrix_question_npi_licensor_present,True,False,True,True,598,-50.8232421875,-45.833221435546875,0
Has every waiter ever said some guys stretch?,Every waiter has ever said some guys stretch.,semantics,npi_licensing,matrix_question_npi_licensor_present,True,False,True,True,599,-67.19239044189453,-61.58751678466797,0
Had Rodney ever investigated who have disappeared?,Rodney had ever investigated who have disappeared.,semantics,npi_licensing,matrix_question_npi_licensor_present,True,False,True,True,600,-57.079978942871094,-51.77092361450195,0
Had most teachers ever flirted?,Most teachers had ever flirted.,semantics,npi_licensing,matrix_question_npi_licensor_present,True,False,True,True,601,-47.305198669433594,-41.896549224853516,0
Should those doctors ever approve?,Those doctors should ever approve.,semantics,npi_licensing,matrix_question_npi_licensor_present,True,False,True,True,602,-36.33502960205078,-33.64322280883789,0
Will Joseph ever litter?,Joseph will ever litter.,semantics,npi_licensing,matrix_question_npi_licensor_present,True,False,True,True,603,-36.26802062988281,-27.867984771728516,0
Do many adults ever force Sabrina's fathers to debate?,Many adults do ever force Sabrina's fathers to debate.,semantics,npi_licensing,matrix_question_npi_licensor_present,True,False,True,True,604,-88.383056640625,-83.01788330078125,0
Did a doctor ever ascend that mountain?,A doctor did ever ascend that mountain.,semantics,npi_licensing,matrix_question_npi_licensor_present,True,False,True,True,605,-50.65106964111328,-50.47368240356445,0
Will boys ever collaborate?,Boys will ever collaborate.,semantics,npi_licensing,matrix_question_npi_licensor_present,True,False,True,True,606,-34.47876739501953,-36.6285285949707,1
Has Rodney ever distracted Katherine?,Rodney has ever distracted Katherine.,semantics,npi_licensing,matrix_question_npi_licensor_present,True,False,True,True,607,-48.53514099121094,-46.534095764160156,0
Had Dana ever boycotted that legislature?,Dana had ever boycotted that legislature.,semantics,npi_licensing,matrix_question_npi_licensor_present,True,False,True,True,608,-75.7983169555664,-73.57594299316406,0
Had Michael ever hidden that gate?,Michael had ever hidden that gate.,semantics,npi_licensing,matrix_question_npi_licensor_present,True,False,True,True,609,-48.517391204833984,-36.0159912109375,0
Did every cup ever chip?,Every cup did ever chip.,semantics,npi_licensing,matrix_question_npi_licensor_present,True,False,True,True,610,-42.1341552734375,-38.29939651489258,0
Would Bill ever forget Tonya?,Bill would ever forget Tonya.,semantics,npi_licensing,matrix_question_npi_licensor_present,True,False,True,True,611,-48.114891052246094,-41.3720817565918,0
Had this woman ever explored a college campus?,This woman had ever explored a college campus.,semantics,npi_licensing,matrix_question_npi_licensor_present,True,False,True,True,612,-57.302642822265625,-51.716835021972656,0
Had Randolf ever climbed up the mountain?,Randolf had ever climbed up the mountain.,semantics,npi_licensing,matrix_question_npi_licensor_present,True,False,True,True,613,-57.510520935058594,-46.984771728515625,0
Has Susan ever protested?,Susan has ever protested.,semantics,npi_licensing,matrix_question_npi_licensor_present,True,False,True,True,614,-35.221343994140625,-26.645797729492188,0
Does Tina ever leave?,Tina does ever leave.,semantics,npi_licensing,matrix_question_npi_licensor_present,True,False,True,True,615,-32.519737243652344,-30.967750549316406,0
Did those waiters ever get a job?,Those waiters did ever get a job.,semantics,npi_licensing,matrix_question_npi_licensor_present,True,False,True,True,616,-50.491355895996094,-44.239356994628906,0
Does Amelia ever exercise?,Amelia does ever exercise.,semantics,npi_licensing,matrix_question_npi_licensor_present,True,False,True,True,617,-36.19489288330078,-35.91221237182617,0
Might a pedestrian ever talk about Becca?,A pedestrian might ever talk about Becca.,semantics,npi_licensing,matrix_question_npi_licensor_present,True,False,True,True,618,-67.35808563232422,-58.49332046508789,0
Have many students ever shrugged?,Many students have ever shrugged.,semantics,npi_licensing,matrix_question_npi_licensor_present,True,False,True,True,619,-41.49514389038086,-32.59220504760742,0
Had William ever imagined Colleen hadn't bothered Marcus?,William had ever imagined Colleen hadn't bothered Marcus.,semantics,npi_licensing,matrix_question_npi_licensor_present,True,False,True,True,620,-83.97006225585938,-72.95764923095703,0
Has Amanda ever proven to turn?,Amanda has ever proven to turn.,semantics,npi_licensing,matrix_question_npi_licensor_present,True,False,True,True,621,-41.455230712890625,-39.516075134277344,0
Had Carlos ever obligated Rodney to wash?,Carlos had ever obligated Rodney to wash.,semantics,npi_licensing,matrix_question_npi_licensor_present,True,False,True,True,622,-67.80455780029297,-61.167633056640625,0
Did coats ever flatten?,Coats did ever flatten.,semantics,npi_licensing,matrix_question_npi_licensor_present,True,False,True,True,623,-43.60084915161133,-42.00154113769531,0
Can Candice ever describe Robert?,Candice can ever describe Robert.,semantics,npi_licensing,matrix_question_npi_licensor_present,True,False,True,True,624,-53.20308303833008,-42.42469787597656,0
Had Rachelle ever watched a lot of pedestrians?,Rachelle had ever watched a lot of pedestrians.,semantics,npi_licensing,matrix_question_npi_licensor_present,True,False,True,True,625,-64.24627685546875,-52.58008575439453,0
Should the broccoli ever blacken?,The broccoli should ever blacken.,semantics,npi_licensing,matrix_question_npi_licensor_present,True,False,True,True,626,-47.934776306152344,-47.98523712158203,1
Has Carrie ever commissioned the niece of Frank to climb up many mountains?,Carrie has ever commissioned the niece of Frank to climb up many mountains.,semantics,npi_licensing,matrix_question_npi_licensor_present,True,False,True,True,627,-92.77720642089844,-87.34193420410156,0
Had Tiffany ever shouted?,Tiffany had ever shouted.,semantics,npi_licensing,matrix_question_npi_licensor_present,True,False,True,True,628,-37.15703201293945,-42.425437927246094,1
Has Nicole ever seemed to profit?,Nicole has ever seemed to profit.,semantics,npi_licensing,matrix_question_npi_licensor_present,True,False,True,True,629,-45.06938934326172,-39.20634078979492,0
Had Marla ever embarrassed all men?,Marla had ever embarrassed all men.,semantics,npi_licensing,matrix_question_npi_licensor_present,True,False,True,True,630,-54.49415588378906,-46.44342041015625,0
Will many jackets ever vanish?,Many jackets will ever vanish.,semantics,npi_licensing,matrix_question_npi_licensor_present,True,False,True,True,631,-43.76404571533203,-40.27031326293945,0
Had many drivers ever obligated the girl to confuse Steve?,Many drivers had ever obligated the girl to confuse Steve.,semantics,npi_licensing,matrix_question_npi_licensor_present,True,False,True,True,632,-78.27371215820312,-72.38782501220703,0
Would Rachel ever remember what can close?,Rachel would ever remember what can close.,semantics,npi_licensing,matrix_question_npi_licensor_present,True,False,True,True,633,-44.823081970214844,-37.7045783996582,0
Can Beverly ever argue?,Beverly can ever argue.,semantics,npi_licensing,matrix_question_npi_licensor_present,True,False,True,True,634,-34.786163330078125,-39.626373291015625,1
Does Dan ever try to scare Derek?,Dan does ever try to scare Derek.,semantics,npi_licensing,matrix_question_npi_licensor_present,True,False,True,True,635,-48.80998229980469,-41.00055694580078,0
Do those forks ever crack?,Those forks do ever crack.,semantics,npi_licensing,matrix_question_npi_licensor_present,True,False,True,True,636,-39.584739685058594,-39.49908447265625,0
Did Edward ever shock a lot of universities?,Edward did ever shock a lot of universities.,semantics,npi_licensing,matrix_question_npi_licensor_present,True,False,True,True,637,-58.28506088256836,-47.37792205810547,0
Had Jason ever complained?,Jason had ever complained.,semantics,npi_licensing,matrix_question_npi_licensor_present,True,False,True,True,638,-33.025535583496094,-22.64756965637207,0
Could Monica ever laugh?,Monica could ever laugh.,semantics,npi_licensing,matrix_question_npi_licensor_present,True,False,True,True,639,-34.05043029785156,-33.553192138671875,0
Can every woman ever vanish?,Every woman can ever vanish.,semantics,npi_licensing,matrix_question_npi_licensor_present,True,False,True,True,640,-38.33214569091797,-32.95597839355469,0
Had Margaret ever seemed to scare Spain?,Margaret had ever seemed to scare Spain.,semantics,npi_licensing,matrix_question_npi_licensor_present,True,False,True,True,641,-53.260162353515625,-50.80955505371094,0
Has Galileo ever spurred Vincent to walk through a lot of public parks?,Galileo has ever spurred Vincent to walk through a lot of public parks.,semantics,npi_licensing,matrix_question_npi_licensor_present,True,False,True,True,642,-93.48809814453125,-93.94527435302734,1
Has Diana ever remembered the lady?,Diana has ever remembered the lady.,semantics,npi_licensing,matrix_question_npi_licensor_present,True,False,True,True,643,-42.662925720214844,-41.33983612060547,0
Has this legislature ever cooperated?,This legislature has ever cooperated.,semantics,npi_licensing,matrix_question_npi_licensor_present,True,False,True,True,644,-51.10255813598633,-43.27429962158203,0
Had the Borgias ever bored the Lutherans?,The Borgias had ever bored the Lutherans.,semantics,npi_licensing,matrix_question_npi_licensor_present,True,False,True,True,645,-75.12616729736328,-68.78504943847656,0
Did Barbara ever appear to vaporize?,Barbara did ever appear to vaporize.,semantics,npi_licensing,matrix_question_npi_licensor_present,True,False,True,True,646,-52.731658935546875,-49.208518981933594,0
Has Kenneth ever complained?,Kenneth has ever complained.,semantics,npi_licensing,matrix_question_npi_licensor_present,True,False,True,True,647,-33.44835662841797,-31.686038970947266,0
Could most waitresses ever talk to a patient?,Most waitresses could ever talk to a patient.,semantics,npi_licensing,matrix_question_npi_licensor_present,True,False,True,True,648,-66.0389633178711,-59.46345138549805,0
Had these teenagers ever responded?,These teenagers had ever responded.,semantics,npi_licensing,matrix_question_npi_licensor_present,True,False,True,True,649,-41.2408447265625,-34.843997955322266,0
Will those candles ever fall?,Those candles will ever fall.,semantics,npi_licensing,matrix_question_npi_licensor_present,True,False,True,True,650,-37.11080551147461,-33.810420989990234,0
Did these actors ever compete?,These actors did ever compete.,semantics,npi_licensing,matrix_question_npi_licensor_present,True,False,True,True,651,-38.692535400390625,-34.61778259277344,0
Has the glacier ever melted?,The glacier has ever melted.,semantics,npi_licensing,matrix_question_npi_licensor_present,True,False,True,True,652,-38.46674346923828,-37.32870101928711,0
Can Deborah ever joke around?,Deborah can ever joke around.,semantics,npi_licensing,matrix_question_npi_licensor_present,True,False,True,True,653,-43.2445182800293,-43.26897430419922,1
Did a lot of waiters ever confer?,A lot of waiters did ever confer.,semantics,npi_licensing,matrix_question_npi_licensor_present,True,False,True,True,654,-53.8233757019043,-58.25409698486328,1
Did some river ever freeze?,Some river did ever freeze.,semantics,npi_licensing,matrix_question_npi_licensor_present,True,False,True,True,655,-41.20851135253906,-37.20392990112305,0
Did Jeffrey ever bother to question Cynthia?,Jeffrey did ever bother to question Cynthia.,semantics,npi_licensing,matrix_question_npi_licensor_present,True,False,True,True,656,-60.15892791748047,-55.886390686035156,0
Did many waitresses ever embrace?,Many waitresses did ever embrace.,semantics,npi_licensing,matrix_question_npi_licensor_present,True,False,True,True,657,-57.57649230957031,-50.84777069091797,0
Have some pictures ever disappeared?,Some pictures have ever disappeared.,semantics,npi_licensing,matrix_question_npi_licensor_present,True,False,True,True,658,-33.4698371887207,-32.72991943359375,0
Had Florence ever remembered some adults?,Florence had ever remembered some adults.,semantics,npi_licensing,matrix_question_npi_licensor_present,True,False,True,True,659,-47.41521072387695,-52.76426315307617,1
Could all shirts ever tighten?,All shirts could ever tighten.,semantics,npi_licensing,matrix_question_npi_licensor_present,True,False,True,True,660,-40.392486572265625,-39.85161590576172,0
Had a lot of boys ever argued?,A lot of boys had ever argued.,semantics,npi_licensing,matrix_question_npi_licensor_present,True,False,True,True,661,-41.29447937011719,-39.72953796386719,0
Could Kimberley ever hug every waiter?,Kimberley could ever hug every waiter.,semantics,npi_licensing,matrix_question_npi_licensor_present,True,False,True,True,662,-64.75192260742188,-60.685302734375,0
Should Patricia ever boycott most companies?,Patricia should ever boycott most companies.,semantics,npi_licensing,matrix_question_npi_licensor_present,True,False,True,True,663,-57.488643646240234,-58.89422607421875,1
Has Sabrina ever praised the newspaper articles?,Sabrina has ever praised the newspaper articles.,semantics,npi_licensing,matrix_question_npi_licensor_present,True,False,True,True,664,-68.27981567382812,-58.30316925048828,0
Had some vase ever chipped?,Some vase had ever chipped.,semantics,npi_licensing,matrix_question_npi_licensor_present,True,False,True,True,665,-51.2419548034668,-44.53561782836914,0
Had a lot of vases ever annoyed Paul?,A lot of vases had ever annoyed Paul.,semantics,npi_licensing,matrix_question_npi_licensor_present,True,False,True,True,666,-58.38969421386719,-59.964599609375,1
Does Rose ever compromise?,Rose does ever compromise.,semantics,npi_licensing,matrix_question_npi_licensor_present,True,False,True,True,667,-34.071346282958984,-26.13538360595703,0
Could that driver ever ask Andrea's handymen to escape from Donald?,That driver could ever ask Andrea's handymen to escape from Donald.,semantics,npi_licensing,matrix_question_npi_licensor_present,True,False,True,True,668,-94.9969253540039,-92.88817596435547,0
Had every couch ever cracked?,Every couch had ever cracked.,semantics,npi_licensing,matrix_question_npi_licensor_present,True,False,True,True,669,-42.04594802856445,-36.11097717285156,0
Will Grace ever criticize Susan?,Grace will ever criticize Susan.,semantics,npi_licensing,matrix_question_npi_licensor_present,True,False,True,True,670,-44.99814987182617,-45.3065299987793,1
Has Emily ever neglected to sneeze?,Emily has ever neglected to sneeze.,semantics,npi_licensing,matrix_question_npi_licensor_present,True,False,True,True,671,-55.2852897644043,-45.62813949584961,0
Might Janice ever push Jessica to kiss Diane?,Janice might ever push Jessica to kiss Diane.,semantics,npi_licensing,matrix_question_npi_licensor_present,True,False,True,True,672,-84.51260375976562,-66.10054016113281,0
Had Suzanne ever laughed?,Suzanne had ever laughed.,semantics,npi_licensing,matrix_question_npi_licensor_present,True,False,True,True,673,-34.19617462158203,-33.69133758544922,0
Had Rhonda ever left Kimberley?,Rhonda had ever left Kimberley.,semantics,npi_licensing,matrix_question_npi_licensor_present,True,False,True,True,674,-67.14308166503906,-52.922447204589844,0
Will Pamela ever reveal Jodi?,Pamela will ever reveal Jodi.,semantics,npi_licensing,matrix_question_npi_licensor_present,True,False,True,True,675,-52.75530242919922,-58.86211395263672,1
Should Bruce ever compromise?,Bruce should ever compromise.,semantics,npi_licensing,matrix_question_npi_licensor_present,True,False,True,True,676,-35.68926239013672,-25.574596405029297,0
Had some bananas ever annoyed Melinda?,Some bananas had ever annoyed Melinda.,semantics,npi_licensing,matrix_question_npi_licensor_present,True,False,True,True,677,-59.997596740722656,-55.93315124511719,0
Do these organizations ever appreciate Becca?,These organizations do ever appreciate Becca.,semantics,npi_licensing,matrix_question_npi_licensor_present,True,False,True,True,678,-56.39823913574219,-54.59096145629883,0
Did this cucumber ever ripen?,This cucumber did ever ripen.,semantics,npi_licensing,matrix_question_npi_licensor_present,True,False,True,True,679,-53.63848114013672,-50.22298049926758,0
Did the jackets ever loosen?,The jackets did ever loosen.,semantics,npi_licensing,matrix_question_npi_licensor_present,True,False,True,True,680,-39.674461364746094,-40.17540740966797,1
Will Tracy ever explain Stacey changes?,Tracy will ever explain Stacey changes.,semantics,npi_licensing,matrix_question_npi_licensor_present,True,False,True,True,681,-59.04050827026367,-56.809120178222656,0
Will those waitresses ever go to some hills?,Those waitresses will ever go to some hills.,semantics,npi_licensing,matrix_question_npi_licensor_present,True,False,True,True,682,-64.80792236328125,-57.12126159667969,0
Might every dress ever shrink?,Every dress might ever shrink.,semantics,npi_licensing,matrix_question_npi_licensor_present,True,False,True,True,683,-52.1087760925293,-36.269920349121094,0
Would Gina ever disappear?,Gina would ever disappear.,semantics,npi_licensing,matrix_question_npi_licensor_present,True,False,True,True,684,-32.096397399902344,-30.922481536865234,0
Had Jill ever hired Gina?,Jill had ever hired Gina.,semantics,npi_licensing,matrix_question_npi_licensor_present,True,False,True,True,685,-45.01817321777344,-42.89927673339844,0
Has Tammy ever discovered girls to chat?,Tammy has ever discovered girls to chat.,semantics,npi_licensing,matrix_question_npi_licensor_present,True,False,True,True,686,-59.43932342529297,-53.36116027832031,0
Had women ever fought?,Women had ever fought.,semantics,npi_licensing,matrix_question_npi_licensor_present,True,False,True,True,687,-29.94668197631836,-20.90473175048828,0
Should the school ever collaborate?,The school should ever collaborate.,semantics,npi_licensing,matrix_question_npi_licensor_present,True,False,True,True,688,-36.32675552368164,-35.70930099487305,0
Had a lot of women ever walked through some public park?,A lot of women had ever walked through some public park.,semantics,npi_licensing,matrix_question_npi_licensor_present,True,False,True,True,689,-63.15496063232422,-64.06231689453125,1
Will Dawn ever scan some newspaper article?,Dawn will ever scan some newspaper article.,semantics,npi_licensing,matrix_question_npi_licensor_present,True,False,True,True,690,-65.80599975585938,-64.63829803466797,0
Have the plates ever slipped?,The plates have ever slipped.,semantics,npi_licensing,matrix_question_npi_licensor_present,True,False,True,True,691,-35.50965881347656,-34.98183822631836,0
Had Eva ever sung?,Eva had ever sung.,semantics,npi_licensing,matrix_question_npi_licensor_present,True,False,True,True,692,-35.211585998535156,-22.894193649291992,0
Did Margaret ever imagine Catherine has visited Winston Churchill?,Margaret did ever imagine Catherine has visited Winston Churchill.,semantics,npi_licensing,matrix_question_npi_licensor_present,True,False,True,True,693,-80.29159545898438,-81.04458618164062,1
Had those girls ever drunk?,Those girls had ever drunk.,semantics,npi_licensing,matrix_question_npi_licensor_present,True,False,True,True,694,-32.86213302612305,-27.4567813873291,0
Should Scott ever escape from Maria?,Scott should ever escape from Maria.,semantics,npi_licensing,matrix_question_npi_licensor_present,True,False,True,True,695,-48.510467529296875,-37.482078552246094,0
Will Daniel ever compromise?,Daniel will ever compromise.,semantics,npi_licensing,matrix_question_npi_licensor_present,True,False,True,True,696,-35.6427001953125,-25.57045555114746,0
Should many actors ever exercise?,Many actors should ever exercise.,semantics,npi_licensing,matrix_question_npi_licensor_present,True,False,True,True,697,-39.445228576660156,-32.371849060058594,0
Had Nancy ever chuckled?,Nancy had ever chuckled.,semantics,npi_licensing,matrix_question_npi_licensor_present,True,False,True,True,698,-36.36330795288086,-32.31365966796875,0
Will museums ever communicate?,Museums will ever communicate.,semantics,npi_licensing,matrix_question_npi_licensor_present,True,False,True,True,699,-35.33770751953125,-51.13921356201172,1
Can Carlos ever climb down a hill?,Carlos can ever climb down a hill.,semantics,npi_licensing,matrix_question_npi_licensor_present,True,False,True,True,700,-51.531272888183594,-46.185333251953125,0
Has a casserole ever charred?,A casserole has ever charred.,semantics,npi_licensing,matrix_question_npi_licensor_present,True,False,True,True,701,-51.681915283203125,-52.31413269042969,1
Will Linda ever talk about a hill?,Linda will ever talk about a hill.,semantics,npi_licensing,matrix_question_npi_licensor_present,True,False,True,True,702,-42.910545349121094,-41.89496612548828,0
Had Stacey ever thought some universities have conspired?,Stacey had ever thought some universities have conspired.,semantics,npi_licensing,matrix_question_npi_licensor_present,True,False,True,True,703,-81.35411071777344,-73.99868774414062,0
Had Laurie ever studied?,Laurie had ever studied.,semantics,npi_licensing,matrix_question_npi_licensor_present,True,False,True,True,704,-34.539161682128906,-36.315242767333984,1
Have all bikes ever slipped?,All bikes have ever slipped.,semantics,npi_licensing,matrix_question_npi_licensor_present,True,False,True,True,705,-41.554019927978516,-37.80995559692383,0
Did Helen ever dislike those dancers?,Helen did ever dislike those dancers.,semantics,npi_licensing,matrix_question_npi_licensor_present,True,False,True,True,706,-52.05110168457031,-50.503849029541016,0
Did a lot of boys ever testify?,A lot of boys did ever testify.,semantics,npi_licensing,matrix_question_npi_licensor_present,True,False,True,True,707,-41.670684814453125,-41.465965270996094,0
Have some teenagers ever interacted?,Some teenagers have ever interacted.,semantics,npi_licensing,matrix_question_npi_licensor_present,True,False,True,True,708,-42.020362854003906,-38.181663513183594,0
Will Becca ever yearn to come here?,Becca will ever yearn to come here.,semantics,npi_licensing,matrix_question_npi_licensor_present,True,False,True,True,709,-65.90745544433594,-64.11380004882812,0
Have a lot of pedestrians ever bothered to drink?,A lot of pedestrians have ever bothered to drink.,semantics,npi_licensing,matrix_question_npi_licensor_present,True,False,True,True,710,-51.727142333984375,-52.84172821044922,1
Did these guests ever divorce?,These guests did ever divorce.,semantics,npi_licensing,matrix_question_npi_licensor_present,True,False,True,True,711,-39.55280685424805,-37.056396484375,0
Would Lawrence ever work with Kathleen?,Lawrence would ever work with Kathleen.,semantics,npi_licensing,matrix_question_npi_licensor_present,True,False,True,True,712,-46.80602264404297,-46.230690002441406,0
Can an actress ever expect Bradley to fall?,An actress can ever expect Bradley to fall.,semantics,npi_licensing,matrix_question_npi_licensor_present,True,False,True,True,713,-66.11958312988281,-60.43950653076172,0
Has the icicle ever evaporated?,The icicle has ever evaporated.,semantics,npi_licensing,matrix_question_npi_licensor_present,True,False,True,True,714,-50.828800201416016,-48.13646697998047,0
Does Tanya ever get fired?,Tanya does ever get fired.,semantics,npi_licensing,matrix_question_npi_licensor_present,True,False,True,True,715,-42.52363586425781,-38.41302490234375,0
Should the associations ever succeed?,The associations should ever succeed.,semantics,npi_licensing,matrix_question_npi_licensor_present,True,False,True,True,716,-35.885990142822266,-32.55681610107422,0
Will Kevin ever think all waiters shouldn't hide away?,Kevin will ever think all waiters shouldn't hide away.,semantics,npi_licensing,matrix_question_npi_licensor_present,True,False,True,True,717,-74.4561996459961,-65.30022430419922,0
Will the skateboards ever steer?,The skateboards will ever steer.,semantics,npi_licensing,matrix_question_npi_licensor_present,True,False,True,True,718,-50.684326171875,-48.68678283691406,0
Will Wayne ever manage to laugh?,Wayne will ever manage to laugh.,semantics,npi_licensing,matrix_question_npi_licensor_present,True,False,True,True,719,-44.30727767944336,-36.749595642089844,0
Does the waitress ever reveal what talked about most banks?,The waitress does ever reveal what talked about most banks.,semantics,npi_licensing,matrix_question_npi_licensor_present,True,False,True,True,720,-70.01001739501953,-70.89924621582031,1
Had Jerry ever considered Christina to salute?,Jerry had ever considered Christina to salute.,semantics,npi_licensing,matrix_question_npi_licensor_present,True,False,True,True,721,-60.38446044921875,-47.202842712402344,0
Does Martha ever arrive at Spain?,Martha does ever arrive at Spain.,semantics,npi_licensing,matrix_question_npi_licensor_present,True,False,True,True,722,-46.49821090698242,-45.511775970458984,0
Does Angela ever discover who has fired Dana?,Angela does ever discover who has fired Dana.,semantics,npi_licensing,matrix_question_npi_licensor_present,True,False,True,True,723,-66.9482650756836,-67.1363525390625,1
Had Bethany ever slumped over?,Bethany had ever slumped over.,semantics,npi_licensing,matrix_question_npi_licensor_present,True,False,True,True,724,-54.426307678222656,-46.80775451660156,0
Had Ronald ever escaped from every grocery store?,Ronald had ever escaped from every grocery store.,semantics,npi_licensing,matrix_question_npi_licensor_present,True,False,True,True,725,-58.89054489135742,-54.533447265625,0
Had Susan ever imagined these customers discover who are realizing who can't obligate Natalie to drive to this mall?,Susan had ever imagined these customers discover who are realizing who can't obligate Natalie to drive to this mall.,semantics,npi_licensing,matrix_question_npi_licensor_present,True,False,True,True,726,-157.9578857421875,-150.4639892578125,0
Had Margaret ever longed to wear some dresses?,Margaret had ever longed to wear some dresses.,semantics,npi_licensing,matrix_question_npi_licensor_present,True,False,True,True,727,-64.31307220458984,-60.97052764892578,0
Do these cashiers ever communicate?,These cashiers do ever communicate.,semantics,npi_licensing,matrix_question_npi_licensor_present,True,False,True,True,728,-50.53587341308594,-49.27543258666992,0
Have the girls ever distracted Cindy?,The girls have ever distracted Cindy.,semantics,npi_licensing,matrix_question_npi_licensor_present,True,False,True,True,729,-44.50480270385742,-43.736167907714844,0
Had some river ever condensed?,Some river had ever condensed.,semantics,npi_licensing,matrix_question_npi_licensor_present,True,False,True,True,730,-41.44087600708008,-36.55371856689453,0
Had the Clintons ever worked hard?,The Clintons had ever worked hard.,semantics,npi_licensing,matrix_question_npi_licensor_present,True,False,True,True,731,-48.5499382019043,-42.62467956542969,0
Did Sonia ever walk through a college campus?,Sonia did ever walk through a college campus.,semantics,npi_licensing,matrix_question_npi_licensor_present,True,False,True,True,732,-58.13892364501953,-56.50688171386719,0
Can Stacey ever concur?,Stacey can ever concur.,semantics,npi_licensing,matrix_question_npi_licensor_present,True,False,True,True,733,-50.366729736328125,-47.645870208740234,0
Had Tara ever saluted?,Tara had ever saluted.,semantics,npi_licensing,matrix_question_npi_licensor_present,True,False,True,True,734,-44.390037536621094,-36.08384704589844,0
Did that shirt ever exist?,That shirt did ever exist.,semantics,npi_licensing,matrix_question_npi_licensor_present,True,False,True,True,735,-35.5092887878418,-34.85620880126953,0
Had Alexander ever hugged Stacey?,Alexander had ever hugged Stacey.,semantics,npi_licensing,matrix_question_npi_licensor_present,True,False,True,True,736,-49.48228073120117,-39.757720947265625,0
Did Beth ever hide?,Beth did ever hide.,semantics,npi_licensing,matrix_question_npi_licensor_present,True,False,True,True,737,-30.293689727783203,-29.791854858398438,0
Had the driver ever fallen asleep?,The driver had ever fallen asleep.,semantics,npi_licensing,matrix_question_npi_licensor_present,True,False,True,True,738,-36.98606872558594,-33.2704963684082,0
Did some river ever melt?,Some river did ever melt.,semantics,npi_licensing,matrix_question_npi_licensor_present,True,False,True,True,739,-39.50250244140625,-36.313323974609375,0
Had teachers ever descended all steps?,Teachers had ever descended all steps.,semantics,npi_licensing,matrix_question_npi_licensor_present,True,False,True,True,740,-49.31278991699219,-46.71565246582031,0
Had those cups ever cracked?,Those cups had ever cracked.,semantics,npi_licensing,matrix_question_npi_licensor_present,True,False,True,True,741,-41.318382263183594,-36.640567779541016,0
Will the hats ever soak?,The hats will ever soak.,semantics,npi_licensing,matrix_question_npi_licensor_present,True,False,True,True,742,-39.76435852050781,-39.41105270385742,0
Will Mary ever upset Margaret?,Mary will ever upset Margaret.,semantics,npi_licensing,matrix_question_npi_licensor_present,True,False,True,True,743,-40.266109466552734,-35.083221435546875,0
Had Andrew ever donated?,Andrew had ever donated.,semantics,npi_licensing,matrix_question_npi_licensor_present,True,False,True,True,744,-37.62343215942383,-26.373268127441406,0
Will Brenda ever hate Christopher?,Brenda will ever hate Christopher.,semantics,npi_licensing,matrix_question_npi_licensor_present,True,False,True,True,745,-42.20356750488281,-38.05398178100586,0
Can these people ever concur?,These people can ever concur.,semantics,npi_licensing,matrix_question_npi_licensor_present,True,False,True,True,746,-42.044677734375,-39.32475662231445,0
Has Sonia ever hidden away?,Sonia has ever hidden away.,semantics,npi_licensing,matrix_question_npi_licensor_present,True,False,True,True,747,-38.572845458984375,-36.19186019897461,0
Has Gina ever played?,Gina has ever played.,semantics,npi_licensing,matrix_question_npi_licensor_present,True,False,True,True,748,-33.63453674316406,-28.977285385131836,0
Has that person ever listened to Anna?,That person has ever listened to Anna.,semantics,npi_licensing,matrix_question_npi_licensor_present,True,False,True,True,749,-43.582908630371094,-43.445594787597656,0
Should Dawn ever exit hills?,Dawn should ever exit hills.,semantics,npi_licensing,matrix_question_npi_licensor_present,True,False,True,True,750,-49.61213684082031,-50.18593215942383,1
Do the legislatures ever reveal who force Daniel to study?,The legislatures do ever reveal who force Daniel to study.,semantics,npi_licensing,matrix_question_npi_licensor_present,True,False,True,True,751,-85.03363037109375,-82.20045471191406,0
Has Keith ever explained every plane was accelerating?,Keith has ever explained every plane was accelerating.,semantics,npi_licensing,matrix_question_npi_licensor_present,True,False,True,True,752,-66.83799743652344,-55.30374526977539,0
Might Alan ever litter?,Alan might ever litter.,semantics,npi_licensing,matrix_question_npi_licensor_present,True,False,True,True,753,-46.37762451171875,-28.166872024536133,0
Can unicycles ever chip?,Unicycles can ever chip.,semantics,npi_licensing,matrix_question_npi_licensor_present,True,False,True,True,754,-56.4361686706543,-48.49993896484375,0
Could Gregory ever wish to confuse that boy?,Gregory could ever wish to confuse that boy.,semantics,npi_licensing,matrix_question_npi_licensor_present,True,False,True,True,755,-55.13788986206055,-51.804725646972656,0
Had Heidi ever known an actor?,Heidi had ever known an actor.,semantics,npi_licensing,matrix_question_npi_licensor_present,True,False,True,True,756,-48.00322723388672,-41.72537612915039,0
Should these men ever reveal this child?,These men should ever reveal this child.,semantics,npi_licensing,matrix_question_npi_licensor_present,True,False,True,True,757,-41.005550384521484,-40.228515625,0
Will this legislature ever boast?,This legislature will ever boast.,semantics,npi_licensing,matrix_question_npi_licensor_present,True,False,True,True,758,-44.8743896484375,-39.4886360168457,0
Could Tamara ever entice Debra to go fishing?,Tamara could ever entice Debra to go fishing.,semantics,npi_licensing,matrix_question_npi_licensor_present,True,False,True,True,759,-86.97808837890625,-79.42355346679688,0
Had Becky ever ascertained Helen to drop by Harvard University?,Becky had ever ascertained Helen to drop by Harvard University.,semantics,npi_licensing,matrix_question_npi_licensor_present,True,False,True,True,760,-89.60047912597656,-79.24724578857422,0
Had Lucille ever looked to hunt?,Lucille had ever looked to hunt.,semantics,npi_licensing,matrix_question_npi_licensor_present,True,False,True,True,761,-50.28559875488281,-41.36142349243164,0
Had the ladies ever revealed that plate?,The ladies had ever revealed that plate.,semantics,npi_licensing,matrix_question_npi_licensor_present,True,False,True,True,762,-45.680198669433594,-42.25452423095703,0
Might Jill ever imagine Tamara won't encourage Alan's father to get fired?,Jill might ever imagine Tamara won't encourage Alan's father to get fired.,semantics,npi_licensing,matrix_question_npi_licensor_present,True,False,True,True,763,-111.49054718017578,-103.3145751953125,0
Could Paula ever escape?,Paula could ever escape.,semantics,npi_licensing,matrix_question_npi_licensor_present,True,False,True,True,764,-32.080963134765625,-27.58968734741211,0
Had those windows ever tipped over?,Those windows had ever tipped over.,semantics,npi_licensing,matrix_question_npi_licensor_present,True,False,True,True,765,-44.576446533203125,-38.67424392700195,0
Has this rice ever upset Nicole?,This rice has ever upset Nicole.,semantics,npi_licensing,matrix_question_npi_licensor_present,True,False,True,True,766,-48.49824523925781,-46.68437957763672,0
Did this documentary ever worry Travis?,This documentary did ever worry Travis.,semantics,npi_licensing,matrix_question_npi_licensor_present,True,False,True,True,767,-52.62046813964844,-48.443119049072266,0
Can Julia ever smile?,Julia can ever smile.,semantics,npi_licensing,matrix_question_npi_licensor_present,True,False,True,True,768,-30.7716064453125,-30.082429885864258,0
Could Sally ever disturb that lady?,Sally could ever disturb that lady.,semantics,npi_licensing,matrix_question_npi_licensor_present,True,False,True,True,769,-43.87816619873047,-45.99622344970703,1
Had Lucille ever wept?,Lucille had ever wept.,semantics,npi_licensing,matrix_question_npi_licensor_present,True,False,True,True,770,-47.73905944824219,-39.69297409057617,0
Has Elaine ever blinked?,Elaine has ever blinked.,semantics,npi_licensing,matrix_question_npi_licensor_present,True,False,True,True,771,-38.737998962402344,-36.98889923095703,0
Had Lissa ever broken some skateboards?,Lissa had ever broken some skateboards.,semantics,npi_licensing,matrix_question_npi_licensor_present,True,False,True,True,772,-66.97407531738281,-58.932281494140625,0
Had these skirts ever frayed?,These skirts had ever frayed.,semantics,npi_licensing,matrix_question_npi_licensor_present,True,False,True,True,773,-50.82323455810547,-44.17138671875,0
Should Wayne ever bother to sneeze?,Wayne should ever bother to sneeze.,semantics,npi_licensing,matrix_question_npi_licensor_present,True,False,True,True,774,-56.15306854248047,-51.65269470214844,0
Has this man ever respected a lot of rivers?,This man has ever respected a lot of rivers.,semantics,npi_licensing,matrix_question_npi_licensor_present,True,False,True,True,775,-52.69804000854492,-47.70448303222656,0
Has every man ever bothered to listen to Lisa?,Every man has ever bothered to listen to Lisa.,semantics,npi_licensing,matrix_question_npi_licensor_present,True,False,True,True,776,-52.883602142333984,-49.40812683105469,0
Had Robert ever ascended every slope?,Robert had ever ascended every slope.,semantics,npi_licensing,matrix_question_npi_licensor_present,True,False,True,True,777,-53.39081573486328,-39.607112884521484,0
Can Tiffany ever scream?,Tiffany can ever scream.,semantics,npi_licensing,matrix_question_npi_licensor_present,True,False,True,True,778,-35.17347717285156,-44.029991149902344,1
Has Beth ever persuaded Judy to learn?,Beth has ever persuaded Judy to learn.,semantics,npi_licensing,matrix_question_npi_licensor_present,True,False,True,True,779,-55.49091720581055,-55.81439971923828,1
Have these bikes ever cracked?,These bikes have ever cracked.,semantics,npi_licensing,matrix_question_npi_licensor_present,True,False,True,True,780,-40.212982177734375,-35.975433349609375,0
Has Beverly ever healed Eric?,Beverly has ever healed Eric.,semantics,npi_licensing,matrix_question_npi_licensor_present,True,False,True,True,781,-45.97547912597656,-52.5067024230957,1
Could Stacy ever disappear?,Stacy could ever disappear.,semantics,npi_licensing,matrix_question_npi_licensor_present,True,False,True,True,782,-33.36043930053711,-35.11061477661133,1
Should Travis ever dare some teacher to arrive at every cafe?,Travis should ever dare some teacher to arrive at every cafe.,semantics,npi_licensing,matrix_question_npi_licensor_present,True,False,True,True,783,-83.42926025390625,-83.51615905761719,1
Should Jodi ever talk?,Jodi should ever talk.,semantics,npi_licensing,matrix_question_npi_licensor_present,True,False,True,True,784,-38.49521255493164,-32.502960205078125,0
Had Martha ever joked around?,Martha had ever joked around.,semantics,npi_licensing,matrix_question_npi_licensor_present,True,False,True,True,785,-44.08384704589844,-42.128517150878906,0
Can Randolf ever flee from Anna?,Randolf can ever flee from Anna.,semantics,npi_licensing,matrix_question_npi_licensor_present,True,False,True,True,786,-62.838653564453125,-51.73747634887695,0
Can Veronica ever heal Melissa?,Veronica can ever heal Melissa.,semantics,npi_licensing,matrix_question_npi_licensor_present,True,False,True,True,787,-44.981117248535156,-46.697425842285156,1
Could these drivers ever retaliate?,These drivers could ever retaliate.,semantics,npi_licensing,matrix_question_npi_licensor_present,True,False,True,True,788,-40.37009048461914,-37.633018493652344,0
Might Andrea ever discover Margaret to forget Patricia?,Andrea might ever discover Margaret to forget Patricia.,semantics,npi_licensing,matrix_question_npi_licensor_present,True,False,True,True,789,-80.03382110595703,-69.11285400390625,0
Will a sweater ever fray?,A sweater will ever fray.,semantics,npi_licensing,matrix_question_npi_licensor_present,True,False,True,True,790,-42.0622444152832,-42.638221740722656,1
Has Melissa ever implored these offspring to distract Donald?,Melissa has ever implored these offspring to distract Donald.,semantics,npi_licensing,matrix_question_npi_licensor_present,True,False,True,True,791,-84.81532287597656,-80.48345184326172,0
Had Sherry ever dropped by all public parks?,Sherry had ever dropped by all public parks.,semantics,npi_licensing,matrix_question_npi_licensor_present,True,False,True,True,792,-67.73571014404297,-61.52484130859375,0
Have a lot of hats ever looked like every photograph?,A lot of hats have ever looked like every photograph.,semantics,npi_licensing,matrix_question_npi_licensor_present,True,False,True,True,793,-56.4991455078125,-59.191898345947266,1
Could Walter ever press Katherine to depart?,Walter could ever press Katherine to depart.,semantics,npi_licensing,matrix_question_npi_licensor_present,True,False,True,True,794,-61.16933822631836,-55.74263381958008,0
Could Gregory ever prevent the boy from speaking up?,Gregory could ever prevent the boy from speaking up.,semantics,npi_licensing,matrix_question_npi_licensor_present,True,False,True,True,795,-67.78703308105469,-61.576622009277344,0
Can this icicle ever freeze?,This icicle can ever freeze.,semantics,npi_licensing,matrix_question_npi_licensor_present,True,False,True,True,796,-49.43308639526367,-44.486427307128906,0
Can Adam ever compel this child to break the mirror?,Adam can ever compel this child to break the mirror.,semantics,npi_licensing,matrix_question_npi_licensor_present,True,False,True,True,797,-63.240814208984375,-57.63120651245117,0
Did Theodore ever observe Jacqueline?,Theodore did ever observe Jacqueline.,semantics,npi_licensing,matrix_question_npi_licensor_present,True,False,True,True,798,-52.85902404785156,-49.385162353515625,0
Do these bicycles ever stop?,These bicycles do ever stop.,semantics,npi_licensing,matrix_question_npi_licensor_present,True,False,True,True,799,-36.277259826660156,-34.412689208984375,0
Had Stacy ever confused Kristin?,Stacy had ever confused Kristin.,semantics,npi_licensing,matrix_question_npi_licensor_present,True,False,True,True,800,-55.44476318359375,-51.572181701660156,0
Did Caroline ever think Douglas hadn't shrugged?,Caroline did ever think Douglas hadn't shrugged.,semantics,npi_licensing,matrix_question_npi_licensor_present,True,False,True,True,801,-62.96799850463867,-62.773719787597656,0
Has Edward ever hidden?,Edward has ever hidden.,semantics,npi_licensing,matrix_question_npi_licensor_present,True,False,True,True,802,-34.22113800048828,-23.935203552246094,0
Will Christina ever come here?,Christina will ever come here.,semantics,npi_licensing,matrix_question_npi_licensor_present,True,False,True,True,803,-32.87849807739258,-29.7041015625,0
Had some spotlight ever dimmed?,Some spotlight had ever dimmed.,semantics,npi_licensing,matrix_question_npi_licensor_present,True,False,True,True,804,-57.12345886230469,-50.87470626831055,0
Did Amanda ever dislike that documentary?,Amanda did ever dislike that documentary.,semantics,npi_licensing,matrix_question_npi_licensor_present,True,False,True,True,805,-49.797794342041016,-48.674903869628906,0
Had the guest ever tried to astound Deborah?,The guest had ever tried to astound Deborah.,semantics,npi_licensing,matrix_question_npi_licensor_present,True,False,True,True,806,-68.12855529785156,-63.1702766418457,0
Would dancers ever heal Kayla?,Dancers would ever heal Kayla.,semantics,npi_licensing,matrix_question_npi_licensor_present,True,False,True,True,807,-54.286441802978516,-56.958126068115234,1
Might Kenneth ever mess up the hospital?,Kenneth might ever mess up the hospital.,semantics,npi_licensing,matrix_question_npi_licensor_present,True,False,True,True,808,-54.58821105957031,-44.2836799621582,0
Would most sketches ever bother Heather?,Most sketches would ever bother Heather.,semantics,npi_licensing,matrix_question_npi_licensor_present,True,False,True,True,809,-52.03178024291992,-46.14588165283203,0
Can Tonya ever sneeze?,Tonya can ever sneeze.,semantics,npi_licensing,matrix_question_npi_licensor_present,True,False,True,True,810,-49.619712829589844,-40.10478591918945,0
Has Sarah ever gone fishing?,Sarah has ever gone fishing.,semantics,npi_licensing,matrix_question_npi_licensor_present,True,False,True,True,811,-35.212982177734375,-30.117694854736328,0
Might April ever find Sandra?,April might ever find Sandra.,semantics,npi_licensing,matrix_question_npi_licensor_present,True,False,True,True,812,-54.66016387939453,-32.985469818115234,0
Had some icicles ever evaporated?,Some icicles had ever evaporated.,semantics,npi_licensing,matrix_question_npi_licensor_present,True,False,True,True,813,-54.99678039550781,-51.19972229003906,0
Has an actress ever talked?,An actress has ever talked.,semantics,npi_licensing,matrix_question_npi_licensor_present,True,False,True,True,814,-37.88392639160156,-34.478515625,0
Might Linda ever waste away?,Linda might ever waste away.,semantics,npi_licensing,matrix_question_npi_licensor_present,True,False,True,True,815,-50.13469314575195,-40.48561096191406,0
Has Barbara ever brought the shoe?,Barbara has ever brought the shoe.,semantics,npi_licensing,matrix_question_npi_licensor_present,True,False,True,True,816,-42.60960006713867,-40.739532470703125,0
Does Christina ever figure out who has messed up some glasses?,Christina does ever figure out who has messed up some glasses.,semantics,npi_licensing,matrix_question_npi_licensor_present,True,False,True,True,817,-73.90747833251953,-71.94992065429688,0
Had the Clintons ever competed?,The Clintons had ever competed.,semantics,npi_licensing,matrix_question_npi_licensor_present,True,False,True,True,818,-45.99864959716797,-40.514373779296875,0
Has this photograph ever worried Regina?,This photograph has ever worried Regina.,semantics,npi_licensing,matrix_question_npi_licensor_present,True,False,True,True,819,-51.85094451904297,-50.95582580566406,0
Would Rebecca ever want to wash?,Rebecca would ever want to wash.,semantics,npi_licensing,matrix_question_npi_licensor_present,True,False,True,True,820,-38.05919647216797,-36.784523010253906,0
Did Beth ever die?,Beth did ever die.,semantics,npi_licensing,matrix_question_npi_licensor_present,True,False,True,True,821,-29.999435424804688,-27.73440933227539,0
Has Elizabeth ever motivated Julie to impress Timothy?,Elizabeth has ever motivated Julie to impress Timothy.,semantics,npi_licensing,matrix_question_npi_licensor_present,True,False,True,True,822,-73.92184448242188,-63.81538391113281,0
Had Stephen ever smiled?,Stephen had ever smiled.,semantics,npi_licensing,matrix_question_npi_licensor_present,True,False,True,True,823,-37.105228424072266,-22.770671844482422,0
Has Keith ever boasted about Nina?,Keith has ever boasted about Nina.,semantics,npi_licensing,matrix_question_npi_licensor_present,True,False,True,True,824,-49.04583740234375,-40.197227478027344,0
Would doctors ever cook?,Doctors would ever cook.,semantics,npi_licensing,matrix_question_npi_licensor_present,True,False,True,True,825,-30.62515640258789,-22.310819625854492,0
Should all women ever insult Russell?,All women should ever insult Russell.,semantics,npi_licensing,matrix_question_npi_licensor_present,True,False,True,True,826,-47.45041275024414,-43.35441589355469,0
Have most dresses ever crumpled?,Most dresses have ever crumpled.,semantics,npi_licensing,matrix_question_npi_licensor_present,True,False,True,True,827,-58.492713928222656,-50.480377197265625,0
Has Karla ever continued to argue?,Karla has ever continued to argue.,semantics,npi_licensing,matrix_question_npi_licensor_present,True,False,True,True,828,-51.954002380371094,-42.172401428222656,0
Should Mitchell ever write?,Mitchell should ever write.,semantics,npi_licensing,matrix_question_npi_licensor_present,True,False,True,True,829,-34.47908401489258,-35.41112518310547,1
Do a lot of children ever date?,A lot of children do ever date.,semantics,npi_licensing,matrix_question_npi_licensor_present,True,False,True,True,830,-38.72828674316406,-42.766075134277344,1
Has Jerry ever loved Carla?,Jerry has ever loved Carla.,semantics,npi_licensing,matrix_question_npi_licensor_present,True,False,True,True,831,-45.89595031738281,-37.32404708862305,0
Could the actress ever clean that art gallery?,The actress could ever clean that art gallery.,semantics,npi_licensing,matrix_question_npi_licensor_present,True,False,True,True,832,-64.13204956054688,-60.336936950683594,0
Had Noah ever coughed?,Noah had ever coughed.,semantics,npi_licensing,matrix_question_npi_licensor_present,True,False,True,True,833,-48.300048828125,-47.4730339050293,0
Had Mitchell ever chuckled?,Mitchell had ever chuckled.,semantics,npi_licensing,matrix_question_npi_licensor_present,True,False,True,True,834,-39.33244323730469,-35.2137565612793,0
Had this actress ever descended those stairs?,This actress had ever descended those stairs.,semantics,npi_licensing,matrix_question_npi_licensor_present,True,False,True,True,835,-57.95093536376953,-51.628334045410156,0
Has Elizabeth ever sold this public park?,Elizabeth has ever sold this public park.,semantics,npi_licensing,matrix_question_npi_licensor_present,True,False,True,True,836,-52.71886444091797,-43.35125732421875,0
Had the Lutherans ever collaborated?,The Lutherans had ever collaborated.,semantics,npi_licensing,matrix_question_npi_licensor_present,True,False,True,True,837,-53.869590759277344,-47.20212936401367,0
Do most guests ever react?,Most guests do ever react.,semantics,npi_licensing,matrix_question_npi_licensor_present,True,False,True,True,838,-39.11163330078125,-36.73495864868164,0
Had this hamster ever bothered Meredith?,This hamster had ever bothered Meredith.,semantics,npi_licensing,matrix_question_npi_licensor_present,True,False,True,True,839,-57.86790084838867,-53.68724060058594,0
Had Paula ever intended to run around the mall?,Paula had ever intended to run around the mall.,semantics,npi_licensing,matrix_question_npi_licensor_present,True,False,True,True,840,-56.21758270263672,-49.16741180419922,0
Does Patricia ever doubt the lights darken?,Patricia does ever doubt the lights darken.,semantics,npi_licensing,matrix_question_npi_licensor_present,True,False,True,True,841,-65.35690307617188,-69.04058837890625,1
Might Matt ever read?,Matt might ever read.,semantics,npi_licensing,matrix_question_npi_licensor_present,True,False,True,True,842,-39.102134704589844,-19.603557586669922,0
Has Donald ever sung?,Donald has ever sung.,semantics,npi_licensing,matrix_question_npi_licensor_present,True,False,True,True,843,-34.72550582885742,-23.27267074584961,0
Could a doctor ever know what looks like drawings?,A doctor could ever know what looks like drawings.,semantics,npi_licensing,matrix_question_npi_licensor_present,True,False,True,True,844,-50.42219924926758,-52.49104309082031,1
Had Emily ever resembled a print?,Emily had ever resembled a print.,semantics,npi_licensing,matrix_question_npi_licensor_present,True,False,True,True,845,-50.12126922607422,-37.03861999511719,0
Can Amy ever happen to lie?,Amy can ever happen to lie.,semantics,npi_licensing,matrix_question_npi_licensor_present,True,False,True,True,846,-37.41620635986328,-28.073013305664062,0
Will Tracy ever investigate some waitress?,Tracy will ever investigate some waitress.,semantics,npi_licensing,matrix_question_npi_licensor_present,True,False,True,True,847,-49.32542419433594,-49.27894592285156,0
Does Kathleen ever investigate Julie?,Kathleen does ever investigate Julie.,semantics,npi_licensing,matrix_question_npi_licensor_present,True,False,True,True,848,-45.050193786621094,-56.41813659667969,1
Had many shoes ever crumpled?,Many shoes had ever crumpled.,semantics,npi_licensing,matrix_question_npi_licensor_present,True,False,True,True,849,-57.019737243652344,-52.637939453125,0
Has Denise ever run around some libraries?,Denise has ever run around some libraries.,semantics,npi_licensing,matrix_question_npi_licensor_present,True,False,True,True,850,-55.61650466918945,-47.54117965698242,0
Should the waiter ever have that slope?,The waiter should ever have that slope.,semantics,npi_licensing,matrix_question_npi_licensor_present,True,False,True,True,851,-48.6878662109375,-47.29372787475586,0
Has Vanessa ever prevented many customers from arguing about Thomas?,Vanessa has ever prevented many customers from arguing about Thomas.,semantics,npi_licensing,matrix_question_npi_licensor_present,True,False,True,True,852,-81.81193542480469,-75.64692687988281,0
Has this legislature ever argued?,This legislature has ever argued.,semantics,npi_licensing,matrix_question_npi_licensor_present,True,False,True,True,853,-43.025794982910156,-36.410526275634766,0
Should every man ever fall?,Every man should ever fall.,semantics,npi_licensing,matrix_question_npi_licensor_present,True,False,True,True,854,-31.780689239501953,-28.289833068847656,0
Would Jeffrey ever boast about John?,Jeffrey would ever boast about John.,semantics,npi_licensing,matrix_question_npi_licensor_present,True,False,True,True,855,-51.03927993774414,-47.8729133605957,0
Can the popsicle ever evaporate?,The popsicle can ever evaporate.,semantics,npi_licensing,matrix_question_npi_licensor_present,True,False,True,True,856,-54.5484733581543,-53.30405807495117,0
Has Tamara ever murmured?,Tamara has ever murmured.,semantics,npi_licensing,matrix_question_npi_licensor_present,True,False,True,True,857,-47.971954345703125,-38.81206512451172,0
Might every patient ever want April to drive to this lake?,Every patient might ever want April to drive to this lake.,semantics,npi_licensing,matrix_question_npi_licensor_present,True,False,True,True,858,-86.43470001220703,-69.3932113647461,0
Had the Borgias ever bothered every dancer?,The Borgias had ever bothered every dancer.,semantics,npi_licensing,matrix_question_npi_licensor_present,True,False,True,True,859,-64.6158218383789,-59.99560546875,0
Will these eggplants ever shock Teresa?,These eggplants will ever shock Teresa.,semantics,npi_licensing,matrix_question_npi_licensor_present,True,False,True,True,860,-71.60183715820312,-66.7762451171875,0
Had a plate ever shattered?,A plate had ever shattered.,semantics,npi_licensing,matrix_question_npi_licensor_present,True,False,True,True,861,-38.23701858520508,-36.78520965576172,0
Has Dennis ever figured out what condense?,Dennis has ever figured out what condense.,semantics,npi_licensing,matrix_question_npi_licensor_present,True,False,True,True,862,-59.10955810546875,-60.98617935180664,1
Might this rabbit ever wake up?,This rabbit might ever wake up.,semantics,npi_licensing,matrix_question_npi_licensor_present,True,False,True,True,863,-45.32347106933594,-33.44081115722656,0
Had Debra ever thought about who remembers a lot of lakes?,Debra had ever thought about who remembers a lot of lakes.,semantics,npi_licensing,matrix_question_npi_licensor_present,True,False,True,True,864,-79.10520935058594,-66.29431915283203,0
Has Clyde ever longed to weep?,Clyde has ever longed to weep.,semantics,npi_licensing,matrix_question_npi_licensor_present,True,False,True,True,865,-51.60802459716797,-62.55656433105469,1
Does some teacher ever scream?,Some teacher does ever scream.,semantics,npi_licensing,matrix_question_npi_licensor_present,True,False,True,True,866,-35.67026138305664,-36.33548355102539,1
Had Rachelle ever forgotten about who remembers Colleen?,Rachelle had ever forgotten about who remembers Colleen.,semantics,npi_licensing,matrix_question_npi_licensor_present,True,False,True,True,867,-82.43160247802734,-71.54226684570312,0
Has some glacier ever frozen?,Some glacier has ever frozen.,semantics,npi_licensing,matrix_question_npi_licensor_present,True,False,True,True,868,-42.318389892578125,-37.655189514160156,0
Has Sheila ever disturbed every senator?,Sheila has ever disturbed every senator.,semantics,npi_licensing,matrix_question_npi_licensor_present,True,False,True,True,869,-54.47163391113281,-50.69815444946289,0
Does Samantha ever play?,Samantha does ever play.,semantics,npi_licensing,matrix_question_npi_licensor_present,True,False,True,True,870,-30.09206771850586,-37.86796569824219,1
Did cars ever slip?,Cars did ever slip.,semantics,npi_licensing,matrix_question_npi_licensor_present,True,False,True,True,871,-32.658226013183594,-32.56215286254883,0
Has Julia ever skated around a glacier?,Julia has ever skated around a glacier.,semantics,npi_licensing,matrix_question_npi_licensor_present,True,False,True,True,872,-61.48419952392578,-55.820709228515625,0
Can this lake ever freeze?,This lake can ever freeze.,semantics,npi_licensing,matrix_question_npi_licensor_present,True,False,True,True,873,-39.43979263305664,-36.255043029785156,0
Should Suzanne ever cough?,Suzanne should ever cough.,semantics,npi_licensing,matrix_question_npi_licensor_present,True,False,True,True,874,-33.2819709777832,-37.99341583251953,1
Has Andrea ever learned who hasn't hated Noah?,Andrea has ever learned who hasn't hated Noah.,semantics,npi_licensing,matrix_question_npi_licensor_present,True,False,True,True,875,-72.03971099853516,-72.15031433105469,1
Has Daniel ever needed Rachelle to chuckle?,Daniel has ever needed Rachelle to chuckle.,semantics,npi_licensing,matrix_question_npi_licensor_present,True,False,True,True,876,-70.5289535522461,-58.57611846923828,0
Had Peter ever washed?,Peter had ever washed.,semantics,npi_licensing,matrix_question_npi_licensor_present,True,False,True,True,877,-31.504562377929688,-19.681766510009766,0
Would Benjamin ever prompt Carrie to upset Suzanne?,Benjamin would ever prompt Carrie to upset Suzanne.,semantics,npi_licensing,matrix_question_npi_licensor_present,True,False,True,True,878,-74.93827819824219,-73.84929656982422,0
Has every woman ever climbed up some ladders?,Every woman has ever climbed up some ladders.,semantics,npi_licensing,matrix_question_npi_licensor_present,True,False,True,True,879,-53.73854064941406,-47.96234130859375,0
Can Lucille ever drop by movie theaters?,Lucille can ever drop by movie theaters.,semantics,npi_licensing,matrix_question_npi_licensor_present,True,False,True,True,880,-68.41748809814453,-59.73581314086914,0
Had some actor ever loved Monet?,Some actor had ever loved Monet.,semantics,npi_licensing,matrix_question_npi_licensor_present,True,False,True,True,881,-54.7174072265625,-48.94971466064453,0
Will those doctors ever go to every restaurant?,Those doctors will ever go to every restaurant.,semantics,npi_licensing,matrix_question_npi_licensor_present,True,False,True,True,882,-49.64043426513672,-46.62348556518555,0
Had many waiters ever worked hard?,Many waiters had ever worked hard.,semantics,npi_licensing,matrix_question_npi_licensor_present,True,False,True,True,883,-53.64482116699219,-48.07646942138672,0
Had Connie ever prevented that fish from falling?,Connie had ever prevented that fish from falling.,semantics,npi_licensing,matrix_question_npi_licensor_present,True,False,True,True,884,-65.4846420288086,-59.96760559082031,0
Can Sara ever smile?,Sara can ever smile.,semantics,npi_licensing,matrix_question_npi_licensor_present,True,False,True,True,885,-32.32725524902344,-32.64126968383789,1
Has Craig ever managed to blink?,Craig has ever managed to blink.,semantics,npi_licensing,matrix_question_npi_licensor_present,True,False,True,True,886,-45.03582763671875,-36.24297332763672,0
Has Ronald ever explored most cafes?,Ronald has ever explored most cafes.,semantics,npi_licensing,matrix_question_npi_licensor_present,True,False,True,True,887,-57.791481018066406,-53.73387145996094,0
Had this hospital ever found out who hasn't shrugged?,This hospital had ever found out who hasn't shrugged.,semantics,npi_licensing,matrix_question_npi_licensor_present,True,False,True,True,888,-64.9095458984375,-61.80268859863281,0
Had every pedestrian ever obligated most cashiers to embrace?,Every pedestrian had ever obligated most cashiers to embrace.,semantics,npi_licensing,matrix_question_npi_licensor_present,True,False,True,True,889,-91.9493408203125,-82.66035461425781,0
Do some scarves ever look like a sketch?,Some scarves do ever look like a sketch.,semantics,npi_licensing,matrix_question_npi_licensor_present,True,False,True,True,890,-59.22114181518555,-58.05989074707031,0
Had Carol ever convinced Suzanne's electrician to cook?,Carol had ever convinced Suzanne's electrician to cook.,semantics,npi_licensing,matrix_question_npi_licensor_present,True,False,True,True,891,-83.76998138427734,-76.61026000976562,0
Has Monet ever found cats?,Monet has ever found cats.,semantics,npi_licensing,matrix_question_npi_licensor_present,True,False,True,True,892,-44.59406280517578,-36.40502166748047,0
Had these hills ever fallen?,These hills had ever fallen.,semantics,npi_licensing,matrix_question_npi_licensor_present,True,False,True,True,893,-39.33445739746094,-34.105987548828125,0
Would these guests ever divorce?,These guests would ever divorce.,semantics,npi_licensing,matrix_question_npi_licensor_present,True,False,True,True,894,-38.137821197509766,-36.17952346801758,0
Can those waitresses ever correspond?,Those waitresses can ever correspond.,semantics,npi_licensing,matrix_question_npi_licensor_present,True,False,True,True,895,-54.118648529052734,-48.79161834716797,0
Did Raymond ever discover Heidi?,Raymond did ever discover Heidi.,semantics,npi_licensing,matrix_question_npi_licensor_present,True,False,True,True,896,-42.3781623840332,-43.31922912597656,1
Does Stephen ever nod?,Stephen does ever nod.,semantics,npi_licensing,matrix_question_npi_licensor_present,True,False,True,True,897,-36.17470932006836,-26.514339447021484,0
Might Tanya ever compel Danielle to confuse Pamela?,Tanya might ever compel Danielle to confuse Pamela.,semantics,npi_licensing,matrix_question_npi_licensor_present,True,False,True,True,898,-86.24462127685547,-73.57014465332031,0
Can a boy ever wonder who said some banks encourage Bruce to stun Peter?,A boy can ever wonder who said some banks encourage Bruce to stun Peter.,semantics,npi_licensing,matrix_question_npi_licensor_present,True,False,True,True,899,-111.81541442871094,-111.98866271972656,1
Did Erin ever waste away?,Erin did ever waste away.,semantics,npi_licensing,matrix_question_npi_licensor_present,True,False,True,True,900,-37.829933166503906,-39.78132247924805,1
Could Sherry ever prefer this coat to tighten?,Sherry could ever prefer this coat to tighten.,semantics,npi_licensing,matrix_question_npi_licensor_present,True,False,True,True,901,-68.12850189208984,-65.10128784179688,0
Has Stacey ever gone to Harvard University?,Stacey has ever gone to Harvard University.,semantics,npi_licensing,matrix_question_npi_licensor_present,True,False,True,True,902,-56.83446502685547,-52.75666046142578,0
Can Derek ever dare Tanya's oncologists to bring most forks?,Derek can ever dare Tanya's oncologists to bring most forks.,semantics,npi_licensing,matrix_question_npi_licensor_present,True,False,True,True,903,-110.89342498779297,-110.42198181152344,0
Might Richard ever prompt Bruce's wife to compromise?,Richard might ever prompt Bruce's wife to compromise.,semantics,npi_licensing,matrix_question_npi_licensor_present,True,False,True,True,904,-82.82502746582031,-62.39106750488281,0
Could Christina ever prevent Rachel from buying some turtles?,Christina could ever prevent Rachel from buying some turtles.,semantics,npi_licensing,matrix_question_npi_licensor_present,True,False,True,True,905,-78.45127868652344,-73.77295684814453,0
Could every lady ever flee from the waitresses?,Every lady could ever flee from the waitresses.,semantics,npi_licensing,matrix_question_npi_licensor_present,True,False,True,True,906,-67.27876281738281,-60.26561737060547,0
Can every shirt ever wrinkle?,Every shirt can ever wrinkle.,semantics,npi_licensing,matrix_question_npi_licensor_present,True,False,True,True,907,-50.21112060546875,-43.02440643310547,0
Had some customers ever wanted every waitress to play?,Some customers had ever wanted every waitress to play.,semantics,npi_licensing,matrix_question_npi_licensor_present,True,False,True,True,908,-60.03526306152344,-57.47177505493164,0
Would Kathleen ever hate Andrew?,Kathleen would ever hate Andrew.,semantics,npi_licensing,matrix_question_npi_licensor_present,True,False,True,True,909,-42.71438980102539,-51.37712860107422,1
Might Jennifer ever judge Liam to scan those documentaries?,Jennifer might ever judge Liam to scan those documentaries.,semantics,npi_licensing,matrix_question_npi_licensor_present,True,False,True,True,910,-89.82376098632812,-70.76949310302734,0
Can some senators ever skate around the hill?,Some senators can ever skate around the hill.,semantics,npi_licensing,matrix_question_npi_licensor_present,True,False,True,True,911,-57.94568634033203,-53.710391998291016,0
Will these associations ever conceal who might bother to scratch?,These associations will ever conceal who might bother to scratch.,semantics,npi_licensing,matrix_question_npi_licensor_present,True,False,True,True,912,-77.16670227050781,-70.34425354003906,0
Had Edward ever referenced Tanya?,Edward had ever referenced Tanya.,semantics,npi_licensing,matrix_question_npi_licensor_present,True,False,True,True,913,-52.26359558105469,-40.58349609375,0
Could Jill ever long to speak up?,Jill could ever long to speak up.,semantics,npi_licensing,matrix_question_npi_licensor_present,True,False,True,True,914,-49.69403076171875,-47.148841857910156,0
Should every library ever collaborate?,Every library should ever collaborate.,semantics,npi_licensing,matrix_question_npi_licensor_present,True,False,True,True,915,-44.97864532470703,-39.33068084716797,0
Would every closet ever shut?,Every closet would ever shut.,semantics,npi_licensing,matrix_question_npi_licensor_present,True,False,True,True,916,-41.33563232421875,-36.67552185058594,0
Has some actor ever written?,Some actor has ever written.,semantics,npi_licensing,matrix_question_npi_licensor_present,True,False,True,True,917,-38.653465270996094,-32.66063690185547,0
Had Richard ever wanted a light to brighten?,Richard had ever wanted a light to brighten.,semantics,npi_licensing,matrix_question_npi_licensor_present,True,False,True,True,918,-64.29730224609375,-54.46489334106445,0
Could Adam ever skate around those glaciers?,Adam could ever skate around those glaciers.,semantics,npi_licensing,matrix_question_npi_licensor_present,True,False,True,True,919,-59.99217987060547,-50.362457275390625,0
Could most scarves ever fray?,Most scarves could ever fray.,semantics,npi_licensing,matrix_question_npi_licensor_present,True,False,True,True,920,-54.927825927734375,-47.46154022216797,0
Have some drivers ever observed Deborah?,Some drivers have ever observed Deborah.,semantics,npi_licensing,matrix_question_npi_licensor_present,True,False,True,True,921,-51.30004119873047,-48.330623626708984,0
Has Naomi ever pressed Beth to confuse Veronica?,Naomi has ever pressed Beth to confuse Veronica.,semantics,npi_licensing,matrix_question_npi_licensor_present,True,False,True,True,922,-73.46727752685547,-70.963134765625,0
Had the shoe ever warped?,The shoe had ever warped.,semantics,npi_licensing,matrix_question_npi_licensor_present,True,False,True,True,923,-41.26427459716797,-38.70844268798828,0
Can the waitresses ever mess up most malls?,The waitresses can ever mess up most malls.,semantics,npi_licensing,matrix_question_npi_licensor_present,True,False,True,True,924,-75.39025115966797,-71.50418090820312,0
Should many guys ever testify?,Many guys should ever testify.,semantics,npi_licensing,matrix_question_npi_licensor_present,True,False,True,True,925,-37.538185119628906,-33.26643753051758,0
Have those senators ever bothered to aggravate some waiters?,Those senators have ever bothered to aggravate some waiters.,semantics,npi_licensing,matrix_question_npi_licensor_present,True,False,True,True,926,-85.76737976074219,-79.70465850830078,0
Had malls ever resembled some prints?,Malls had ever resembled some prints.,semantics,npi_licensing,matrix_question_npi_licensor_present,True,False,True,True,927,-55.13114929199219,-53.6970329284668,0
Would Rose ever escape?,Rose would ever escape.,semantics,npi_licensing,matrix_question_npi_licensor_present,True,False,True,True,928,-31.371278762817383,-21.07268524169922,0
Has every lady ever known what is cracking?,Every lady has ever known what is cracking.,semantics,npi_licensing,matrix_question_npi_licensor_present,True,False,True,True,929,-53.58463668823242,-48.19346237182617,0
Could Heather ever sing?,Heather could ever sing.,semantics,npi_licensing,matrix_question_npi_licensor_present,True,False,True,True,930,-33.51573944091797,-33.84901428222656,1
Do those skateboards ever slip?,Those skateboards do ever slip.,semantics,npi_licensing,matrix_question_npi_licensor_present,True,False,True,True,931,-51.07921600341797,-49.75630187988281,0
Has Jennifer ever come here?,Jennifer has ever come here.,semantics,npi_licensing,matrix_question_npi_licensor_present,True,False,True,True,932,-29.983684539794922,-22.035917282104492,0
Did Tracy ever cook?,Tracy did ever cook.,semantics,npi_licensing,matrix_question_npi_licensor_present,True,False,True,True,933,-31.492862701416016,-32.52030944824219,1
Will Martin ever slump over?,Martin will ever slump over.,semantics,npi_licensing,matrix_question_npi_licensor_present,True,False,True,True,934,-44.59251403808594,-37.766502380371094,0
Have the skateboards ever accelerated?,The skateboards have ever accelerated.,semantics,npi_licensing,matrix_question_npi_licensor_present,True,False,True,True,935,-50.917625427246094,-47.53749465942383,0
Had Craig ever bothered Marla?,Craig had ever bothered Marla.,semantics,npi_licensing,matrix_question_npi_licensor_present,True,False,True,True,936,-50.738555908203125,-40.68818283081055,0
Has Douglas ever urged Tracy to yell?,Douglas has ever urged Tracy to yell.,semantics,npi_licensing,matrix_question_npi_licensor_present,True,False,True,True,937,-59.70354461669922,-57.78266143798828,0
Would the Impressionists ever approve?,The Impressionists would ever approve.,semantics,npi_licensing,matrix_question_npi_licensor_present,True,False,True,True,938,-54.10319519042969,-50.252784729003906,0
Has Paul ever embarrassed Dan?,Paul has ever embarrassed Dan.,semantics,npi_licensing,matrix_question_npi_licensor_present,True,False,True,True,939,-42.41797637939453,-35.35420608520508,0
Have some patients ever conspired?,Some patients have ever conspired.,semantics,npi_licensing,matrix_question_npi_licensor_present,True,False,True,True,940,-47.036624908447266,-40.10005187988281,0
Did some bicycle ever shatter?,Some bicycle did ever shatter.,semantics,npi_licensing,matrix_question_npi_licensor_present,True,False,True,True,941,-44.06584930419922,-43.9815673828125,0
Have waiters ever doubted Paul was escaping?,Waiters have ever doubted Paul was escaping.,semantics,npi_licensing,matrix_question_npi_licensor_present,True,False,True,True,942,-68.84426879882812,-60.84806823730469,0
Did Samuel ever press Cheryl to vanish?,Samuel did ever press Cheryl to vanish.,semantics,npi_licensing,matrix_question_npi_licensor_present,True,False,True,True,943,-61.901588439941406,-60.22344970703125,0
Has this man ever continued to yawn?,This man has ever continued to yawn.,semantics,npi_licensing,matrix_question_npi_licensor_present,True,False,True,True,944,-47.22904968261719,-43.10487365722656,0
Will that organization ever embarrass a company?,That organization will ever embarrass a company.,semantics,npi_licensing,matrix_question_npi_licensor_present,True,False,True,True,945,-52.82899475097656,-51.76583480834961,0
Had Patricia ever seen?,Patricia had ever seen.,semantics,npi_licensing,matrix_question_npi_licensor_present,True,False,True,True,946,-28.6654109954834,-26.996597290039062,0
Had Kenneth ever bought the trucks?,Kenneth had ever bought the trucks.,semantics,npi_licensing,matrix_question_npi_licensor_present,True,False,True,True,947,-43.479736328125,-39.68648910522461,0
Did Sherry ever pressure Becca to scratch?,Sherry did ever pressure Becca to scratch.,semantics,npi_licensing,matrix_question_npi_licensor_present,True,False,True,True,948,-74.27610778808594,-71.29229736328125,0
Could Paul ever advise Randolf to nod?,Paul could ever advise Randolf to nod.,semantics,npi_licensing,matrix_question_npi_licensor_present,True,False,True,True,949,-74.89266204833984,-64.48196411132812,0
Had the student ever exercised?,The student had ever exercised.,semantics,npi_licensing,matrix_question_npi_licensor_present,True,False,True,True,950,-39.16218948364258,-34.38011169433594,0
Should Deanna ever sell most reports?,Deanna should ever sell most reports.,semantics,npi_licensing,matrix_question_npi_licensor_present,True,False,True,True,951,-58.98870849609375,-51.668540954589844,0
Had the peppers ever baked?,The peppers had ever baked.,semantics,npi_licensing,matrix_question_npi_licensor_present,True,False,True,True,952,-38.81407165527344,-35.78308868408203,0
Has Samantha ever realized who nods?,Samantha has ever realized who nods.,semantics,npi_licensing,matrix_question_npi_licensor_present,True,False,True,True,953,-51.44373321533203,-54.52901840209961,1
Has Martha ever longed to see?,Martha has ever longed to see.,semantics,npi_licensing,matrix_question_npi_licensor_present,True,False,True,True,954,-46.66255187988281,-43.99921417236328,0
Have some candles ever vanished?,Some candles have ever vanished.,semantics,npi_licensing,matrix_question_npi_licensor_present,True,False,True,True,955,-36.36753845214844,-35.22877502441406,0
Will every eye ever open?,Every eye will ever open.,semantics,npi_licensing,matrix_question_npi_licensor_present,True,False,True,True,956,-37.59955978393555,-31.453418731689453,0
Could Derek ever boast?,Derek could ever boast.,semantics,npi_licensing,matrix_question_npi_licensor_present,True,False,True,True,957,-36.528846740722656,-37.06963348388672,1
Will these peppers ever blacken?,These peppers will ever blacken.,semantics,npi_licensing,matrix_question_npi_licensor_present,True,False,True,True,958,-49.978145599365234,-45.53647232055664,0
Did the plate ever fall apart?,The plate did ever fall apart.,semantics,npi_licensing,matrix_question_npi_licensor_present,True,False,True,True,959,-37.292938232421875,-38.36174392700195,1
Did many actors ever react?,Many actors did ever react.,semantics,npi_licensing,matrix_question_npi_licensor_present,True,False,True,True,960,-39.05511474609375,-35.083683013916016,0
Might Jacqueline ever run around a lot of high schools?,Jacqueline might ever run around a lot of high schools.,semantics,npi_licensing,matrix_question_npi_licensor_present,True,False,True,True,961,-77.83248901367188,-64.97831726074219,0
Has pasta ever scorched?,Pasta has ever scorched.,semantics,npi_licensing,matrix_question_npi_licensor_present,True,False,True,True,962,-42.70104217529297,-36.54780578613281,0
Had Steve ever nodded?,Steve had ever nodded.,semantics,npi_licensing,matrix_question_npi_licensor_present,True,False,True,True,963,-37.245018005371094,-25.30569839477539,0
Had Helen ever researched some legislatures?,Helen had ever researched some legislatures.,semantics,npi_licensing,matrix_question_npi_licensor_present,True,False,True,True,964,-58.558685302734375,-52.86656951904297,0
Has Charles ever irritated Tonya?,Charles has ever irritated Tonya.,semantics,npi_licensing,matrix_question_npi_licensor_present,True,False,True,True,965,-53.65312957763672,-43.54486083984375,0
Can many pedestrians ever praise Lori?,Many pedestrians can ever praise Lori.,semantics,npi_licensing,matrix_question_npi_licensor_present,True,False,True,True,966,-58.36689376831055,-51.021785736083984,0
Had Sheila ever walked through all closets?,Sheila had ever walked through all closets.,semantics,npi_licensing,matrix_question_npi_licensor_present,True,False,True,True,967,-58.625457763671875,-53.687644958496094,0
Should a bank ever profit?,A bank should ever profit.,semantics,npi_licensing,matrix_question_npi_licensor_present,True,False,True,True,968,-37.89842987060547,-39.259586334228516,1
Did Denise ever lie?,Denise did ever lie.,semantics,npi_licensing,matrix_question_npi_licensor_present,True,False,True,True,969,-32.34410095214844,-27.01685333251953,0
Have all students ever approached some actresses?,All students have ever approached some actresses.,semantics,npi_licensing,matrix_question_npi_licensor_present,True,False,True,True,970,-57.15651321411133,-49.93721008300781,0
Had Kristin ever required Kirsten to cheer?,Kristin had ever required Kirsten to cheer.,semantics,npi_licensing,matrix_question_npi_licensor_present,True,False,True,True,971,-72.68191528320312,-60.86201095581055,0
Will these cashiers ever attempt to mutter?,These cashiers will ever attempt to mutter.,semantics,npi_licensing,matrix_question_npi_licensor_present,True,False,True,True,972,-65.70413208007812,-62.46598815917969,0
Had Connie ever brought every gate?,Connie had ever brought every gate.,semantics,npi_licensing,matrix_question_npi_licensor_present,True,False,True,True,973,-48.50425720214844,-44.367950439453125,0
Would Sabrina ever love Lori?,Sabrina would ever love Lori.,semantics,npi_licensing,matrix_question_npi_licensor_present,True,False,True,True,974,-54.8909912109375,-47.27751922607422,0
Does Amy ever joke around?,Amy does ever joke around.,semantics,npi_licensing,matrix_question_npi_licensor_present,True,False,True,True,975,-39.12358093261719,-32.73088836669922,0
Can that broccoli ever rot?,That broccoli can ever rot.,semantics,npi_licensing,matrix_question_npi_licensor_present,True,False,True,True,976,-42.001731872558594,-42.38431167602539,1
Should a lot of waiters ever hurt the men?,A lot of waiters should ever hurt the men.,semantics,npi_licensing,matrix_question_npi_licensor_present,True,False,True,True,977,-56.6210823059082,-60.17483901977539,1
Could that window ever shut?,That window could ever shut.,semantics,npi_licensing,matrix_question_npi_licensor_present,True,False,True,True,978,-36.46849822998047,-37.654823303222656,1
Does some pedestrian ever salute?,Some pedestrian does ever salute.,semantics,npi_licensing,matrix_question_npi_licensor_present,True,False,True,True,979,-42.970069885253906,-43.1529541015625,1
Will some ladies ever turn out to conceal those fish?,Some ladies will ever turn out to conceal those fish.,semantics,npi_licensing,matrix_question_npi_licensor_present,True,False,True,True,980,-63.54961013793945,-59.70799255371094,0
Can a boy ever research science?,A boy can ever research science.,semantics,npi_licensing,matrix_question_npi_licensor_present,True,False,True,True,981,-45.24453353881836,-44.31378173828125,0
Had every doctor ever cleaned many libraries?,Every doctor had ever cleaned many libraries.,semantics,npi_licensing,matrix_question_npi_licensor_present,True,False,True,True,982,-61.54602813720703,-51.66181564331055,0
Should Alexander ever walk through some museum?,Alexander should ever walk through some museum.,semantics,npi_licensing,matrix_question_npi_licensor_present,True,False,True,True,983,-49.640289306640625,-40.893943786621094,0
Would these scarves ever shrink?,These scarves would ever shrink.,semantics,npi_licensing,matrix_question_npi_licensor_present,True,False,True,True,984,-50.740081787109375,-44.839176177978516,0
Has Roger ever known Theresa?,Roger has ever known Theresa.,semantics,npi_licensing,matrix_question_npi_licensor_present,True,False,True,True,985,-43.372318267822266,-32.958580017089844,0
Had these women ever divorced?,These women had ever divorced.,semantics,npi_licensing,matrix_question_npi_licensor_present,True,False,True,True,986,-34.48877716064453,-29.263948440551758,0
Had Lucille ever dropped by some movie theater?,Lucille had ever dropped by some movie theater.,semantics,npi_licensing,matrix_question_npi_licensor_present,True,False,True,True,987,-67.98992919921875,-58.17147445678711,0
Had the Clintons ever murmured?,The Clintons had ever murmured.,semantics,npi_licensing,matrix_question_npi_licensor_present,True,False,True,True,988,-49.01294708251953,-41.52093505859375,0
Had a lot of drivers ever passed a lot of high schools?,A lot of drivers had ever passed a lot of high schools.,semantics,npi_licensing,matrix_question_npi_licensor_present,True,False,True,True,989,-64.03903198242188,-63.82663345336914,0
Did Caroline ever question Jill?,Caroline did ever question Jill.,semantics,npi_licensing,matrix_question_npi_licensor_present,True,False,True,True,990,-44.0919189453125,-46.82209014892578,1
Had this bank ever persuaded Eva's mothers to reunite?,This bank had ever persuaded Eva's mothers to reunite.,semantics,npi_licensing,matrix_question_npi_licensor_present,True,False,True,True,991,-80.73087310791016,-76.1152572631836,0
Had many museums ever preferred that bike to steer?,Many museums had ever preferred that bike to steer.,semantics,npi_licensing,matrix_question_npi_licensor_present,True,False,True,True,992,-66.93067169189453,-62.611392974853516,0
Does Katherine ever hunt?,Katherine does ever hunt.,semantics,npi_licensing,matrix_question_npi_licensor_present,True,False,True,True,993,-33.78262710571289,-33.59885787963867,0
Could Ruth ever attempt to boycott this college campus?,Ruth could ever attempt to boycott this college campus.,semantics,npi_licensing,matrix_question_npi_licensor_present,True,False,True,True,994,-70.07911682128906,-71.13786315917969,1
Should that water ever condense?,That water should ever condense.,semantics,npi_licensing,matrix_question_npi_licensor_present,True,False,True,True,995,-46.92738342285156,-46.37042236328125,0
Can all senators ever hug?,All senators can ever hug.,semantics,npi_licensing,matrix_question_npi_licensor_present,True,False,True,True,996,-42.330718994140625,-38.154541015625,0
Had all dancers ever disagreed?,All dancers had ever disagreed.,semantics,npi_licensing,matrix_question_npi_licensor_present,True,False,True,True,997,-42.29444122314453,-37.85658264160156,0
Has Paul ever found Richard to impress that association?,Paul has ever found Richard to impress that association.,semantics,npi_licensing,matrix_question_npi_licensor_present,True,False,True,True,998,-73.02776336669922,-63.824798583984375,0
Could Raymond ever figure out who attack Janice?,Raymond could ever figure out who attack Janice.,semantics,npi_licensing,matrix_question_npi_licensor_present,True,False,True,True,999,-72.89738464355469,-71.47933959960938,0
