sentence_good,sentence_bad,field,linguistics_term,UID,simple_LM_method,one_prefix_method,two_prefix_method,lexically_identical,pair_id,good_prob,bad_prob,correct
What senators was Alicia approaching and some teachers scaring?,What was Alicia approaching senators and some teachers scaring?,syntax,island_effects,coordinate_structure_constraint_complex_left_branch,True,False,True,True,0,-87.48902130126953,-85.01416015625,0
Whose restaurants is Clyde exiting and Amelia talking about?,Whose is Clyde exiting restaurants and Amelia talking about?,syntax,island_effects,coordinate_structure_constraint_complex_left_branch,True,False,True,True,1,-88.99729919433594,-86.54164123535156,0
Which teenagers had Tamara hired and Grace fired?,Which had Tamara hired teenagers and Grace fired?,syntax,island_effects,coordinate_structure_constraint_complex_left_branch,True,False,True,True,2,-82.5198974609375,-79.58316040039062,0
What lights could Spain sell and Andrea discover?,What could Spain sell lights and Andrea discover?,syntax,island_effects,coordinate_structure_constraint_complex_left_branch,True,False,True,True,3,-77.88426208496094,-75.17803955078125,0
What paintings has Melissa looked like and Erin revealed?,What has Melissa looked like paintings and Erin revealed?,syntax,island_effects,coordinate_structure_constraint_complex_left_branch,True,False,True,True,4,-79.08094024658203,-74.72528839111328,0
Which carriages has Melanie found and Diana revealed?,Which has Melanie found carriages and Diana revealed?,syntax,island_effects,coordinate_structure_constraint_complex_left_branch,True,False,True,True,5,-81.75094604492188,-79.39134979248047,0
What offspring has William stunned and Melinda escaped from?,What has William stunned offspring and Melinda escaped from?,syntax,island_effects,coordinate_structure_constraint_complex_left_branch,True,False,True,True,6,-88.13845825195312,-87.38883209228516,0
What alumni might some socks shock and Denise appreciate?,What might some socks shock alumni and Denise appreciate?,syntax,island_effects,coordinate_structure_constraint_complex_left_branch,True,False,True,True,7,-83.87724304199219,-83.60618591308594,0
Which girls is the dress irritating and the Lutherans revealing?,Which is the dress irritating girls and the Lutherans revealing?,syntax,island_effects,coordinate_structure_constraint_complex_left_branch,True,False,True,True,8,-88.0186767578125,-89.12895202636719,1
What guys could those girls flee from and a lot of socks bore?,What could those girls flee from guys and a lot of socks bore?,syntax,island_effects,coordinate_structure_constraint_complex_left_branch,True,False,True,True,9,-91.63965606689453,-92.63568115234375,1
What schools were many cars embarrassing and Daniel driving to?,What were many cars embarrassing schools and Daniel driving to?,syntax,island_effects,coordinate_structure_constraint_complex_left_branch,True,False,True,True,10,-80.56436157226562,-79.0030517578125,0
What cafes could some teenager skate around and a lot of committees conceal?,What could some teenager skate around cafes and a lot of committees conceal?,syntax,island_effects,coordinate_structure_constraint_complex_left_branch,True,False,True,True,11,-104.80522155761719,-104.51152038574219,0
What lakes had Elaine escaped from and Gary thought about?,What had Elaine escaped from lakes and Gary thought about?,syntax,island_effects,coordinate_structure_constraint_complex_left_branch,True,False,True,True,12,-80.93115234375,-75.70487976074219,0
What mountains is Aaron lifting and that woman insulting?,What is Aaron lifting mountains and that woman insulting?,syntax,island_effects,coordinate_structure_constraint_complex_left_branch,True,False,True,True,13,-77.4515380859375,-76.05038452148438,0
Which children had Phillip worried and Dawn disturbed?,Which had Phillip worried children and Dawn disturbed?,syntax,island_effects,coordinate_structure_constraint_complex_left_branch,True,False,True,True,14,-71.14553833007812,-70.611328125,0
Whose closets can drivers arrive at and Heidi walk through?,Whose can drivers arrive at closets and Heidi walk through?,syntax,island_effects,coordinate_structure_constraint_complex_left_branch,True,False,True,True,15,-108.4317626953125,-102.05613708496094,0
Which students has Steve hired and Monet hated?,Which has Steve hired students and Monet hated?,syntax,island_effects,coordinate_structure_constraint_complex_left_branch,True,False,True,True,16,-77.0784912109375,-75.76026153564453,0
Which analyses can Heidi dislike and Melissa think about?,Which can Heidi dislike analyses and Melissa think about?,syntax,island_effects,coordinate_structure_constraint_complex_left_branch,True,False,True,True,17,-82.06507873535156,-82.88310241699219,1
Which libraries had those waiters lifted and Alicia explored?,Which had those waiters lifted libraries and Alicia explored?,syntax,island_effects,coordinate_structure_constraint_complex_left_branch,True,False,True,True,18,-95.00239562988281,-91.90380096435547,0
Which children has Valerie approached and Sonia hurt?,Which has Valerie approached children and Sonia hurt?,syntax,island_effects,coordinate_structure_constraint_complex_left_branch,True,False,True,True,19,-69.16636657714844,-69.97315979003906,1
Which students does Leslie kiss and Kendra visit?,Which does Leslie kiss students and Kendra visit?,syntax,island_effects,coordinate_structure_constraint_complex_left_branch,True,False,True,True,20,-82.9359359741211,-83.09784698486328,1
Which teachers did Veronica work with and the rivers bore?,Which did Veronica work with teachers and the rivers bore?,syntax,island_effects,coordinate_structure_constraint_complex_left_branch,True,False,True,True,21,-80.33060455322266,-75.47897338867188,0
What adults is Jodi curing and Karen returning to?,What is Jodi curing adults and Karen returning to?,syntax,island_effects,coordinate_structure_constraint_complex_left_branch,True,False,True,True,22,-84.70858764648438,-84.46429443359375,0
Which men might Regina work with and that waiter cure?,Which might Regina work with men and that waiter cure?,syntax,island_effects,coordinate_structure_constraint_complex_left_branch,True,False,True,True,23,-82.99075317382812,-79.84463500976562,0
What slopes had Lori descended and Carlos climbed down?,What had Lori descended slopes and Carlos climbed down?,syntax,island_effects,coordinate_structure_constraint_complex_left_branch,True,False,True,True,24,-79.86247253417969,-79.23763275146484,0
Which women could Emily criticize and Christine notice?,Which could Emily criticize women and Christine notice?,syntax,island_effects,coordinate_structure_constraint_complex_left_branch,True,False,True,True,25,-72.68157958984375,-74.13079833984375,1
Which lakes had most girls biked to and most drivers described?,Which had most girls biked to lakes and most drivers described?,syntax,island_effects,coordinate_structure_constraint_complex_left_branch,True,False,True,True,26,-96.47021484375,-92.79132843017578,0
Whose mice can Julia bring and Brett notice?,Whose can Julia bring mice and Brett notice?,syntax,island_effects,coordinate_structure_constraint_complex_left_branch,True,False,True,True,27,-83.15131378173828,-78.63915252685547,0
Which teeth is Samuel fixing and Grace selling?,Which is Samuel fixing teeth and Grace selling?,syntax,island_effects,coordinate_structure_constraint_complex_left_branch,True,False,True,True,28,-70.90757751464844,-69.74078369140625,0
Which girls was Tara kissing and Alice thinking about?,Which was Tara kissing girls and Alice thinking about?,syntax,island_effects,coordinate_structure_constraint_complex_left_branch,True,False,True,True,29,-69.96299743652344,-66.76192474365234,0
What cashiers is Ellen shocking and the waitresses boring?,What is Ellen shocking cashiers and the waitresses boring?,syntax,island_effects,coordinate_structure_constraint_complex_left_branch,True,False,True,True,30,-98.50209045410156,-97.63272094726562,0
Which doctors is Angela hugging and Paula admiring?,Which is Angela hugging doctors and Paula admiring?,syntax,island_effects,coordinate_structure_constraint_complex_left_branch,True,False,True,True,31,-81.80555725097656,-82.41941833496094,1
Which men does Theresa describe and every coat worry?,Which does Theresa describe men and every coat worry?,syntax,island_effects,coordinate_structure_constraint_complex_left_branch,True,False,True,True,32,-78.62261962890625,-77.04637908935547,0
Which customers was Stacey curing and these pedestrians complaining about?,Which was Stacey curing customers and these pedestrians complaining about?,syntax,island_effects,coordinate_structure_constraint_complex_left_branch,True,False,True,True,33,-100.69798278808594,-97.95507049560547,0
What guests had Donna concealed and some lady appreciated?,What had Donna concealed guests and some lady appreciated?,syntax,island_effects,coordinate_structure_constraint_complex_left_branch,True,False,True,True,34,-76.85273742675781,-75.4825210571289,0
Which people have many universities known and Gregory praised?,Which have many universities known people and Gregory praised?,syntax,island_effects,coordinate_structure_constraint_complex_left_branch,True,False,True,True,35,-70.94781494140625,-72.99295043945312,1
What waitresses is Sheila distracting and Tracy returning to?,What is Sheila distracting waitresses and Tracy returning to?,syntax,island_effects,coordinate_structure_constraint_complex_left_branch,True,False,True,True,36,-89.62674713134766,-89.67547607421875,1
Whose mountains might Rhonda climb up and Becky explore?,Whose might Rhonda climb up mountains and Becky explore?,syntax,island_effects,coordinate_structure_constraint_complex_left_branch,True,False,True,True,37,-99.46920013427734,-99.42420196533203,0
Which men had some museums known and some waitress listened to?,Which had some museums known men and some waitress listened to?,syntax,island_effects,coordinate_structure_constraint_complex_left_branch,True,False,True,True,38,-82.29498291015625,-80.63055419921875,0
What senators did those teenagers astound and Heidi criticize?,What did those teenagers astound senators and Heidi criticize?,syntax,island_effects,coordinate_structure_constraint_complex_left_branch,True,False,True,True,39,-97.06653594970703,-93.72224426269531,0
Which students can Rose impress and Cindy see?,Which can Rose impress students and Cindy see?,syntax,island_effects,coordinate_structure_constraint_complex_left_branch,True,False,True,True,40,-70.87431335449219,-71.76754760742188,1
What waitresses had Gerald worked with and George annoyed?,What had Gerald worked with waitresses and George annoyed?,syntax,island_effects,coordinate_structure_constraint_complex_left_branch,True,False,True,True,41,-86.18648529052734,-82.05589294433594,0
Which books did Marcus hate and Craig praise?,Which did Marcus hate books and Craig praise?,syntax,island_effects,coordinate_structure_constraint_complex_left_branch,True,False,True,True,42,-73.20275115966797,-71.80834197998047,0
Whose hospitals can Gregory tour and Douglas irritate?,Whose can Gregory tour hospitals and Douglas irritate?,syntax,island_effects,coordinate_structure_constraint_complex_left_branch,True,False,True,True,43,-90.52167510986328,-89.29228210449219,0
Whose pants will Margaret wear and Donald lift?,Whose will Margaret wear pants and Donald lift?,syntax,island_effects,coordinate_structure_constraint_complex_left_branch,True,False,True,True,44,-82.00837707519531,-79.31118774414062,0
Which men had those cashiers visited and Jeffrey admired?,Which had those cashiers visited men and Jeffrey admired?,syntax,island_effects,coordinate_structure_constraint_complex_left_branch,True,False,True,True,45,-87.32572937011719,-85.55572509765625,0
Whose libraries has Jerry toured and many turtles scared?,Whose has Jerry toured libraries and many turtles scared?,syntax,island_effects,coordinate_structure_constraint_complex_left_branch,True,False,True,True,46,-91.04086303710938,-88.47102355957031,0
What men did all actors shock and Carrie investigate?,What did all actors shock men and Carrie investigate?,syntax,island_effects,coordinate_structure_constraint_complex_left_branch,True,False,True,True,47,-78.2481460571289,-74.60142517089844,0
What slopes was Donald lifting and Jacqueline selling?,What was Donald lifting slopes and Jacqueline selling?,syntax,island_effects,coordinate_structure_constraint_complex_left_branch,True,False,True,True,48,-85.7040023803711,-81.6951675415039,0
Which shoes had these doctors worn and the pedestrians sold?,Which had these doctors worn shoes and the pedestrians sold?,syntax,island_effects,coordinate_structure_constraint_complex_left_branch,True,False,True,True,49,-82.98664093017578,-79.25115966796875,0
Which actresses is Donna boring and Denise alarming?,Which is Donna boring actresses and Denise alarming?,syntax,island_effects,coordinate_structure_constraint_complex_left_branch,True,False,True,True,50,-77.39105224609375,-78.7281494140625,1
What actresses could Monet talk to and some schools impress?,What could Monet talk to actresses and some schools impress?,syntax,island_effects,coordinate_structure_constraint_complex_left_branch,True,False,True,True,51,-92.32373046875,-86.84733581542969,0
Whose organizations was Rachel worrying and some river disturbing?,Whose was Rachel worrying organizations and some river disturbing?,syntax,island_effects,coordinate_structure_constraint_complex_left_branch,True,False,True,True,52,-88.87049102783203,-86.76852416992188,0
What teachers are prints confusing and Amanda bothering?,What are prints confusing teachers and Amanda bothering?,syntax,island_effects,coordinate_structure_constraint_complex_left_branch,True,False,True,True,53,-72.27183532714844,-72.29174041748047,1
What waitresses were those ladies upsetting and Julie appreciating?,What were those ladies upsetting waitresses and Julie appreciating?,syntax,island_effects,coordinate_structure_constraint_complex_left_branch,True,False,True,True,54,-95.84486389160156,-94.49846649169922,0
Which boys had the chicken shocked and girls described?,Which had the chicken shocked boys and girls described?,syntax,island_effects,coordinate_structure_constraint_complex_left_branch,True,False,True,True,55,-67.0914077758789,-67.48177337646484,1
What men should Regina fire and Rebecca distract?,What should Regina fire men and Rebecca distract?,syntax,island_effects,coordinate_structure_constraint_complex_left_branch,True,False,True,True,56,-72.57327270507812,-70.98587799072266,0
Which malls has Denise cleaned and Dan brought?,Which has Denise cleaned malls and Dan brought?,syntax,island_effects,coordinate_structure_constraint_complex_left_branch,True,False,True,True,57,-75.24021911621094,-73.20413970947266,0
What malls had Adam returned to and a lot of senators disliked?,What had Adam returned to malls and a lot of senators disliked?,syntax,island_effects,coordinate_structure_constraint_complex_left_branch,True,False,True,True,58,-93.51853942871094,-87.48823547363281,0
Which glaciers had the adult biked to and Mary dropped by?,Which had the adult biked to glaciers and Mary dropped by?,syntax,island_effects,coordinate_structure_constraint_complex_left_branch,True,False,True,True,59,-93.39840698242188,-89.23619079589844,0
What waitresses was that mirror boring and Barbara discovering?,What was that mirror boring waitresses and Barbara discovering?,syntax,island_effects,coordinate_structure_constraint_complex_left_branch,True,False,True,True,60,-87.72061157226562,-85.82919311523438,0
Which hamsters does Kayla lift and Amanda discover?,Which does Kayla lift hamsters and Amanda discover?,syntax,island_effects,coordinate_structure_constraint_complex_left_branch,True,False,True,True,61,-94.09809112548828,-94.21107482910156,1
What schools was Gary dropping by and Tina biking to?,What was Gary dropping by schools and Tina biking to?,syntax,island_effects,coordinate_structure_constraint_complex_left_branch,True,False,True,True,62,-87.97433471679688,-83.22198486328125,0
Which art galleries will Vanessa arrive at and Kimberley insult?,Which will Vanessa arrive at art galleries and Kimberley insult?,syntax,island_effects,coordinate_structure_constraint_complex_left_branch,True,False,True,True,63,-101.88606262207031,-97.9659423828125,0
What customers was this waiter observing and Margaret observing?,What was this waiter observing customers and Margaret observing?,syntax,island_effects,coordinate_structure_constraint_complex_left_branch,True,False,True,True,64,-83.76339721679688,-79.17243957519531,0
Which public parks might this girl respect and Rhonda tour?,Which might this girl respect public parks and Rhonda tour?,syntax,island_effects,coordinate_structure_constraint_complex_left_branch,True,False,True,True,65,-95.58977508544922,-93.75979614257812,0
What customers has Gregory forgotten and the teenager kissed?,What has Gregory forgotten customers and the teenager kissed?,syntax,island_effects,coordinate_structure_constraint_complex_left_branch,True,False,True,True,66,-80.00538635253906,-78.95692443847656,0
Which guests do all patients notice and the cats impress?,Which do all patients notice guests and the cats impress?,syntax,island_effects,coordinate_structure_constraint_complex_left_branch,True,False,True,True,67,-80.7757339477539,-80.72795867919922,0
Which stories will a teenager hate and Carl forget?,Which will a teenager hate stories and Carl forget?,syntax,island_effects,coordinate_structure_constraint_complex_left_branch,True,False,True,True,68,-73.35755157470703,-72.39157104492188,0
What companies was music astounding and David disturbing?,What was music astounding companies and David disturbing?,syntax,island_effects,coordinate_structure_constraint_complex_left_branch,True,False,True,True,69,-72.26365661621094,-69.43901824951172,0
What men has Samuel annoyed and Cynthia observed?,What has Samuel annoyed men and Cynthia observed?,syntax,island_effects,coordinate_structure_constraint_complex_left_branch,True,False,True,True,70,-70.8177490234375,-69.89923858642578,0
What children has Dan worked with and Craig insulted?,What has Dan worked with children and Craig insulted?,syntax,island_effects,coordinate_structure_constraint_complex_left_branch,True,False,True,True,71,-77.90923309326172,-73.15364074707031,0
Which boys was Noah praising and a child approaching?,Which was Noah praising boys and a child approaching?,syntax,island_effects,coordinate_structure_constraint_complex_left_branch,True,False,True,True,72,-72.63926696777344,-71.42945861816406,0
What high schools had Brenda gone to and Martha sold?,What had Brenda gone to high schools and Martha sold?,syntax,island_effects,coordinate_structure_constraint_complex_left_branch,True,False,True,True,73,-81.47830200195312,-75.71976470947266,0
What pedestrians would the waitresses dislike and Carrie praise?,What would the waitresses dislike pedestrians and Carrie praise?,syntax,island_effects,coordinate_structure_constraint_complex_left_branch,True,False,True,True,74,-93.80413818359375,-93.45030212402344,0
Whose windows do most doctors break and Melissa lift?,Whose do most doctors break windows and Melissa lift?,syntax,island_effects,coordinate_structure_constraint_complex_left_branch,True,False,True,True,75,-88.05419921875,-85.7230453491211,0
Which teachers can Claire flee from and Andrew hide?,Which can Claire flee from teachers and Andrew hide?,syntax,island_effects,coordinate_structure_constraint_complex_left_branch,True,False,True,True,76,-79.25703430175781,-76.65160369873047,0
Which schools has Frank exited and a photograph disgusted?,Which has Frank exited schools and a photograph disgusted?,syntax,island_effects,coordinate_structure_constraint_complex_left_branch,True,False,True,True,77,-76.0384521484375,-74.22810363769531,0
What students has Stacey appreciated and Anne discussed?,What has Stacey appreciated students and Anne discussed?,syntax,island_effects,coordinate_structure_constraint_complex_left_branch,True,False,True,True,78,-81.31816864013672,-80.08830261230469,0
What children is a nose disgusting and Nancy escaping from?,What is a nose disgusting children and Nancy escaping from?,syntax,island_effects,coordinate_structure_constraint_complex_left_branch,True,False,True,True,79,-75.99072265625,-74.74236297607422,0
Whose octopi had Helen cured and a pedestrian thought about?,Whose had Helen cured octopi and a pedestrian thought about?,syntax,island_effects,coordinate_structure_constraint_complex_left_branch,True,False,True,True,80,-105.91487121582031,-103.14665222167969,0
Which waitresses had Jessica insulted and Rhonda thought about?,Which had Jessica insulted waitresses and Rhonda thought about?,syntax,island_effects,coordinate_structure_constraint_complex_left_branch,True,False,True,True,81,-99.46368408203125,-96.23159790039062,0
Which stairs was Adam descending and Amy climbing up?,Which was Adam descending stairs and Amy climbing up?,syntax,island_effects,coordinate_structure_constraint_complex_left_branch,True,False,True,True,82,-72.90513610839844,-71.23294067382812,0
What women is that lady attacking and Marcus referencing?,What is that lady attacking women and Marcus referencing?,syntax,island_effects,coordinate_structure_constraint_complex_left_branch,True,False,True,True,83,-77.30883026123047,-70.97509765625,0
Whose lakes will Dan clean and Leslie reveal?,Whose will Dan clean lakes and Leslie reveal?,syntax,island_effects,coordinate_structure_constraint_complex_left_branch,True,False,True,True,84,-84.1484146118164,-81.03577423095703,0
Which girls had Ruth concealed and Heidi embarrassed?,Which had Ruth concealed girls and Heidi embarrassed?,syntax,island_effects,coordinate_structure_constraint_complex_left_branch,True,False,True,True,85,-73.09579467773438,-72.51515197753906,0
What students could some senator boast about and Eric cure?,What could some senator boast about students and Eric cure?,syntax,island_effects,coordinate_structure_constraint_complex_left_branch,True,False,True,True,86,-90.18894958496094,-85.54232788085938,0
Which alumni should Beth listen to and the hospital hate?,Which should Beth listen to alumni and the hospital hate?,syntax,island_effects,coordinate_structure_constraint_complex_left_branch,True,False,True,True,87,-79.51170349121094,-76.49710083007812,0
Whose cafes has Carlos passed and these pedestrians left?,Whose has Carlos passed cafes and these pedestrians left?,syntax,island_effects,coordinate_structure_constraint_complex_left_branch,True,False,True,True,88,-89.67695617675781,-89.49673461914062,0
Which guests had Galileo forgotten and Kevin distracted?,Which had Galileo forgotten guests and Kevin distracted?,syntax,island_effects,coordinate_structure_constraint_complex_left_branch,True,False,True,True,89,-74.81327056884766,-73.5514907836914,0
What apples has Gerald revealed and Angela bought?,What has Gerald revealed apples and Angela bought?,syntax,island_effects,coordinate_structure_constraint_complex_left_branch,True,False,True,True,90,-72.68560791015625,-72.86808776855469,1
What apples should Nancy bring and Sara clean?,What should Nancy bring apples and Sara clean?,syntax,island_effects,coordinate_structure_constraint_complex_left_branch,True,False,True,True,91,-72.302490234375,-66.99337768554688,0
Which libraries was Emily driving to and some guy confusing?,Which was Emily driving to libraries and some guy confusing?,syntax,island_effects,coordinate_structure_constraint_complex_left_branch,True,False,True,True,92,-81.93223571777344,-77.0550308227539,0
Whose plays has an adult examined and George sounded like?,Whose has an adult examined plays and George sounded like?,syntax,island_effects,coordinate_structure_constraint_complex_left_branch,True,False,True,True,93,-87.8306884765625,-87.29853057861328,0
Whose paintings had most computers resembled and these photographs looked like?,Whose had most computers resembled paintings and these photographs looked like?,syntax,island_effects,coordinate_structure_constraint_complex_left_branch,True,False,True,True,94,-100.59085083007812,-98.60623168945312,0
Which movie theaters has Gregory exited and Joseph left?,Which has Gregory exited movie theaters and Joseph left?,syntax,island_effects,coordinate_structure_constraint_complex_left_branch,True,False,True,True,95,-79.49435424804688,-79.70205688476562,1
Whose skateboards can a guy lift and Natalie think about?,Whose can a guy lift skateboards and Natalie think about?,syntax,island_effects,coordinate_structure_constraint_complex_left_branch,True,False,True,True,96,-100.88613891601562,-97.10557556152344,0
What alumni has the student distracted and Diana appreciated?,What has the student distracted alumni and Diana appreciated?,syntax,island_effects,coordinate_structure_constraint_complex_left_branch,True,False,True,True,97,-79.43070983886719,-79.09233093261719,0
Whose ladders has the lady ascended and Lawrence revealed?,Whose has the lady ascended ladders and Lawrence revealed?,syntax,island_effects,coordinate_structure_constraint_complex_left_branch,True,False,True,True,98,-89.61754608154297,-86.96154022216797,0
Which reports might Katherine see and the legislature criticize?,Which might Katherine see reports and the legislature criticize?,syntax,island_effects,coordinate_structure_constraint_complex_left_branch,True,False,True,True,99,-82.63406372070312,-79.59119415283203,0
Which doctors would a guy discuss and Nicole disgust?,Which would a guy discuss doctors and Nicole disgust?,syntax,island_effects,coordinate_structure_constraint_complex_left_branch,True,False,True,True,100,-76.81944274902344,-74.00591278076172,0
What actors could Barbara attack and Melinda talk to?,What could Barbara attack actors and Melinda talk to?,syntax,island_effects,coordinate_structure_constraint_complex_left_branch,True,False,True,True,101,-83.23624420166016,-81.02084350585938,0
Which boxes is this sketch looking like and Regina taking?,Which is this sketch looking like boxes and Regina taking?,syntax,island_effects,coordinate_structure_constraint_complex_left_branch,True,False,True,True,102,-84.34672546386719,-80.16888427734375,0
Which customers was a pie scaring and the door impressing?,Which was a pie scaring customers and the door impressing?,syntax,island_effects,coordinate_structure_constraint_complex_left_branch,True,False,True,True,103,-85.58302307128906,-82.59691619873047,0
Which guys is that banana alarming and Teresa leaving?,Which is that banana alarming guys and Teresa leaving?,syntax,island_effects,coordinate_structure_constraint_complex_left_branch,True,False,True,True,104,-74.59602355957031,-75.27569580078125,1
Whose steps is Tamara descending and Guy selling?,Whose is Tamara descending steps and Guy selling?,syntax,island_effects,coordinate_structure_constraint_complex_left_branch,True,False,True,True,105,-92.17311096191406,-89.29483032226562,0
What people does every vase disturb and every hill scare?,What does every vase disturb people and every hill scare?,syntax,island_effects,coordinate_structure_constraint_complex_left_branch,True,False,True,True,106,-91.2657241821289,-89.13322448730469,0
What stories was Vincent praising and a girl appreciating?,What was Vincent praising stories and a girl appreciating?,syntax,island_effects,coordinate_structure_constraint_complex_left_branch,True,False,True,True,107,-85.19256591796875,-81.02371978759766,0
Which pedestrians was Connie questioning and Leslie distracting?,Which was Connie questioning pedestrians and Leslie distracting?,syntax,island_effects,coordinate_structure_constraint_complex_left_branch,True,False,True,True,108,-77.19963073730469,-77.99711608886719,1
Which governments were all public parks stunning and Christina aggravating?,Which were all public parks stunning governments and Christina aggravating?,syntax,island_effects,coordinate_structure_constraint_complex_left_branch,True,False,True,True,109,-99.73448181152344,-98.26543426513672,0
Whose gates is Steven discovering and some painting looking like?,Whose is Steven discovering gates and some painting looking like?,syntax,island_effects,coordinate_structure_constraint_complex_left_branch,True,False,True,True,110,-92.01560974121094,-89.36898040771484,0
Whose shoes did Amy wear and Margaret notice?,Whose did Amy wear shoes and Margaret notice?,syntax,island_effects,coordinate_structure_constraint_complex_left_branch,True,False,True,True,111,-77.26974487304688,-73.94837188720703,0
Which hills had Debra descended and James remembered?,Which had Debra descended hills and James remembered?,syntax,island_effects,coordinate_structure_constraint_complex_left_branch,True,False,True,True,112,-78.75846862792969,-79.18536376953125,1
Whose glaciers has Christopher passed and Anne skated around?,Whose has Christopher passed glaciers and Anne skated around?,syntax,island_effects,coordinate_structure_constraint_complex_left_branch,True,False,True,True,113,-96.74517059326172,-96.57089233398438,0
What waiters are all projectors upsetting and a cashier curing?,What are all projectors upsetting waiters and a cashier curing?,syntax,island_effects,coordinate_structure_constraint_complex_left_branch,True,False,True,True,114,-109.29097747802734,-109.28936767578125,0
Which banks had this driver gone to and Douglas skated around?,Which had this driver gone to banks and Douglas skated around?,syntax,island_effects,coordinate_structure_constraint_complex_left_branch,True,False,True,True,115,-95.66600036621094,-90.95890808105469,0
What couches could Dan lift and Margaret have?,What could Dan lift couches and Margaret have?,syntax,island_effects,coordinate_structure_constraint_complex_left_branch,True,False,True,True,116,-79.72431945800781,-76.69224548339844,0
Whose synopses might most dancers sound like and Scott discuss?,Whose might most dancers sound like synopses and Scott discuss?,syntax,island_effects,coordinate_structure_constraint_complex_left_branch,True,False,True,True,117,-116.20999145507812,-112.75021362304688,0
Which actors was Catherine listening to and those tomatoes alarming?,Which was Catherine listening to actors and those tomatoes alarming?,syntax,island_effects,coordinate_structure_constraint_complex_left_branch,True,False,True,True,118,-88.3609848022461,-81.95952606201172,0
Whose carts were the Impressionists hiding and Martin fixing?,Whose were the Impressionists hiding carts and Martin fixing?,syntax,island_effects,coordinate_structure_constraint_complex_left_branch,True,False,True,True,119,-108.80316925048828,-106.37435913085938,0
What companies was Dana noticing and Ella scaring?,What was Dana noticing companies and Ella scaring?,syntax,island_effects,coordinate_structure_constraint_complex_left_branch,True,False,True,True,120,-82.04483032226562,-79.74250030517578,0
Which ladies does Timothy argue about and Paul find?,Which does Timothy argue about ladies and Paul find?,syntax,island_effects,coordinate_structure_constraint_complex_left_branch,True,False,True,True,121,-78.86000061035156,-76.47628021240234,0
Which students should that rug distract and Tammy annoy?,Which should that rug distract students and Tammy annoy?,syntax,island_effects,coordinate_structure_constraint_complex_left_branch,True,False,True,True,122,-86.44781494140625,-84.57881927490234,0
What movies was Steven arguing about and Stacey thinking about?,What was Steven arguing about movies and Stacey thinking about?,syntax,island_effects,coordinate_structure_constraint_complex_left_branch,True,False,True,True,123,-89.06658935546875,-83.22418212890625,0
Which unicycles is Pamela breaking and Barbara concealing?,Which is Pamela breaking unicycles and Barbara concealing?,syntax,island_effects,coordinate_structure_constraint_complex_left_branch,True,False,True,True,124,-103.38372802734375,-100.73686218261719,0
What high schools was John exploring and Erin selling?,What was John exploring high schools and Erin selling?,syntax,island_effects,coordinate_structure_constraint_complex_left_branch,True,False,True,True,125,-77.46104431152344,-74.42044067382812,0
Whose muffins could the actress buy and Maria like?,Whose could the actress buy muffins and Maria like?,syntax,island_effects,coordinate_structure_constraint_complex_left_branch,True,False,True,True,126,-91.98194885253906,-89.3409423828125,0
Which girls can a company impress and that hair astound?,Which can a company impress girls and that hair astound?,syntax,island_effects,coordinate_structure_constraint_complex_left_branch,True,False,True,True,127,-84.74726104736328,-85.10858917236328,1
What schools would some teacher clean and Jessica upset?,What would some teacher clean schools and Jessica upset?,syntax,island_effects,coordinate_structure_constraint_complex_left_branch,True,False,True,True,128,-75.94393157958984,-71.99605560302734,0
Which oxen was Alicia noticing and Roger concealing?,Which was Alicia noticing oxen and Roger concealing?,syntax,island_effects,coordinate_structure_constraint_complex_left_branch,True,False,True,True,129,-89.16871643066406,-90.19111633300781,1
What people have a lot of sweaters scared and Charles observed?,What have a lot of sweaters scared people and Charles observed?,syntax,island_effects,coordinate_structure_constraint_complex_left_branch,True,False,True,True,130,-85.09970092773438,-84.2953109741211,0
Which cashiers are these pants impressing and Winston Churchill investigating?,Which are these pants impressing cashiers and Winston Churchill investigating?,syntax,island_effects,coordinate_structure_constraint_complex_left_branch,True,False,True,True,131,-110.80123138427734,-108.37474060058594,0
Which guys is Jacqueline concealing and Sarah watching?,Which is Jacqueline concealing guys and Sarah watching?,syntax,island_effects,coordinate_structure_constraint_complex_left_branch,True,False,True,True,132,-90.10110473632812,-92.61367797851562,1
Which grocery stores would Laurie tour and Mark describe?,Which would Laurie tour grocery stores and Mark describe?,syntax,island_effects,coordinate_structure_constraint_complex_left_branch,True,False,True,True,133,-86.01033020019531,-87.4346923828125,1
What convertibles had Kathleen broken and a lot of drivers bought?,What had Kathleen broken convertibles and a lot of drivers bought?,syntax,island_effects,coordinate_structure_constraint_complex_left_branch,True,False,True,True,134,-98.332763671875,-96.60574340820312,0
Which candles does Ella reveal and Theresa hide?,Which does Ella reveal candles and Theresa hide?,syntax,island_effects,coordinate_structure_constraint_complex_left_branch,True,False,True,True,135,-78.55226135253906,-78.07313537597656,0
Whose committees is Paula astounding and Wendy impressing?,Whose is Paula astounding committees and Wendy impressing?,syntax,island_effects,coordinate_structure_constraint_complex_left_branch,True,False,True,True,136,-95.90119934082031,-94.28802490234375,0
What actresses has Victoria watched and every cashier found?,What has Victoria watched actresses and every cashier found?,syntax,island_effects,coordinate_structure_constraint_complex_left_branch,True,False,True,True,137,-87.9842758178711,-87.50892639160156,0
Which senators do some waitresses disturb and Jennifer reveal?,Which do some waitresses disturb senators and Jennifer reveal?,syntax,island_effects,coordinate_structure_constraint_complex_left_branch,True,False,True,True,138,-97.33860778808594,-93.386962890625,0
What men were a lot of pedestrians referencing and Claire insulting?,What were a lot of pedestrians referencing men and Claire insulting?,syntax,island_effects,coordinate_structure_constraint_complex_left_branch,True,False,True,True,139,-85.77334594726562,-84.71273803710938,0
Whose reports has Craig appreciated and a library loved?,Whose has Craig appreciated reports and a library loved?,syntax,island_effects,coordinate_structure_constraint_complex_left_branch,True,False,True,True,140,-85.3637466430664,-83.60916137695312,0
What carts have the women broken and that person thought about?,What have the women broken carts and that person thought about?,syntax,island_effects,coordinate_structure_constraint_complex_left_branch,True,False,True,True,141,-75.65264129638672,-71.51422119140625,0
What actresses have those eyes annoyed and the steps annoyed?,What have those eyes annoyed actresses and the steps annoyed?,syntax,island_effects,coordinate_structure_constraint_complex_left_branch,True,False,True,True,142,-78.08171844482422,-75.49150085449219,0
What malls would Wayne criticize and Nancy talk about?,What would Wayne criticize malls and Nancy talk about?,syntax,island_effects,coordinate_structure_constraint_complex_left_branch,True,False,True,True,143,-79.59391784667969,-78.51485443115234,0
Which alumni have many customers sounded like and many stairs irritated?,Which have many customers sounded like alumni and many stairs irritated?,syntax,island_effects,coordinate_structure_constraint_complex_left_branch,True,False,True,True,144,-92.99298095703125,-90.96511840820312,0
Whose hills had Andrew passed and Carlos thought about?,Whose had Andrew passed hills and Carlos thought about?,syntax,island_effects,coordinate_structure_constraint_complex_left_branch,True,False,True,True,145,-84.0609359741211,-82.70037841796875,0
What octopi has Kayla bought and this painting looked like?,What has Kayla bought octopi and this painting looked like?,syntax,island_effects,coordinate_structure_constraint_complex_left_branch,True,False,True,True,146,-105.04930114746094,-102.27137756347656,0
Which stairs was Amelia ascending and this print looking like?,Which was Amelia ascending stairs and this print looking like?,syntax,island_effects,coordinate_structure_constraint_complex_left_branch,True,False,True,True,147,-83.75062561035156,-82.2428970336914,0
Whose plates was Russell breaking and Joel fixing?,Whose was Russell breaking plates and Joel fixing?,syntax,island_effects,coordinate_structure_constraint_complex_left_branch,True,False,True,True,148,-82.66279602050781,-79.28562927246094,0
What children had Grace cared for and those couches astounded?,What had Grace cared for children and those couches astounded?,syntax,island_effects,coordinate_structure_constraint_complex_left_branch,True,False,True,True,149,-99.89144897460938,-94.77855682373047,0
Which committees had Thomas questioned and Douglas worried?,Which had Thomas questioned committees and Douglas worried?,syntax,island_effects,coordinate_structure_constraint_complex_left_branch,True,False,True,True,150,-72.77143859863281,-71.8876953125,0
Which senators was Sally helping and those carts annoying?,Which was Sally helping senators and those carts annoying?,syntax,island_effects,coordinate_structure_constraint_complex_left_branch,True,False,True,True,151,-84.19458770751953,-80.70028686523438,0
Which ladders has Dawn descended and Lori brought?,Which has Dawn descended ladders and Lori brought?,syntax,island_effects,coordinate_structure_constraint_complex_left_branch,True,False,True,True,152,-80.37164306640625,-80.84174346923828,1
Whose malls had Monica toured and Teresa fled from?,Whose had Monica toured malls and Teresa fled from?,syntax,island_effects,coordinate_structure_constraint_complex_left_branch,True,False,True,True,153,-94.29566955566406,-92.38577270507812,0
Which teeth have these photographs looked like and Tracy fixed?,Which have these photographs looked like teeth and Tracy fixed?,syntax,island_effects,coordinate_structure_constraint_complex_left_branch,True,False,True,True,154,-78.14227294921875,-76.29942321777344,0
Which analyses will adults dislike and Marla complain about?,Which will adults dislike analyses and Marla complain about?,syntax,island_effects,coordinate_structure_constraint_complex_left_branch,True,False,True,True,155,-92.27241516113281,-92.90141296386719,1
Whose oases was Lucille skated around and some children discussing?,Whose was Lucille skated around oases and some children discussing?,syntax,island_effects,coordinate_structure_constraint_complex_left_branch,True,False,True,True,156,-108.44952392578125,-108.64663696289062,1
Which rabbits had Florence seen and Erin revealed?,Which had Florence seen rabbits and Erin revealed?,syntax,island_effects,coordinate_structure_constraint_complex_left_branch,True,False,True,True,157,-71.89791107177734,-68.08984375,0
What schools was Holly boycotting and Derek touring?,What was Holly boycotting schools and Derek touring?,syntax,island_effects,coordinate_structure_constraint_complex_left_branch,True,False,True,True,158,-86.038818359375,-82.92731475830078,0
Whose banks has Deborah arrived at and Katherine astounded?,Whose has Deborah arrived at banks and Katherine astounded?,syntax,island_effects,coordinate_structure_constraint_complex_left_branch,True,False,True,True,159,-99.67932891845703,-93.05474853515625,0
Whose steps does Melissa descend and Carrie hide?,Whose does Melissa descend steps and Carrie hide?,syntax,island_effects,coordinate_structure_constraint_complex_left_branch,True,False,True,True,160,-84.3565673828125,-81.60597229003906,0
Which oases had most children arrived at and Spain taken?,Which had most children arrived at oases and Spain taken?,syntax,island_effects,coordinate_structure_constraint_complex_left_branch,True,False,True,True,161,-83.68994903564453,-81.25914001464844,0
What drivers has Bruce watched and Stacey boasted about?,What has Bruce watched drivers and Stacey boasted about?,syntax,island_effects,coordinate_structure_constraint_complex_left_branch,True,False,True,True,162,-90.94497680664062,-89.46810150146484,0
What offspring has Brenda listened to and Lisa hurt?,What has Brenda listened to offspring and Lisa hurt?,syntax,island_effects,coordinate_structure_constraint_complex_left_branch,True,False,True,True,163,-77.38349151611328,-72.80277252197266,0
Whose libraries was Vanessa distracting and this actress exiting?,Whose was Vanessa distracting libraries and this actress exiting?,syntax,island_effects,coordinate_structure_constraint_complex_left_branch,True,False,True,True,164,-96.62960815429688,-94.16990661621094,0
Which geese will that child admire and Tammy buy?,Which will that child admire geese and Tammy buy?,syntax,island_effects,coordinate_structure_constraint_complex_left_branch,True,False,True,True,165,-84.7742919921875,-83.6168212890625,0
Whose drawings does Diane buy and some pedestrians notice?,Whose does Diane buy drawings and some pedestrians notice?,syntax,island_effects,coordinate_structure_constraint_complex_left_branch,True,False,True,True,166,-94.43612670898438,-90.42581939697266,0
Which stories does Lawrence reference and that actress research?,Which does Lawrence reference stories and that actress research?,syntax,island_effects,coordinate_structure_constraint_complex_left_branch,True,False,True,True,167,-82.06930541992188,-81.68301391601562,0
Whose restaurants had Eric biked to and the customers brought?,Whose had Eric biked to restaurants and the customers brought?,syntax,island_effects,coordinate_structure_constraint_complex_left_branch,True,False,True,True,168,-98.09535217285156,-92.98129272460938,0
Which bicycles could Galileo break and Barbara hide?,Which could Galileo break bicycles and Barbara hide?,syntax,island_effects,coordinate_structure_constraint_complex_left_branch,True,False,True,True,169,-74.53050231933594,-75.08177185058594,1
Which cashiers has Tina hurt and Rachel irritated?,Which has Tina hurt cashiers and Rachel irritated?,syntax,island_effects,coordinate_structure_constraint_complex_left_branch,True,False,True,True,170,-83.83596801757812,-82.93156433105469,0
What means should Amy research and Caroline research?,What should Amy research means and Caroline research?,syntax,island_effects,coordinate_structure_constraint_complex_left_branch,True,False,True,True,171,-68.7457504272461,-69.44139862060547,1
What high schools had William seen and that pedestrian bought?,What had William seen high schools and that pedestrian bought?,syntax,island_effects,coordinate_structure_constraint_complex_left_branch,True,False,True,True,172,-86.83473205566406,-80.73060607910156,0
What hats was Catherine hiding and Frank thinking about?,What was Catherine hiding hats and Frank thinking about?,syntax,island_effects,coordinate_structure_constraint_complex_left_branch,True,False,True,True,173,-69.53727722167969,-66.25841522216797,0
Which art galleries is some man fleeing from and James boycotting?,Which is some man fleeing from art galleries and James boycotting?,syntax,island_effects,coordinate_structure_constraint_complex_left_branch,True,False,True,True,174,-104.80731201171875,-100.11700439453125,0
Which ladies has Rose sounded like and a lot of actors revealed?,Which has Rose sounded like ladies and a lot of actors revealed?,syntax,island_effects,coordinate_structure_constraint_complex_left_branch,True,False,True,True,175,-82.56192016601562,-81.9991683959961,0
Whose plays did Monet praise and that guest hate?,Whose did Monet praise plays and that guest hate?,syntax,island_effects,coordinate_structure_constraint_complex_left_branch,True,False,True,True,176,-94.34136962890625,-94.04322814941406,0
Which girls had William sounded like and Rhonda hired?,Which had William sounded like girls and Rhonda hired?,syntax,island_effects,coordinate_structure_constraint_complex_left_branch,True,False,True,True,177,-87.0015640258789,-84.514892578125,0
Which women was Debra upsetting and Steven referencing?,Which was Debra upsetting women and Steven referencing?,syntax,island_effects,coordinate_structure_constraint_complex_left_branch,True,False,True,True,178,-82.35032653808594,-79.90107727050781,0
Which hills had Timothy disliked and Allison revealed?,Which had Timothy disliked hills and Allison revealed?,syntax,island_effects,coordinate_structure_constraint_complex_left_branch,True,False,True,True,179,-73.04505920410156,-71.92936706542969,0
What hospitals can Curtis bother and Daniel arrive at?,What can Curtis bother hospitals and Daniel arrive at?,syntax,island_effects,coordinate_structure_constraint_complex_left_branch,True,False,True,True,180,-82.228759765625,-77.81170654296875,0
What customers has Mark hired and waitresses hurt?,What has Mark hired customers and waitresses hurt?,syntax,island_effects,coordinate_structure_constraint_complex_left_branch,True,False,True,True,181,-80.64790344238281,-77.10733032226562,0
Which ladies was Walter worrying and the patient referencing?,Which was Walter worrying ladies and the patient referencing?,syntax,island_effects,coordinate_structure_constraint_complex_left_branch,True,False,True,True,182,-72.99635314941406,-73.21044158935547,1
What teeth is Benjamin messing up and some teacher discovering?,What is Benjamin messing up teeth and some teacher discovering?,syntax,island_effects,coordinate_structure_constraint_complex_left_branch,True,False,True,True,183,-82.1024169921875,-81.80239868164062,0
Which skirts has Dan worn and Cindy thought about?,Which has Dan worn skirts and Cindy thought about?,syntax,island_effects,coordinate_structure_constraint_complex_left_branch,True,False,True,True,184,-77.29154968261719,-76.31184387207031,0
Which art galleries is Kristen researching and Todd messing up?,Which is Kristen researching art galleries and Todd messing up?,syntax,island_effects,coordinate_structure_constraint_complex_left_branch,True,False,True,True,185,-91.39923095703125,-92.53130340576172,1
Whose sheep was a patient curing and a pedestrian finding?,Whose was a patient curing sheep and a pedestrian finding?,syntax,island_effects,coordinate_structure_constraint_complex_left_branch,True,False,True,True,186,-88.32930755615234,-87.07003021240234,0
What hamsters might Christopher cure and Meredith discover?,What might Christopher cure hamsters and Meredith discover?,syntax,island_effects,coordinate_structure_constraint_complex_left_branch,True,False,True,True,187,-87.50808715820312,-87.4451904296875,0
Whose horses is Benjamin finding and Jacqueline selling?,Whose is Benjamin finding horses and Jacqueline selling?,syntax,island_effects,coordinate_structure_constraint_complex_left_branch,True,False,True,True,188,-94.43867492675781,-87.52320861816406,0
Which students had Irene investigated and some drawings looked like?,Which had Irene investigated students and some drawings looked like?,syntax,island_effects,coordinate_structure_constraint_complex_left_branch,True,False,True,True,189,-87.95612335205078,-87.33128356933594,0
Whose public parks has Patricia exited and George remembered?,Whose has Patricia exited public parks and George remembered?,syntax,island_effects,coordinate_structure_constraint_complex_left_branch,True,False,True,True,190,-92.38241577148438,-89.23489379882812,0
What senators will some newspaper article sound like and Grace praise?,What will some newspaper article sound like senators and Grace praise?,syntax,island_effects,coordinate_structure_constraint_complex_left_branch,True,False,True,True,191,-98.5240707397461,-92.63721466064453,0
What hats might Monica bring and Sonia admire?,What might Monica bring hats and Sonia admire?,syntax,island_effects,coordinate_structure_constraint_complex_left_branch,True,False,True,True,192,-78.67860412597656,-75.0809326171875,0
Which boys is a senator listening to and every student thinking about?,Which is a senator listening to boys and every student thinking about?,syntax,island_effects,coordinate_structure_constraint_complex_left_branch,True,False,True,True,193,-82.58806610107422,-78.03683471679688,0
Which committees will Tara disgust and the mirror disgust?,Which will Tara disgust committees and the mirror disgust?,syntax,island_effects,coordinate_structure_constraint_complex_left_branch,True,False,True,True,194,-77.31348419189453,-79.14164733886719,1
Whose legislatures has Jacqueline embarrassed and many hamsters stunned?,Whose has Jacqueline embarrassed legislatures and many hamsters stunned?,syntax,island_effects,coordinate_structure_constraint_complex_left_branch,True,False,True,True,195,-115.30488586425781,-114.46354675292969,0
Which essays might Thomas sound like and Stacy think about?,Which might Thomas sound like essays and Stacy think about?,syntax,island_effects,coordinate_structure_constraint_complex_left_branch,True,False,True,True,196,-81.52949523925781,-79.56240844726562,0
What cashiers should every driver listen to and Theresa praise?,What should every driver listen to cashiers and Theresa praise?,syntax,island_effects,coordinate_structure_constraint_complex_left_branch,True,False,True,True,197,-95.25611114501953,-87.1072998046875,0
Which glaciers was Tina researching and this guest concealing?,Which was Tina researching glaciers and this guest concealing?,syntax,island_effects,coordinate_structure_constraint_complex_left_branch,True,False,True,True,198,-92.45320129394531,-92.63033294677734,1
Which doctors has this senator known and Karen appreciated?,Which has this senator known doctors and Karen appreciated?,syntax,island_effects,coordinate_structure_constraint_complex_left_branch,True,False,True,True,199,-76.86470031738281,-75.32942962646484,0
Which customers had Steven kissed and that actress healed?,Which had Steven kissed customers and that actress healed?,syntax,island_effects,coordinate_structure_constraint_complex_left_branch,True,False,True,True,200,-83.43016815185547,-78.8265380859375,0
What hats does Craig sell and Valerie reveal?,What does Craig sell hats and Valerie reveal?,syntax,island_effects,coordinate_structure_constraint_complex_left_branch,True,False,True,True,201,-81.00255584716797,-76.67179107666016,0
What lakes can Kevin have and the Lutherans exit?,What can Kevin have lakes and the Lutherans exit?,syntax,island_effects,coordinate_structure_constraint_complex_left_branch,True,False,True,True,202,-89.77923583984375,-83.49505615234375,0
What hills was a teacher insulting and Carol buying?,What was a teacher insulting hills and Carol buying?,syntax,island_effects,coordinate_structure_constraint_complex_left_branch,True,False,True,True,203,-76.3792724609375,-74.10746765136719,0
Which ladies has Meredith listened to and Rachel concealed?,Which has Meredith listened to ladies and Rachel concealed?,syntax,island_effects,coordinate_structure_constraint_complex_left_branch,True,False,True,True,204,-77.64797973632812,-76.02627563476562,0
Which slopes is Laura hiding and Lissa looking like?,Which is Laura hiding slopes and Lissa looking like?,syntax,island_effects,coordinate_structure_constraint_complex_left_branch,True,False,True,True,205,-81.91458129882812,-79.63592529296875,0
Which stimuli has Brian boasted about and Derek seen?,Which has Brian boasted about stimuli and Derek seen?,syntax,island_effects,coordinate_structure_constraint_complex_left_branch,True,False,True,True,206,-83.21401977539062,-80.93830871582031,0
What pictures would Sharon resemble and Dana notice?,What would Sharon resemble pictures and Dana notice?,syntax,island_effects,coordinate_structure_constraint_complex_left_branch,True,False,True,True,207,-73.69048309326172,-73.05321502685547,0
What teeth was Jeffrey revealing and Gregory bringing?,What was Jeffrey revealing teeth and Gregory bringing?,syntax,island_effects,coordinate_structure_constraint_complex_left_branch,True,False,True,True,208,-76.21900177001953,-72.03114318847656,0
What women had many doctors irritated and Ellen appreciated?,What had many doctors irritated women and Ellen appreciated?,syntax,island_effects,coordinate_structure_constraint_complex_left_branch,True,False,True,True,209,-78.25875091552734,-77.34198760986328,0
Which children were most organizations boring and these senators disagreeing with?,Which were most organizations boring children and these senators disagreeing with?,syntax,island_effects,coordinate_structure_constraint_complex_left_branch,True,False,True,True,210,-93.47792053222656,-94.88878631591797,1
Which women was Roger helping and the tomato stunning?,Which was Roger helping women and the tomato stunning?,syntax,island_effects,coordinate_structure_constraint_complex_left_branch,True,False,True,True,211,-76.052490234375,-72.98858642578125,0
What adults does Candice respect and Douglas notice?,What does Candice respect adults and Douglas notice?,syntax,island_effects,coordinate_structure_constraint_complex_left_branch,True,False,True,True,212,-81.81681060791016,-80.27586364746094,0
Which patients were many documentaries disagreeing with and Donald escaping from?,Which were many documentaries disagreeing with patients and Donald escaping from?,syntax,island_effects,coordinate_structure_constraint_complex_left_branch,True,False,True,True,213,-98.05319213867188,-93.54304504394531,0
Which reports did Andrew forget and most boys conceal?,Which did Andrew forget reports and most boys conceal?,syntax,island_effects,coordinate_structure_constraint_complex_left_branch,True,False,True,True,214,-80.57221984863281,-79.56983947753906,0
Which boys was Vanessa attacking and Monica finding?,Which was Vanessa attacking boys and Monica finding?,syntax,island_effects,coordinate_structure_constraint_complex_left_branch,True,False,True,True,215,-73.99083709716797,-70.949951171875,0
Which carriages did Christine break and Matt buy?,Which did Christine break carriages and Matt buy?,syntax,island_effects,coordinate_structure_constraint_complex_left_branch,True,False,True,True,216,-77.94074249267578,-77.81254577636719,0
Which analyses will Marcus scan and Stacey discover?,Which will Marcus scan analyses and Stacey discover?,syntax,island_effects,coordinate_structure_constraint_complex_left_branch,True,False,True,True,217,-88.82594299316406,-89.64820861816406,1
Whose trucks had Adam sold and Theresa concealed?,Whose had Adam sold trucks and Theresa concealed?,syntax,island_effects,coordinate_structure_constraint_complex_left_branch,True,False,True,True,218,-83.20558166503906,-80.71121215820312,0
Which hospitals should Martin exit and Ellen research?,Which should Martin exit hospitals and Ellen research?,syntax,island_effects,coordinate_structure_constraint_complex_left_branch,True,False,True,True,219,-76.86610412597656,-76.24899291992188,0
Which photographs should Danielle look like and George find?,Which should Danielle look like photographs and George find?,syntax,island_effects,coordinate_structure_constraint_complex_left_branch,True,False,True,True,220,-77.22634887695312,-73.97992706298828,0
Whose lakes was Eva walking through and these dancers exploring?,Whose was Eva walking through lakes and these dancers exploring?,syntax,island_effects,coordinate_structure_constraint_complex_left_branch,True,False,True,True,221,-97.77630615234375,-93.70074462890625,0
What unicycles was Kristin breaking and that waitress cleaning?,What was Kristin breaking unicycles and that waitress cleaning?,syntax,island_effects,coordinate_structure_constraint_complex_left_branch,True,False,True,True,222,-108.73568725585938,-103.86524963378906,0
What senators has Pamela loved and these dancers observed?,What has Pamela loved senators and these dancers observed?,syntax,island_effects,coordinate_structure_constraint_complex_left_branch,True,False,True,True,223,-83.770263671875,-83.59797668457031,0
Which children could a play disagree with and a girl cure?,Which could a play disagree with children and a girl cure?,syntax,island_effects,coordinate_structure_constraint_complex_left_branch,True,False,True,True,224,-77.2257308959961,-73.67243957519531,0
What waitresses would Beverly hug and Dan notice?,What would Beverly hug waitresses and Dan notice?,syntax,island_effects,coordinate_structure_constraint_complex_left_branch,True,False,True,True,225,-81.42204284667969,-81.30218505859375,0
Whose stairs was the actress bringing and that student looking like?,Whose was the actress bringing stairs and that student looking like?,syntax,island_effects,coordinate_structure_constraint_complex_left_branch,True,False,True,True,226,-93.96662902832031,-88.39659118652344,0
Which malls might Randolf clean and this museum discuss?,Which might Randolf clean malls and this museum discuss?,syntax,island_effects,coordinate_structure_constraint_complex_left_branch,True,False,True,True,227,-96.92495727539062,-96.48941040039062,0
Which waitresses was Karen praising and Anne boring?,Which was Karen praising waitresses and Anne boring?,syntax,island_effects,coordinate_structure_constraint_complex_left_branch,True,False,True,True,228,-83.11769104003906,-81.2149658203125,0
Whose hamsters had Carol healed and many cashiers concealed?,Whose had Carol healed hamsters and many cashiers concealed?,syntax,island_effects,coordinate_structure_constraint_complex_left_branch,True,False,True,True,229,-108.24227905273438,-108.59666442871094,1
Which cars is every teenager thinking about and Becky bringing?,Which is every teenager thinking about cars and Becky bringing?,syntax,island_effects,coordinate_structure_constraint_complex_left_branch,True,False,True,True,230,-78.80535888671875,-77.06543731689453,0
Which children had the bicycle disgusted and Charles hated?,Which had the bicycle disgusted children and Charles hated?,syntax,island_effects,coordinate_structure_constraint_complex_left_branch,True,False,True,True,231,-71.12854766845703,-71.67205810546875,1
What paintings is Ella buying and Beth revealing?,What is Ella buying paintings and Beth revealing?,syntax,island_effects,coordinate_structure_constraint_complex_left_branch,True,False,True,True,232,-81.08139038085938,-77.45227813720703,0
What pedestrians should a lot of people discuss and Jesus watch?,What should a lot of people discuss pedestrians and Jesus watch?,syntax,island_effects,coordinate_structure_constraint_complex_left_branch,True,False,True,True,233,-79.50950622558594,-77.23818969726562,0
Which women has Adam investigated and Elaine scared?,Which has Adam investigated women and Elaine scared?,syntax,island_effects,coordinate_structure_constraint_complex_left_branch,True,False,True,True,234,-69.674072265625,-69.91353607177734,1
What prints can Travis see and Sandra buy?,What can Travis see prints and Sandra buy?,syntax,island_effects,coordinate_structure_constraint_complex_left_branch,True,False,True,True,235,-73.68775939941406,-71.047607421875,0
Which waiters were rabbits astounding and all bicycles aggravating?,Which were rabbits astounding waiters and all bicycles aggravating?,syntax,island_effects,coordinate_structure_constraint_complex_left_branch,True,False,True,True,236,-100.80545043945312,-99.02640533447266,0
Which ladies had Joel astounded and some dogs stunned?,Which had Joel astounded ladies and some dogs stunned?,syntax,island_effects,coordinate_structure_constraint_complex_left_branch,True,False,True,True,237,-83.95848083496094,-86.4028091430664,1
Which convertibles will Alexander break and Timothy buy?,Which will Alexander break convertibles and Timothy buy?,syntax,island_effects,coordinate_structure_constraint_complex_left_branch,True,False,True,True,238,-86.89871215820312,-87.69602966308594,1
What waitresses has Denise boasted about and Tara visited?,What has Denise boasted about waitresses and Tara visited?,syntax,island_effects,coordinate_structure_constraint_complex_left_branch,True,False,True,True,239,-96.10271453857422,-94.4455337524414,0
What boys are some hospitals firing and Homer discussing?,What are some hospitals firing boys and Homer discussing?,syntax,island_effects,coordinate_structure_constraint_complex_left_branch,True,False,True,True,240,-78.73147583007812,-76.60157012939453,0
What women was Regina discussing and some spinach distracting?,What was Regina discussing women and some spinach distracting?,syntax,island_effects,coordinate_structure_constraint_complex_left_branch,True,False,True,True,241,-84.7076187133789,-80.4617919921875,0
What banks do all cakes confuse and Jill arrive at?,What do all cakes confuse banks and Jill arrive at?,syntax,island_effects,coordinate_structure_constraint_complex_left_branch,True,False,True,True,242,-88.5355224609375,-84.74653625488281,0
Which waiters have those snakes irritated and a lot of customers revealed?,Which have those snakes irritated waiters and a lot of customers revealed?,syntax,island_effects,coordinate_structure_constraint_complex_left_branch,True,False,True,True,243,-97.38748168945312,-93.99658203125,0
Which doctors has Randolf investigated and Rose fired?,Which has Randolf investigated doctors and Rose fired?,syntax,island_effects,coordinate_structure_constraint_complex_left_branch,True,False,True,True,244,-81.90432739257812,-82.88059997558594,1
What windows does this university buy and Susan buy?,What does this university buy windows and Susan buy?,syntax,island_effects,coordinate_structure_constraint_complex_left_branch,True,False,True,True,245,-74.51731872558594,-71.86681365966797,0
Which museums have all people driven to and Monica criticized?,Which have all people driven to museums and Monica criticized?,syntax,island_effects,coordinate_structure_constraint_complex_left_branch,True,False,True,True,246,-84.67214965820312,-78.09793853759766,0
What drivers are the boys disagreeing with and every woman confusing?,What are the boys disagreeing with drivers and every woman confusing?,syntax,island_effects,coordinate_structure_constraint_complex_left_branch,True,False,True,True,247,-86.7867660522461,-82.26876831054688,0
Which dancers was Amanda discovering and the water distracting?,Which was Amanda discovering dancers and the water distracting?,syntax,island_effects,coordinate_structure_constraint_complex_left_branch,True,False,True,True,248,-72.78981018066406,-71.39138793945312,0
Which children has the teenager disliked and Sally bothered?,Which has the teenager disliked children and Sally bothered?,syntax,island_effects,coordinate_structure_constraint_complex_left_branch,True,False,True,True,249,-75.2611083984375,-74.64224243164062,0
Which cucumbers was Vincent concealing and Claire noticing?,Which was Vincent concealing cucumbers and Claire noticing?,syntax,island_effects,coordinate_structure_constraint_complex_left_branch,True,False,True,True,250,-96.92681884765625,-96.62416076660156,0
Whose octopi had Wayne discovered and Mitchell bought?,Whose had Wayne discovered octopi and Mitchell bought?,syntax,island_effects,coordinate_structure_constraint_complex_left_branch,True,False,True,True,251,-96.79434204101562,-94.89895629882812,0
Which people does Chad hug and Sherry appreciate?,Which does Chad hug people and Sherry appreciate?,syntax,island_effects,coordinate_structure_constraint_complex_left_branch,True,False,True,True,252,-76.8817138671875,-79.54800415039062,1
Which paintings was Claire finding and Winston Churchill bringing?,Which was Claire finding paintings and Winston Churchill bringing?,syntax,island_effects,coordinate_structure_constraint_complex_left_branch,True,False,True,True,253,-89.92912292480469,-85.53224182128906,0
Whose reports does Tamara praise and a guest conceal?,Whose does Tamara praise reports and a guest conceal?,syntax,island_effects,coordinate_structure_constraint_complex_left_branch,True,False,True,True,254,-95.69575500488281,-92.15776062011719,0
What glasses was some teenager buying and Natalie revealing?,What was some teenager buying glasses and Natalie revealing?,syntax,island_effects,coordinate_structure_constraint_complex_left_branch,True,False,True,True,255,-83.08783721923828,-77.70817565917969,0
Whose teeth has Barbara noticed and some guys discovered?,Whose has Barbara noticed teeth and some guys discovered?,syntax,island_effects,coordinate_structure_constraint_complex_left_branch,True,False,True,True,256,-83.75753784179688,-79.85352325439453,0
Which women was Kristin aggravating and Janet embarrassing?,Which was Kristin aggravating women and Janet embarrassing?,syntax,island_effects,coordinate_structure_constraint_complex_left_branch,True,False,True,True,257,-85.58316040039062,-86.15676879882812,1
What spotlights might Beverly sell and Holly clean?,What might Beverly sell spotlights and Holly clean?,syntax,island_effects,coordinate_structure_constraint_complex_left_branch,True,False,True,True,258,-90.75552368164062,-89.35725402832031,0
Whose books did Noah hate and Tina think about?,Whose did Noah hate books and Tina think about?,syntax,island_effects,coordinate_structure_constraint_complex_left_branch,True,False,True,True,259,-85.02011108398438,-81.23483276367188,0
Which restaurants is that lady finding and Becky exiting?,Which is that lady finding restaurants and Becky exiting?,syntax,island_effects,coordinate_structure_constraint_complex_left_branch,True,False,True,True,260,-81.10151672363281,-74.26190185546875,0
What students could Bradley hurt and the companies hire?,What could Bradley hurt students and the companies hire?,syntax,island_effects,coordinate_structure_constraint_complex_left_branch,True,False,True,True,261,-79.63505554199219,-77.5521240234375,0
Which alumni is Beth questioning and Florence helping?,Which is Beth questioning alumni and Florence helping?,syntax,island_effects,coordinate_structure_constraint_complex_left_branch,True,False,True,True,262,-74.5571060180664,-74.90711212158203,1
What dishes is Stacey selling and Curtis messing up?,What is Stacey selling dishes and Curtis messing up?,syntax,island_effects,coordinate_structure_constraint_complex_left_branch,True,False,True,True,263,-87.44989013671875,-82.86430358886719,0
Whose documentaries were a lot of teachers examining and Travis talking about?,Whose were a lot of teachers examining documentaries and Travis talking about?,syntax,island_effects,coordinate_structure_constraint_complex_left_branch,True,False,True,True,264,-97.46095275878906,-94.9201431274414,0
Which teachers has Anne boasted about and Anne hugged?,Which has Anne boasted about teachers and Anne hugged?,syntax,island_effects,coordinate_structure_constraint_complex_left_branch,True,False,True,True,265,-81.10972595214844,-79.93851470947266,0
Whose lights were the Impressionists cleaning and Travis bringing?,Whose were the Impressionists cleaning lights and Travis bringing?,syntax,island_effects,coordinate_structure_constraint_complex_left_branch,True,False,True,True,266,-107.68643188476562,-106.5116958618164,0
Which children had these drawings looked like and Curtis hidden?,Which had these drawings looked like children and Curtis hidden?,syntax,island_effects,coordinate_structure_constraint_complex_left_branch,True,False,True,True,267,-83.71843719482422,-80.48593139648438,0
What alumni was Bradley shocking and Becca watching?,What was Bradley shocking alumni and Becca watching?,syntax,island_effects,coordinate_structure_constraint_complex_left_branch,True,False,True,True,268,-87.51252746582031,-84.92237854003906,0
What slopes might Heather ascend and Brad hide?,What might Heather ascend slopes and Brad hide?,syntax,island_effects,coordinate_structure_constraint_complex_left_branch,True,False,True,True,269,-79.5511703491211,-79.6048355102539,1
Which schools had Andrew visited and icicles irritated?,Which had Andrew visited schools and icicles irritated?,syntax,island_effects,coordinate_structure_constraint_complex_left_branch,True,False,True,True,270,-87.87255859375,-86.32347106933594,0
Which people has Samuel shocked and Jesus returned to?,Which has Samuel shocked people and Jesus returned to?,syntax,island_effects,coordinate_structure_constraint_complex_left_branch,True,False,True,True,271,-65.54109191894531,-66.56327056884766,1
Whose college campuses is Peter skated around and Tiffany visiting?,Whose is Peter skated around college campuses and Tiffany visiting?,syntax,island_effects,coordinate_structure_constraint_complex_left_branch,True,False,True,True,272,-108.06443786621094,-104.81318664550781,0
What dishes did Galileo mess up and Katherine break?,What did Galileo mess up dishes and Katherine break?,syntax,island_effects,coordinate_structure_constraint_complex_left_branch,True,False,True,True,273,-77.24343872070312,-74.66371154785156,0
Which children is Martha kissing and this mountain disgusting?,Which is Martha kissing children and this mountain disgusting?,syntax,island_effects,coordinate_structure_constraint_complex_left_branch,True,False,True,True,274,-71.52165985107422,-70.70153045654297,0
What ladies had that legislature talked to and Phillip known?,What had that legislature talked to ladies and Phillip known?,syntax,island_effects,coordinate_structure_constraint_complex_left_branch,True,False,True,True,275,-82.93739318847656,-79.29383850097656,0
What hospitals can Amelia research and many actors take?,What can Amelia research hospitals and many actors take?,syntax,island_effects,coordinate_structure_constraint_complex_left_branch,True,False,True,True,276,-77.5070571899414,-75.63577270507812,0
Which planes will Alicia have and Kirsten reveal?,Which will Alicia have planes and Kirsten reveal?,syntax,island_effects,coordinate_structure_constraint_complex_left_branch,True,False,True,True,277,-82.1451416015625,-78.89259338378906,0
What adults does Mitchell escape from and Julia appreciate?,What does Mitchell escape from adults and Julia appreciate?,syntax,island_effects,coordinate_structure_constraint_complex_left_branch,True,False,True,True,278,-81.89231872558594,-76.3390121459961,0
What men might the Clintons disagree with and Veronica insult?,What might the Clintons disagree with men and Veronica insult?,syntax,island_effects,coordinate_structure_constraint_complex_left_branch,True,False,True,True,279,-87.786376953125,-82.70413208007812,0
Which steps has Steven ascended and some doctor descended?,Which has Steven ascended steps and some doctor descended?,syntax,island_effects,coordinate_structure_constraint_complex_left_branch,True,False,True,True,280,-77.72357940673828,-76.70051574707031,0
What teachers have some children known and Jesus loved?,What have some children known teachers and Jesus loved?,syntax,island_effects,coordinate_structure_constraint_complex_left_branch,True,False,True,True,281,-66.95565795898438,-63.90734100341797,0
Which horses was Karen taking and the customer curing?,Which was Karen taking horses and the customer curing?,syntax,island_effects,coordinate_structure_constraint_complex_left_branch,True,False,True,True,282,-77.71085357666016,-70.67436218261719,0
What adults could Scott insult and Douglas reference?,What could Scott insult adults and Douglas reference?,syntax,island_effects,coordinate_structure_constraint_complex_left_branch,True,False,True,True,283,-78.24250030517578,-76.12516021728516,0
What children have the Impressionists disagreed with and Peter worked with?,What have the Impressionists disagreed with children and Peter worked with?,syntax,island_effects,coordinate_structure_constraint_complex_left_branch,True,False,True,True,284,-104.10623168945312,-99.56527709960938,0
Which cars does Deborah take and Janice think about?,Which does Deborah take cars and Janice think about?,syntax,island_effects,coordinate_structure_constraint_complex_left_branch,True,False,True,True,285,-79.74481964111328,-78.25230407714844,0
Which pedestrians is Bradley working with and Peter irritating?,Which is Bradley working with pedestrians and Peter irritating?,syntax,island_effects,coordinate_structure_constraint_complex_left_branch,True,False,True,True,286,-79.19966888427734,-76.50138092041016,0
Which theses has that commentary disagreed with and Thomas researched?,Which has that commentary disagreed with theses and Thomas researched?,syntax,island_effects,coordinate_structure_constraint_complex_left_branch,True,False,True,True,287,-95.90257263183594,-88.52925109863281,0
Whose commentaries has Harvard University described and Amy sounded like?,Whose has Harvard University described commentaries and Amy sounded like?,syntax,island_effects,coordinate_structure_constraint_complex_left_branch,True,False,True,True,288,-102.78414154052734,-102.33307647705078,0
What children will Cindy hurt and Jacqueline criticize?,What will Cindy hurt children and Jacqueline criticize?,syntax,island_effects,coordinate_structure_constraint_complex_left_branch,True,False,True,True,289,-82.97357177734375,-82.5492172241211,0
Which schools has Mary questioned and Derek discussed?,Which has Mary questioned schools and Derek discussed?,syntax,island_effects,coordinate_structure_constraint_complex_left_branch,True,False,True,True,290,-69.88322448730469,-69.7704849243164,0
What fish could many actors clean and Judy clean?,What could many actors clean fish and Judy clean?,syntax,island_effects,coordinate_structure_constraint_complex_left_branch,True,False,True,True,291,-76.62504577636719,-74.07193756103516,0
Whose art galleries has Janice toured and a lot of waitresses appreciated?,Whose has Janice toured art galleries and a lot of waitresses appreciated?,syntax,island_effects,coordinate_structure_constraint_complex_left_branch,True,False,True,True,292,-124.24325561523438,-121.79788208007812,0
Which gates had Tina bought and Tanya thought about?,Which had Tina bought gates and Tanya thought about?,syntax,island_effects,coordinate_structure_constraint_complex_left_branch,True,False,True,True,293,-82.17570495605469,-80.18212890625,0
What men was Angela listening to and Dana arguing about?,What was Angela listening to men and Dana arguing about?,syntax,island_effects,coordinate_structure_constraint_complex_left_branch,True,False,True,True,294,-80.908935546875,-76.43247985839844,0
What banks could Richard exit and Cheryl distract?,What could Richard exit banks and Cheryl distract?,syntax,island_effects,coordinate_structure_constraint_complex_left_branch,True,False,True,True,295,-80.90831756591797,-78.83683776855469,0
Which essays did those men disagree with and Deanna conceal?,Which did those men disagree with essays and Deanna conceal?,syntax,island_effects,coordinate_structure_constraint_complex_left_branch,True,False,True,True,296,-90.85281372070312,-87.02764892578125,0
Which trucks has Leslie taken and Kirsten revealed?,Which has Leslie taken trucks and Kirsten revealed?,syntax,island_effects,coordinate_structure_constraint_complex_left_branch,True,False,True,True,297,-78.76153564453125,-77.01807403564453,0
What drivers will Ella conceal and that library remember?,What will Ella conceal drivers and that library remember?,syntax,island_effects,coordinate_structure_constraint_complex_left_branch,True,False,True,True,298,-82.21416473388672,-81.3876953125,0
Which boys had Carrie hugged and Marcus shocked?,Which had Carrie hugged boys and Marcus shocked?,syntax,island_effects,coordinate_structure_constraint_complex_left_branch,True,False,True,True,299,-74.3802490234375,-74.4989013671875,1
What books would some child scan and Travis research?,What would some child scan books and Travis research?,syntax,island_effects,coordinate_structure_constraint_complex_left_branch,True,False,True,True,300,-76.44740295410156,-72.75056457519531,0
What women has Veronica respected and some cashier hidden?,What has Veronica respected women and some cashier hidden?,syntax,island_effects,coordinate_structure_constraint_complex_left_branch,True,False,True,True,301,-87.42636108398438,-86.56794738769531,0
Which cats has Kevin brought and Liam brought?,Which has Kevin brought cats and Liam brought?,syntax,island_effects,coordinate_structure_constraint_complex_left_branch,True,False,True,True,302,-69.76390075683594,-68.62611389160156,0
Whose lakes had this person skated around and Tamara researched?,Whose had this person skated around lakes and Tamara researched?,syntax,island_effects,coordinate_structure_constraint_complex_left_branch,True,False,True,True,303,-108.99002838134766,-107.88763427734375,0
Which cafes have all dancers disliked and Pamela toured?,Which have all dancers disliked cafes and Pamela toured?,syntax,island_effects,coordinate_structure_constraint_complex_left_branch,True,False,True,True,304,-85.88037109375,-84.20310974121094,0
What cafes has that man explored and Claire cleaned?,What has that man explored cafes and Claire cleaned?,syntax,island_effects,coordinate_structure_constraint_complex_left_branch,True,False,True,True,305,-77.98815155029297,-76.81179809570312,0
Which icicles will Tammy discover and this man notice?,Which will Tammy discover icicles and this man notice?,syntax,island_effects,coordinate_structure_constraint_complex_left_branch,True,False,True,True,306,-91.45196533203125,-88.61068725585938,0
What girls are some dancers disturbing and travel irritating?,What are some dancers disturbing girls and travel irritating?,syntax,island_effects,coordinate_structure_constraint_complex_left_branch,True,False,True,True,307,-77.8474349975586,-75.11363220214844,0
What children are a lot of universities working with and Tara fleeing from?,What are a lot of universities working with children and Tara fleeing from?,syntax,island_effects,coordinate_structure_constraint_complex_left_branch,True,False,True,True,308,-93.65652465820312,-89.73738098144531,0
Which analyses should the legislature discuss and every library hate?,Which should the legislature discuss analyses and every library hate?,syntax,island_effects,coordinate_structure_constraint_complex_left_branch,True,False,True,True,309,-87.96161651611328,-87.03018951416016,0
Which doctors might Patricia attack and Connie insult?,Which might Patricia attack doctors and Connie insult?,syntax,island_effects,coordinate_structure_constraint_complex_left_branch,True,False,True,True,310,-73.8254165649414,-75.14505004882812,1
What drivers have many dancers sounded like and Samantha seen?,What have many dancers sounded like drivers and Samantha seen?,syntax,island_effects,coordinate_structure_constraint_complex_left_branch,True,False,True,True,311,-85.37382507324219,-81.83489990234375,0
Which offspring is Melinda appreciating and Grace bothering?,Which is Melinda appreciating offspring and Grace bothering?,syntax,island_effects,coordinate_structure_constraint_complex_left_branch,True,False,True,True,312,-92.53382873535156,-92.42704010009766,0
Which guys will Maria know and Nicole talk to?,Which will Maria know guys and Nicole talk to?,syntax,island_effects,coordinate_structure_constraint_complex_left_branch,True,False,True,True,313,-69.05927276611328,-70.24075317382812,1
What drivers had Frank concealed and Janet talked about?,What had Frank concealed drivers and Janet talked about?,syntax,island_effects,coordinate_structure_constraint_complex_left_branch,True,False,True,True,314,-73.93701171875,-72.73815155029297,0
Which screens had Cindy noticed and Gerald thought about?,Which had Cindy noticed screens and Gerald thought about?,syntax,island_effects,coordinate_structure_constraint_complex_left_branch,True,False,True,True,315,-77.33201599121094,-75.79046630859375,0
Which alumni is Leslie arguing about and Aaron investigating?,Which is Leslie arguing about alumni and Aaron investigating?,syntax,island_effects,coordinate_structure_constraint_complex_left_branch,True,False,True,True,316,-83.53264617919922,-81.40129089355469,0
What skateboards would Charles break and Paula see?,What would Charles break skateboards and Paula see?,syntax,island_effects,coordinate_structure_constraint_complex_left_branch,True,False,True,True,317,-82.64353942871094,-81.18001556396484,0
Which reports is Martha complaining about and Anna noticing?,Which is Martha complaining about reports and Anna noticing?,syntax,island_effects,coordinate_structure_constraint_complex_left_branch,True,False,True,True,318,-80.18193054199219,-78.43421173095703,0
Which museums has Amelia explored and Bill described?,Which has Amelia explored museums and Bill described?,syntax,island_effects,coordinate_structure_constraint_complex_left_branch,True,False,True,True,319,-74.23570251464844,-72.89917755126953,0
Which ladies have all lights upset and Renee kissed?,Which have all lights upset ladies and Renee kissed?,syntax,island_effects,coordinate_structure_constraint_complex_left_branch,True,False,True,True,320,-80.88921356201172,-81.5245361328125,1
Whose museums should Tiffany exit and Gary flee from?,Whose should Tiffany exit museums and Gary flee from?,syntax,island_effects,coordinate_structure_constraint_complex_left_branch,True,False,True,True,321,-96.95278930664062,-95.48091125488281,0
Which teachers has some student boasted about and Sally approached?,Which has some student boasted about teachers and Sally approached?,syntax,island_effects,coordinate_structure_constraint_complex_left_branch,True,False,True,True,322,-84.2855224609375,-81.08918762207031,0
Which commentaries had Pamela examined and Frank complained about?,Which had Pamela examined commentaries and Frank complained about?,syntax,island_effects,coordinate_structure_constraint_complex_left_branch,True,False,True,True,323,-89.67584991455078,-88.33004760742188,0
Which senators has the college campus alarmed and a lot of drivers disagreed with?,Which has the college campus alarmed senators and a lot of drivers disagreed with?,syntax,island_effects,coordinate_structure_constraint_complex_left_branch,True,False,True,True,324,-104.11802673339844,-104.94353485107422,1
What ladies was Barbara astounding and Wayne hurting?,What was Barbara astounding ladies and Wayne hurting?,syntax,island_effects,coordinate_structure_constraint_complex_left_branch,True,False,True,True,325,-73.78208923339844,-71.90669250488281,0
What actresses is Homer concealing and the cafe impressing?,What is Homer concealing actresses and the cafe impressing?,syntax,island_effects,coordinate_structure_constraint_complex_left_branch,True,False,True,True,326,-97.13423156738281,-98.1681900024414,1
Which movie theaters was Kimberley describing and Kathleen lifting?,Which was Kimberley describing movie theaters and Kathleen lifting?,syntax,island_effects,coordinate_structure_constraint_complex_left_branch,True,False,True,True,327,-93.93759155273438,-91.37535095214844,0
Whose hills had Sabrina ascended and Theresa escaped from?,Whose had Sabrina ascended hills and Theresa escaped from?,syntax,island_effects,coordinate_structure_constraint_complex_left_branch,True,False,True,True,328,-101.55216979980469,-99.98823547363281,0
Which paralyses had Christopher argued about and Monica complained about?,Which had Christopher argued about paralyses and Monica complained about?,syntax,island_effects,coordinate_structure_constraint_complex_left_branch,True,False,True,True,329,-99.17579650878906,-95.94923400878906,0
Which lakes is Debra arriving at and some man admiring?,Which is Debra arriving at lakes and some man admiring?,syntax,island_effects,coordinate_structure_constraint_complex_left_branch,True,False,True,True,330,-98.3980484008789,-94.47557830810547,0
What couches is Michael breaking and Galileo discovering?,What is Michael breaking couches and Galileo discovering?,syntax,island_effects,coordinate_structure_constraint_complex_left_branch,True,False,True,True,331,-83.73048400878906,-82.02735900878906,0
Which patients has Regina helped and Samantha revealed?,Which has Regina helped patients and Samantha revealed?,syntax,island_effects,coordinate_structure_constraint_complex_left_branch,True,False,True,True,332,-74.15229034423828,-73.26063537597656,0
What hospitals did David distract and Karla leave?,What did David distract hospitals and Karla leave?,syntax,island_effects,coordinate_structure_constraint_complex_left_branch,True,False,True,True,333,-82.38928985595703,-76.09323120117188,0
What associations should those scarves aggravate and a commentary distract?,What should those scarves aggravate associations and a commentary distract?,syntax,island_effects,coordinate_structure_constraint_complex_left_branch,True,False,True,True,334,-109.34307098388672,-107.74292755126953,0
Which skirts could Eva like and Robert notice?,Which could Eva like skirts and Robert notice?,syntax,island_effects,coordinate_structure_constraint_complex_left_branch,True,False,True,True,335,-72.4388198852539,-69.08015441894531,0
What hills had Candice discussed and Christine skated around?,What had Candice discussed hills and Christine skated around?,syntax,island_effects,coordinate_structure_constraint_complex_left_branch,True,False,True,True,336,-97.0477523803711,-95.12220764160156,0
Which men had Kirsten found and Laurie questioned?,Which had Kirsten found men and Laurie questioned?,syntax,island_effects,coordinate_structure_constraint_complex_left_branch,True,False,True,True,337,-74.95475769042969,-73.32612609863281,0
Which guys has Edward fled from and Edward shocked?,Which has Edward fled from guys and Edward shocked?,syntax,island_effects,coordinate_structure_constraint_complex_left_branch,True,False,True,True,338,-77.77171325683594,-77.25741577148438,0
What waitresses was Edward questioning and Winston Churchill admiring?,What was Edward questioning waitresses and Winston Churchill admiring?,syntax,island_effects,coordinate_structure_constraint_complex_left_branch,True,False,True,True,339,-104.58622741699219,-104.03884887695312,0
What dancers had this commentary disagreed with and some customer admired?,What had this commentary disagreed with dancers and some customer admired?,syntax,island_effects,coordinate_structure_constraint_complex_left_branch,True,False,True,True,340,-97.62804412841797,-91.88077545166016,0
What doctors might Jason aggravate and Donna discuss?,What might Jason aggravate doctors and Donna discuss?,syntax,island_effects,coordinate_structure_constraint_complex_left_branch,True,False,True,True,341,-85.15634155273438,-85.90782165527344,1
Which ellipses might Jodi appreciate and this doctor appreciate?,Which might Jodi appreciate ellipses and this doctor appreciate?,syntax,island_effects,coordinate_structure_constraint_complex_left_branch,True,False,True,True,342,-108.1983871459961,-106.78866577148438,0
Which museums can Wayne drop by and Joel return to?,Which can Wayne drop by museums and Joel return to?,syntax,island_effects,coordinate_structure_constraint_complex_left_branch,True,False,True,True,343,-86.59879302978516,-82.19981384277344,0
Which drivers has Walter sounded like and Sandra talked to?,Which has Walter sounded like drivers and Sandra talked to?,syntax,island_effects,coordinate_structure_constraint_complex_left_branch,True,False,True,True,344,-81.56088256835938,-80.056640625,0
What drivers can many patients disagree with and Benjamin worry?,What can many patients disagree with drivers and Benjamin worry?,syntax,island_effects,coordinate_structure_constraint_complex_left_branch,True,False,True,True,345,-89.58580017089844,-84.60063171386719,0
What pamphlets are the plays disagreeing with and this museum concealing?,What are the plays disagreeing with pamphlets and this museum concealing?,syntax,island_effects,coordinate_structure_constraint_complex_left_branch,True,False,True,True,346,-115.40042114257812,-111.19070434570312,0
What teachers will that icicle disturb and Bethany notice?,What will that icicle disturb teachers and Bethany notice?,syntax,island_effects,coordinate_structure_constraint_complex_left_branch,True,False,True,True,347,-102.41921997070312,-98.59659576416016,0
Which men are most fish impressing and Chad escaping from?,Which are most fish impressing men and Chad escaping from?,syntax,island_effects,coordinate_structure_constraint_complex_left_branch,True,False,True,True,348,-87.22747802734375,-87.94285583496094,1
Whose hospitals is a carriage shocking and Homer walking through?,Whose is a carriage shocking hospitals and Homer walking through?,syntax,island_effects,coordinate_structure_constraint_complex_left_branch,True,False,True,True,349,-93.02529907226562,-89.45713806152344,0
Which doctors might these universities confuse and these students irritate?,Which might these universities confuse doctors and these students irritate?,syntax,island_effects,coordinate_structure_constraint_complex_left_branch,True,False,True,True,350,-97.33126831054688,-95.95597839355469,0
Whose pants should Clyde take and a lot of turtles find?,Whose should Clyde take pants and a lot of turtles find?,syntax,island_effects,coordinate_structure_constraint_complex_left_branch,True,False,True,True,351,-94.32463836669922,-89.0669937133789,0
Which men had Russell known and all closets bothered?,Which had Russell known men and all closets bothered?,syntax,island_effects,coordinate_structure_constraint_complex_left_branch,True,False,True,True,352,-85.42092895507812,-84.47335815429688,0
Which boys were some customers working with and some student insulting?,Which were some customers working with boys and some student insulting?,syntax,island_effects,coordinate_structure_constraint_complex_left_branch,True,False,True,True,353,-81.51802062988281,-79.3989028930664,0
Which boys does every driver talk to and Carolyn appreciate?,Which does every driver talk to boys and Carolyn appreciate?,syntax,island_effects,coordinate_structure_constraint_complex_left_branch,True,False,True,True,354,-80.61358642578125,-78.69975280761719,0
Which senators had a committee discussed and Carol watched?,Which had a committee discussed senators and Carol watched?,syntax,island_effects,coordinate_structure_constraint_complex_left_branch,True,False,True,True,355,-78.28962707519531,-76.84703063964844,0
Which carts has Monica broken and some school concealed?,Which has Monica broken carts and some school concealed?,syntax,island_effects,coordinate_structure_constraint_complex_left_branch,True,False,True,True,356,-78.47173309326172,-77.57902526855469,0
Whose reports might Heidi forget and Carmen find?,Whose might Heidi forget reports and Carmen find?,syntax,island_effects,coordinate_structure_constraint_complex_left_branch,True,False,True,True,357,-87.7088394165039,-86.7386474609375,0
Which ladders has Bethany climbed down and all actors sold?,Which has Bethany climbed down ladders and all actors sold?,syntax,island_effects,coordinate_structure_constraint_complex_left_branch,True,False,True,True,358,-97.7650375366211,-100.16017150878906,1
What teenagers had Joel hated and ladies disagreed with?,What had Joel hated teenagers and ladies disagreed with?,syntax,island_effects,coordinate_structure_constraint_complex_left_branch,True,False,True,True,359,-83.03567504882812,-80.24234008789062,0
What dancers can Michael love and Adam hire?,What can Michael love dancers and Adam hire?,syntax,island_effects,coordinate_structure_constraint_complex_left_branch,True,False,True,True,360,-74.25501251220703,-70.16422271728516,0
What teachers has every child bored and Alicia disgusted?,What has every child bored teachers and Alicia disgusted?,syntax,island_effects,coordinate_structure_constraint_complex_left_branch,True,False,True,True,361,-79.7551498413086,-79.98756408691406,1
What patients can Irene hate and Galileo conceal?,What can Irene hate patients and Galileo conceal?,syntax,island_effects,coordinate_structure_constraint_complex_left_branch,True,False,True,True,362,-86.86074829101562,-81.52588653564453,0
What boys is Meredith approaching and Harvard University talking to?,What is Meredith approaching boys and Harvard University talking to?,syntax,island_effects,coordinate_structure_constraint_complex_left_branch,True,False,True,True,363,-81.5925064086914,-80.2117691040039,0
What eyes might Maria have and Brett clean?,What might Maria have eyes and Brett clean?,syntax,island_effects,coordinate_structure_constraint_complex_left_branch,True,False,True,True,364,-71.56138610839844,-67.97016906738281,0
What waiters was every mouth irritating and Gary bothering?,What was every mouth irritating waiters and Gary bothering?,syntax,island_effects,coordinate_structure_constraint_complex_left_branch,True,False,True,True,365,-85.51991271972656,-84.24591064453125,0
Which banks do many guests explore and Gregory reveal?,Which do many guests explore banks and Gregory reveal?,syntax,island_effects,coordinate_structure_constraint_complex_left_branch,True,False,True,True,366,-85.43399047851562,-83.35842895507812,0
What offspring is Stephen describing and some waiter observing?,What is Stephen describing offspring and some waiter observing?,syntax,island_effects,coordinate_structure_constraint_complex_left_branch,True,False,True,True,367,-85.94154357910156,-81.96687316894531,0
What girls will Danielle disturb and Laura conceal?,What will Danielle disturb girls and Laura conceal?,syntax,island_effects,coordinate_structure_constraint_complex_left_branch,True,False,True,True,368,-77.23112487792969,-74.72840881347656,0
What offspring has that bird disgusted and George praised?,What has that bird disgusted offspring and George praised?,syntax,island_effects,coordinate_structure_constraint_complex_left_branch,True,False,True,True,369,-78.41548156738281,-76.45112609863281,0
Which women might those boxes bother and the guys see?,Which might those boxes bother women and the guys see?,syntax,island_effects,coordinate_structure_constraint_complex_left_branch,True,False,True,True,370,-71.98332977294922,-70.47804260253906,0
Which malls can Aaron take and that doctor return to?,Which can Aaron take malls and that doctor return to?,syntax,island_effects,coordinate_structure_constraint_complex_left_branch,True,False,True,True,371,-81.865478515625,-79.40035247802734,0
Whose restaurants is Susan returning to and some university taking?,Whose is Susan returning to restaurants and some university taking?,syntax,island_effects,coordinate_structure_constraint_complex_left_branch,True,False,True,True,372,-89.87118530273438,-84.20524597167969,0
Which dancers did the Impressionists alarm and Larry astound?,Which did the Impressionists alarm dancers and Larry astound?,syntax,island_effects,coordinate_structure_constraint_complex_left_branch,True,False,True,True,373,-105.03781127929688,-104.80326843261719,0
What senators had the hill stunned and Michael cured?,What had the hill stunned senators and Michael cured?,syntax,island_effects,coordinate_structure_constraint_complex_left_branch,True,False,True,True,374,-76.76062774658203,-74.25250244140625,0
Which men does Gerald leave and John work with?,Which does Gerald leave men and John work with?,syntax,island_effects,coordinate_structure_constraint_complex_left_branch,True,False,True,True,375,-71.7344741821289,-69.74998474121094,0
What children did some restaurant impress and Grace question?,What did some restaurant impress children and Grace question?,syntax,island_effects,coordinate_structure_constraint_complex_left_branch,True,False,True,True,376,-73.34394836425781,-70.7209701538086,0
What drivers had Kimberley concealed and Eric kissed?,What had Kimberley concealed drivers and Eric kissed?,syntax,island_effects,coordinate_structure_constraint_complex_left_branch,True,False,True,True,377,-83.00238800048828,-82.00951385498047,0
Which girls were all eyes worrying and most actors visiting?,Which were all eyes worrying girls and most actors visiting?,syntax,island_effects,coordinate_structure_constraint_complex_left_branch,True,False,True,True,378,-78.4148178100586,-77.77799987792969,0
What college campuses has some actress bought and Michael described?,What has some actress bought college campuses and Michael described?,syntax,island_effects,coordinate_structure_constraint_complex_left_branch,True,False,True,True,379,-89.0903091430664,-84.05831909179688,0
What drivers had Jason discussed and Bruce scared?,What had Jason discussed drivers and Bruce scared?,syntax,island_effects,coordinate_structure_constraint_complex_left_branch,True,False,True,True,380,-72.56228637695312,-71.73818969726562,0
What photographs has this glass looked like and Julie found?,What has this glass looked like photographs and Julie found?,syntax,island_effects,coordinate_structure_constraint_complex_left_branch,True,False,True,True,381,-79.73957061767578,-74.188232421875,0
Which cashiers did the child kiss and this water disgust?,Which did the child kiss cashiers and this water disgust?,syntax,island_effects,coordinate_structure_constraint_complex_left_branch,True,False,True,True,382,-83.78172302246094,-82.80399322509766,0
Which men was Andrea kissing and Sally working with?,Which was Andrea kissing men and Sally working with?,syntax,island_effects,coordinate_structure_constraint_complex_left_branch,True,False,True,True,383,-70.834716796875,-68.94290161132812,0
Whose governments is Michelle scaring and Alexander distracting?,Whose is Michelle scaring governments and Alexander distracting?,syntax,island_effects,coordinate_structure_constraint_complex_left_branch,True,False,True,True,384,-90.86528778076172,-88.40190887451172,0
What icicles is Patricia lifting and Sharon taking?,What is Patricia lifting icicles and Sharon taking?,syntax,island_effects,coordinate_structure_constraint_complex_left_branch,True,False,True,True,385,-88.18209075927734,-86.97293090820312,0
Which women had Randolf investigated and these pedestrians watched?,Which had Randolf investigated women and these pedestrians watched?,syntax,island_effects,coordinate_structure_constraint_complex_left_branch,True,False,True,True,386,-92.5221176147461,-91.42791748046875,0
Which dancers has John loved and some print looked like?,Which has John loved dancers and some print looked like?,syntax,island_effects,coordinate_structure_constraint_complex_left_branch,True,False,True,True,387,-79.05790710449219,-78.94598388671875,0
What hospitals does Wayne remember and most children research?,What does Wayne remember hospitals and most children research?,syntax,island_effects,coordinate_structure_constraint_complex_left_branch,True,False,True,True,388,-79.53207397460938,-76.05804443359375,0
What women should Travis dislike and Gregory visit?,What should Travis dislike women and Gregory visit?,syntax,island_effects,coordinate_structure_constraint_complex_left_branch,True,False,True,True,389,-74.47357177734375,-71.97344970703125,0
Which guests had all horses found and some spotlight bothered?,Which had all horses found guests and some spotlight bothered?,syntax,island_effects,coordinate_structure_constraint_complex_left_branch,True,False,True,True,390,-82.3213119506836,-78.98358154296875,0
What girls is this teenager confusing and Richard kissing?,What is this teenager confusing girls and Richard kissing?,syntax,island_effects,coordinate_structure_constraint_complex_left_branch,True,False,True,True,391,-74.5560302734375,-73.53312683105469,0
What pedestrians will Theresa insult and Carol care for?,What will Theresa insult pedestrians and Carol care for?,syntax,island_effects,coordinate_structure_constraint_complex_left_branch,True,False,True,True,392,-80.19971466064453,-80.3968505859375,1
Whose theses is Renee describing and Jill describing?,Whose is Renee describing theses and Jill describing?,syntax,island_effects,coordinate_structure_constraint_complex_left_branch,True,False,True,True,393,-100.51700592041016,-94.50588989257812,0
Which people has every actress discussed and Stephen known?,Which has every actress discussed people and Stephen known?,syntax,island_effects,coordinate_structure_constraint_complex_left_branch,True,False,True,True,394,-70.2098159790039,-72.06854248046875,1
Which dogs have a lot of girls healed and Ruth brought?,Which have a lot of girls healed dogs and Ruth brought?,syntax,island_effects,coordinate_structure_constraint_complex_left_branch,True,False,True,True,395,-75.1170654296875,-74.93215942382812,0
Which hills does Galileo tour and Teresa think about?,Which does Galileo tour hills and Teresa think about?,syntax,island_effects,coordinate_structure_constraint_complex_left_branch,True,False,True,True,396,-79.10169219970703,-81.36042022705078,1
Which women can Homer shock and Rebecca approach?,Which can Homer shock women and Rebecca approach?,syntax,island_effects,coordinate_structure_constraint_complex_left_branch,True,False,True,True,397,-68.81050109863281,-69.63153839111328,1
What closets will Rose describe and Peter dislike?,What will Rose describe closets and Peter dislike?,syntax,island_effects,coordinate_structure_constraint_complex_left_branch,True,False,True,True,398,-83.70558166503906,-81.07646179199219,0
Whose museums did Sonia bike to and Florence boycott?,Whose did Sonia bike to museums and Florence boycott?,syntax,island_effects,coordinate_structure_constraint_complex_left_branch,True,False,True,True,399,-97.77304077148438,-89.78836059570312,0
Whose reports is Adam scanning and Carrie hiding?,Whose is Adam scanning reports and Carrie hiding?,syntax,island_effects,coordinate_structure_constraint_complex_left_branch,True,False,True,True,400,-81.8692398071289,-80.0574951171875,0
Which college campuses would Claire tour and Andrew admire?,Which would Claire tour college campuses and Andrew admire?,syntax,island_effects,coordinate_structure_constraint_complex_left_branch,True,False,True,True,401,-83.84352111816406,-85.18881225585938,1
What girls has Rodney visited and that muffin annoyed?,What has Rodney visited girls and that muffin annoyed?,syntax,island_effects,coordinate_structure_constraint_complex_left_branch,True,False,True,True,402,-85.49046325683594,-83.30956268310547,0
What unicycles had some waiters seen and Stephen admired?,What had some waiters seen unicycles and Stephen admired?,syntax,island_effects,coordinate_structure_constraint_complex_left_branch,True,False,True,True,403,-106.24960327148438,-101.28269958496094,0
Which series might Marcus research and Laura boast about?,Which might Marcus research series and Laura boast about?,syntax,island_effects,coordinate_structure_constraint_complex_left_branch,True,False,True,True,404,-79.63763427734375,-79.54564666748047,0
What guys did Bill insult and Vanessa fire?,What did Bill insult guys and Vanessa fire?,syntax,island_effects,coordinate_structure_constraint_complex_left_branch,True,False,True,True,405,-65.13906860351562,-66.07414245605469,1
What actors does Allison escape from and this actress praise?,What does Allison escape from actors and this actress praise?,syntax,island_effects,coordinate_structure_constraint_complex_left_branch,True,False,True,True,406,-89.8038558959961,-84.70460510253906,0
What cups had Barbara fixed and Candice found?,What had Barbara fixed cups and Candice found?,syntax,island_effects,coordinate_structure_constraint_complex_left_branch,True,False,True,True,407,-75.27537536621094,-70.55500030517578,0
What women was Lucille boasting about and actresses leaving?,What was Lucille boasting about women and actresses leaving?,syntax,island_effects,coordinate_structure_constraint_complex_left_branch,True,False,True,True,408,-87.69639587402344,-83.68732452392578,0
Whose organizations had Mitchell thought about and every dancer scared?,Whose had Mitchell thought about organizations and every dancer scared?,syntax,island_effects,coordinate_structure_constraint_complex_left_branch,True,False,True,True,409,-94.46173095703125,-90.12336730957031,0
What dancers have those plays bored and Charles worked with?,What have those plays bored dancers and Charles worked with?,syntax,island_effects,coordinate_structure_constraint_complex_left_branch,True,False,True,True,410,-83.19624328613281,-79.70761108398438,0
Which chairs did Carlos like and every actress break?,Which did Carlos like chairs and every actress break?,syntax,island_effects,coordinate_structure_constraint_complex_left_branch,True,False,True,True,411,-76.3967056274414,-72.58261108398438,0
What photographs had Christine looked like and Marla cleaned?,What had Christine looked like photographs and Marla cleaned?,syntax,island_effects,coordinate_structure_constraint_complex_left_branch,True,False,True,True,412,-84.88101959228516,-80.24773406982422,0
Whose glasses is Samantha lifting and Thomas breaking?,Whose is Samantha lifting glasses and Thomas breaking?,syntax,island_effects,coordinate_structure_constraint_complex_left_branch,True,False,True,True,413,-82.05963134765625,-78.2419662475586,0
What chairs might Timothy break and Karen reveal?,What might Timothy break chairs and Karen reveal?,syntax,island_effects,coordinate_structure_constraint_complex_left_branch,True,False,True,True,414,-75.91297912597656,-74.5442123413086,0
Whose college campuses might Rhonda mess up and many organizations sell?,Whose might Rhonda mess up college campuses and many organizations sell?,syntax,island_effects,coordinate_structure_constraint_complex_left_branch,True,False,True,True,415,-119.75425720214844,-119.70185089111328,0
Which actresses had the Impressionists known and this painting looked like?,Which had the Impressionists known actresses and this painting looked like?,syntax,island_effects,coordinate_structure_constraint_complex_left_branch,True,False,True,True,416,-107.59554290771484,-104.64878845214844,0
Which prints has Rachel looked like and Martha lifted?,Which has Rachel looked like prints and Martha lifted?,syntax,island_effects,coordinate_structure_constraint_complex_left_branch,True,False,True,True,417,-75.80015563964844,-73.83082580566406,0
What teenagers should many photographs scare and these senators approach?,What should many photographs scare teenagers and these senators approach?,syntax,island_effects,coordinate_structure_constraint_complex_left_branch,True,False,True,True,418,-90.45396423339844,-87.50904083251953,0
What libraries can Jodi arrive at and James run around?,What can Jodi arrive at libraries and James run around?,syntax,island_effects,coordinate_structure_constraint_complex_left_branch,True,False,True,True,419,-97.05875396728516,-91.05095672607422,0
What patients had Jason found and Douglas criticized?,What had Jason found patients and Douglas criticized?,syntax,island_effects,coordinate_structure_constraint_complex_left_branch,True,False,True,True,420,-75.01366424560547,-69.17947387695312,0
What reports did Rose hate and James find?,What did Rose hate reports and James find?,syntax,island_effects,coordinate_structure_constraint_complex_left_branch,True,False,True,True,421,-70.235107421875,-65.7916259765625,0
Which associations is Theodore investigating and the rabbit annoying?,Which is Theodore investigating associations and the rabbit annoying?,syntax,island_effects,coordinate_structure_constraint_complex_left_branch,True,False,True,True,422,-77.52520751953125,-75.61261749267578,0
Whose pamphlets is Susan concealing and Julia noticing?,Whose is Susan concealing pamphlets and Julia noticing?,syntax,island_effects,coordinate_structure_constraint_complex_left_branch,True,False,True,True,423,-102.7353515625,-101.52017211914062,0
What boys were those senators investigating and a lot of spotlights shocking?,What were those senators investigating boys and a lot of spotlights shocking?,syntax,island_effects,coordinate_structure_constraint_complex_left_branch,True,False,True,True,424,-106.55729675292969,-104.29571533203125,0
What oases is Mark fleeing from and Christina finding?,What is Mark fleeing from oases and Christina finding?,syntax,island_effects,coordinate_structure_constraint_complex_left_branch,True,False,True,True,425,-90.51432037353516,-85.33149719238281,0
Whose media has Lawrence boasted about and the cashier thought about?,Whose has Lawrence boasted about media and the cashier thought about?,syntax,island_effects,coordinate_structure_constraint_complex_left_branch,True,False,True,True,426,-107.42178344726562,-101.02217102050781,0
What hospitals are a lot of cashiers fleeing from and Susan questioning?,What are a lot of cashiers fleeing from hospitals and Susan questioning?,syntax,island_effects,coordinate_structure_constraint_complex_left_branch,True,False,True,True,427,-103.1258544921875,-95.58096313476562,0
What books have most prints looked like and Amelia admired?,What have most prints looked like books and Amelia admired?,syntax,island_effects,coordinate_structure_constraint_complex_left_branch,True,False,True,True,428,-84.220458984375,-78.73700714111328,0
Whose grocery stores could Joseph drive to and every man return to?,Whose could Joseph drive to grocery stores and every man return to?,syntax,island_effects,coordinate_structure_constraint_complex_left_branch,True,False,True,True,429,-103.41763305664062,-96.9089584350586,0
What men was Heidi talking about and Renee stunning?,What was Heidi talking about men and Renee stunning?,syntax,island_effects,coordinate_structure_constraint_complex_left_branch,True,False,True,True,430,-80.20176696777344,-75.61366271972656,0
Which trucks is every driver breaking and every sketch looking like?,Which is every driver breaking trucks and every sketch looking like?,syntax,island_effects,coordinate_structure_constraint_complex_left_branch,True,False,True,True,431,-86.81146240234375,-85.16070556640625,0
Which restaurants have the Clintons passed and Vanessa walked through?,Which have the Clintons passed restaurants and Vanessa walked through?,syntax,island_effects,coordinate_structure_constraint_complex_left_branch,True,False,True,True,432,-84.33468627929688,-82.08512878417969,0
Whose newspaper articles can these boys disagree with and Raymond conceal?,Whose can these boys disagree with newspaper articles and Raymond conceal?,syntax,island_effects,coordinate_structure_constraint_complex_left_branch,True,False,True,True,433,-106.6744384765625,-101.36885070800781,0
Whose museums were a lot of eggplants upsetting and some broccoli scaring?,Whose were a lot of eggplants upsetting museums and some broccoli scaring?,syntax,island_effects,coordinate_structure_constraint_complex_left_branch,True,False,True,True,434,-129.50286865234375,-125.92352294921875,0
What theses is Melissa scanning and every university referencing?,What is Melissa scanning theses and every university referencing?,syntax,island_effects,coordinate_structure_constraint_complex_left_branch,True,False,True,True,435,-89.12161254882812,-87.02255249023438,0
Whose commentaries are those actors scanning and Regina discovering?,Whose are those actors scanning commentaries and Regina discovering?,syntax,island_effects,coordinate_structure_constraint_complex_left_branch,True,False,True,True,436,-104.98947143554688,-103.60454559326172,0
What guests has Gerald irritated and Veronica hated?,What has Gerald irritated guests and Veronica hated?,syntax,island_effects,coordinate_structure_constraint_complex_left_branch,True,False,True,True,437,-77.3238525390625,-76.91172790527344,0
Which students did this sweater aggravate and Deborah sound like?,Which did this sweater aggravate students and Deborah sound like?,syntax,island_effects,coordinate_structure_constraint_complex_left_branch,True,False,True,True,438,-91.75415802001953,-91.73060607910156,0
What stimuli is Emily hiding and Dana discovering?,What is Emily hiding stimuli and Dana discovering?,syntax,island_effects,coordinate_structure_constraint_complex_left_branch,True,False,True,True,439,-77.5694351196289,-77.64073181152344,1
What bicycles will Gerald break and Winston Churchill like?,What will Gerald break bicycles and Winston Churchill like?,syntax,island_effects,coordinate_structure_constraint_complex_left_branch,True,False,True,True,440,-85.21347045898438,-83.99334716796875,0
What doctors has the museum known and a lot of senators concealed?,What has the museum known doctors and a lot of senators concealed?,syntax,island_effects,coordinate_structure_constraint_complex_left_branch,True,False,True,True,441,-83.97486114501953,-83.08365631103516,0
What hills has Rhonda left and Sally appreciated?,What has Rhonda left hills and Sally appreciated?,syntax,island_effects,coordinate_structure_constraint_complex_left_branch,True,False,True,True,442,-83.04509735107422,-82.37693786621094,0
Which series is the guest complaining about and Edward boasting about?,Which is the guest complaining about series and Edward boasting about?,syntax,island_effects,coordinate_structure_constraint_complex_left_branch,True,False,True,True,443,-87.40937042236328,-83.98007202148438,0
What drivers could Erin hire and Theodore return to?,What could Erin hire drivers and Theodore return to?,syntax,island_effects,coordinate_structure_constraint_complex_left_branch,True,False,True,True,444,-82.5170669555664,-79.04773712158203,0
What actresses had Ronald hidden and Tara observed?,What had Ronald hidden actresses and Tara observed?,syntax,island_effects,coordinate_structure_constraint_complex_left_branch,True,False,True,True,445,-75.89706420898438,-73.34891510009766,0
Whose hospitals had that mouth astounded and Matt passed?,Whose had that mouth astounded hospitals and Matt passed?,syntax,island_effects,coordinate_structure_constraint_complex_left_branch,True,False,True,True,446,-94.08541870117188,-91.4483642578125,0
Whose high schools had David escaped from and Gregory revealed?,Whose had David escaped from high schools and Gregory revealed?,syntax,island_effects,coordinate_structure_constraint_complex_left_branch,True,False,True,True,447,-91.02183532714844,-86.68914794921875,0
What museums is Kimberley visiting and patients exiting?,What is Kimberley visiting museums and patients exiting?,syntax,island_effects,coordinate_structure_constraint_complex_left_branch,True,False,True,True,448,-87.55996704101562,-85.22718048095703,0
What restaurants has Candice disliked and Sherry walked through?,What has Candice disliked restaurants and Sherry walked through?,syntax,island_effects,coordinate_structure_constraint_complex_left_branch,True,False,True,True,449,-97.7409439086914,-95.3499984741211,0
Whose museums has Eva bothered and all pies embarrassed?,Whose has Eva bothered museums and all pies embarrassed?,syntax,island_effects,coordinate_structure_constraint_complex_left_branch,True,False,True,True,450,-95.50078582763672,-92.88623046875,0
Which bases had Cynthia discovered and Raymond discovered?,Which had Cynthia discovered bases and Raymond discovered?,syntax,island_effects,coordinate_structure_constraint_complex_left_branch,True,False,True,True,451,-72.81198120117188,-71.4109878540039,0
Which students does Jeffrey remember and every student disgust?,Which does Jeffrey remember students and every student disgust?,syntax,island_effects,coordinate_structure_constraint_complex_left_branch,True,False,True,True,452,-79.98655700683594,-77.48764038085938,0
Which men would Ellen alarm and all teenagers criticize?,Which would Ellen alarm men and all teenagers criticize?,syntax,island_effects,coordinate_structure_constraint_complex_left_branch,True,False,True,True,453,-78.71450805664062,-77.61734008789062,0
What dancers has the man described and the Lutherans upset?,What has the man described dancers and the Lutherans upset?,syntax,island_effects,coordinate_structure_constraint_complex_left_branch,True,False,True,True,454,-85.25808715820312,-83.60316467285156,0
Which students has Becca returned to and men complained about?,Which has Becca returned to students and men complained about?,syntax,island_effects,coordinate_structure_constraint_complex_left_branch,True,False,True,True,455,-87.68540954589844,-85.01004028320312,0
Whose drawings can Jacqueline look like and Candice admire?,Whose can Jacqueline look like drawings and Candice admire?,syntax,island_effects,coordinate_structure_constraint_complex_left_branch,True,False,True,True,456,-109.24365997314453,-104.41233825683594,0
What horses was Paul hiding and Lawrence thinking about?,What was Paul hiding horses and Lawrence thinking about?,syntax,island_effects,coordinate_structure_constraint_complex_left_branch,True,False,True,True,457,-68.94075012207031,-64.68486785888672,0
What essays might April scan and Jacqueline complain about?,What might April scan essays and Jacqueline complain about?,syntax,island_effects,coordinate_structure_constraint_complex_left_branch,True,False,True,True,458,-95.29131317138672,-95.08451843261719,0
What patients had Beth sounded like and Veronica found?,What had Beth sounded like patients and Veronica found?,syntax,island_effects,coordinate_structure_constraint_complex_left_branch,True,False,True,True,459,-75.72859954833984,-72.86848449707031,0
What men does Noah listen to and this story aggravate?,What does Noah listen to men and this story aggravate?,syntax,island_effects,coordinate_structure_constraint_complex_left_branch,True,False,True,True,460,-84.36214447021484,-80.48565673828125,0
What closets has Tonya seen and Natalie exited?,What has Tonya seen closets and Natalie exited?,syntax,island_effects,coordinate_structure_constraint_complex_left_branch,True,False,True,True,461,-96.1337890625,-92.00587463378906,0
Whose icicles could Bill clean and the teacher notice?,Whose could Bill clean icicles and the teacher notice?,syntax,island_effects,coordinate_structure_constraint_complex_left_branch,True,False,True,True,462,-93.72978210449219,-91.86773681640625,0
What cars has April cleaned and Aaron brought?,What has April cleaned cars and Aaron brought?,syntax,island_effects,coordinate_structure_constraint_complex_left_branch,True,False,True,True,463,-69.27777862548828,-68.08138275146484,0
Which grocery stores is Edward touring and Larry returning to?,Which is Edward touring grocery stores and Larry returning to?,syntax,island_effects,coordinate_structure_constraint_complex_left_branch,True,False,True,True,464,-85.09017181396484,-85.09658813476562,1
Whose art galleries could Phillip run around and Pamela describe?,Whose could Phillip run around art galleries and Pamela describe?,syntax,island_effects,coordinate_structure_constraint_complex_left_branch,True,False,True,True,465,-102.41944885253906,-101.46514892578125,0
What patients should Thomas boast about and Travis scare?,What should Thomas boast about patients and Travis scare?,syntax,island_effects,coordinate_structure_constraint_complex_left_branch,True,False,True,True,466,-83.04163360595703,-78.81980895996094,0
Whose hills can Jennifer climb down and Bethany buy?,Whose can Jennifer climb down hills and Bethany buy?,syntax,island_effects,coordinate_structure_constraint_complex_left_branch,True,False,True,True,467,-95.55998992919922,-96.95926666259766,1
What adults had most hats annoyed and a government respected?,What had most hats annoyed adults and a government respected?,syntax,island_effects,coordinate_structure_constraint_complex_left_branch,True,False,True,True,468,-83.2512435913086,-81.03196716308594,0
Which cashiers had Todd concealed and some doctor annoyed?,Which had Todd concealed cashiers and some doctor annoyed?,syntax,island_effects,coordinate_structure_constraint_complex_left_branch,True,False,True,True,469,-89.92013549804688,-88.50806427001953,0
Whose plays is Roger concealing and a lot of reports disagreeing with?,Whose is Roger concealing plays and a lot of reports disagreeing with?,syntax,island_effects,coordinate_structure_constraint_complex_left_branch,True,False,True,True,470,-111.42680358886719,-109.7235336303711,0
Which boys did Stephanie cure and Melissa admire?,Which did Stephanie cure boys and Melissa admire?,syntax,island_effects,coordinate_structure_constraint_complex_left_branch,True,False,True,True,471,-71.04667663574219,-73.10089874267578,1
What pamphlets has Marie researched and Roger lifted?,What has Marie researched pamphlets and Roger lifted?,syntax,island_effects,coordinate_structure_constraint_complex_left_branch,True,False,True,True,472,-83.90564727783203,-84.97895812988281,1
Which students has Ruth questioned and Katherine watched?,Which has Ruth questioned students and Katherine watched?,syntax,island_effects,coordinate_structure_constraint_complex_left_branch,True,False,True,True,473,-71.73794555664062,-71.03457641601562,0
Which waitresses can these men hurt and the adult find?,Which can these men hurt waitresses and the adult find?,syntax,island_effects,coordinate_structure_constraint_complex_left_branch,True,False,True,True,474,-86.01920318603516,-82.13178253173828,0
Which glaciers had Claire discussed and the Borgias gone to?,Which had Claire discussed glaciers and the Borgias gone to?,syntax,island_effects,coordinate_structure_constraint_complex_left_branch,True,False,True,True,475,-91.53016662597656,-92.14210510253906,1
What forks was Ella finding and Steven cleaning?,What was Ella finding forks and Steven cleaning?,syntax,island_effects,coordinate_structure_constraint_complex_left_branch,True,False,True,True,476,-77.08985900878906,-72.69477844238281,0
Which senators should jackets irritate and most organizations help?,Which should jackets irritate senators and most organizations help?,syntax,island_effects,coordinate_structure_constraint_complex_left_branch,True,False,True,True,477,-90.69547271728516,-90.13542175292969,0
What actors have some teachers remembered and Valerie loved?,What have some teachers remembered actors and Valerie loved?,syntax,island_effects,coordinate_structure_constraint_complex_left_branch,True,False,True,True,478,-78.1794204711914,-73.95152282714844,0
Which birds did Judy clean and Sally notice?,Which did Judy clean birds and Sally notice?,syntax,island_effects,coordinate_structure_constraint_complex_left_branch,True,False,True,True,479,-68.62956237792969,-67.54659271240234,0
Whose cups could Jacqueline mess up and most banks have?,Whose could Jacqueline mess up cups and most banks have?,syntax,island_effects,coordinate_structure_constraint_complex_left_branch,True,False,True,True,480,-99.71556091308594,-100.52901458740234,1
Which reports might Raymond clean and Stephen lift?,Which might Raymond clean reports and Stephen lift?,syntax,island_effects,coordinate_structure_constraint_complex_left_branch,True,False,True,True,481,-71.54805755615234,-71.49288177490234,0
Which stairs should Judy climb up and Deanna clean?,Which should Judy climb up stairs and Deanna clean?,syntax,island_effects,coordinate_structure_constraint_complex_left_branch,True,False,True,True,482,-79.35821533203125,-79.91889953613281,1
Which movie theaters has Walter skated around and Vincent bought?,Which has Walter skated around movie theaters and Vincent bought?,syntax,island_effects,coordinate_structure_constraint_complex_left_branch,True,False,True,True,483,-95.20883178710938,-95.99583435058594,1
Which brochures was Monet lifting and Curtis complaining about?,Which was Monet lifting brochures and Curtis complaining about?,syntax,island_effects,coordinate_structure_constraint_complex_left_branch,True,False,True,True,484,-100.21280670166016,-97.79029083251953,0
Which grocery stores is Kendra revealing and Sheila lifting?,Which is Kendra revealing grocery stores and Sheila lifting?,syntax,island_effects,coordinate_structure_constraint_complex_left_branch,True,False,True,True,485,-100.85356903076172,-98.76509094238281,0
Which men was this art gallery impressing and Martha hiding?,Which was this art gallery impressing men and Martha hiding?,syntax,island_effects,coordinate_structure_constraint_complex_left_branch,True,False,True,True,486,-91.28451538085938,-90.55607604980469,0
What customers could a fish aggravate and that cashier heal?,What could a fish aggravate customers and that cashier heal?,syntax,island_effects,coordinate_structure_constraint_complex_left_branch,True,False,True,True,487,-98.81182098388672,-98.34915161132812,0
Which men did Samantha cure and Kevin praise?,Which did Samantha cure men and Kevin praise?,syntax,island_effects,coordinate_structure_constraint_complex_left_branch,True,False,True,True,488,-70.85614776611328,-70.72698974609375,0
Which actors was Mary noticing and the child watching?,Which was Mary noticing actors and the child watching?,syntax,island_effects,coordinate_structure_constraint_complex_left_branch,True,False,True,True,489,-69.73341369628906,-67.78157806396484,0
Whose museums had George remembered and Matt irritated?,Whose had George remembered museums and Matt irritated?,syntax,island_effects,coordinate_structure_constraint_complex_left_branch,True,False,True,True,490,-84.5923843383789,-79.84011840820312,0
Whose oases will Liam appreciate and Rose discover?,Whose will Liam appreciate oases and Rose discover?,syntax,island_effects,coordinate_structure_constraint_complex_left_branch,True,False,True,True,491,-93.23036193847656,-89.49430847167969,0
Which customers have most jackets confused and Meredith known?,Which have most jackets confused customers and Meredith known?,syntax,island_effects,coordinate_structure_constraint_complex_left_branch,True,False,True,True,492,-78.77560424804688,-79.17804718017578,1
What drivers has Caroline visited and this student disliked?,What has Caroline visited drivers and this student disliked?,syntax,island_effects,coordinate_structure_constraint_complex_left_branch,True,False,True,True,493,-81.47720336914062,-80.17144775390625,0
Which actresses is the glass distracting and Kevin watching?,Which is the glass distracting actresses and Kevin watching?,syntax,island_effects,coordinate_structure_constraint_complex_left_branch,True,False,True,True,494,-73.99256896972656,-73.48555755615234,0
Which men have glaciers embarrassed and Angela embarrassed?,Which have glaciers embarrassed men and Angela embarrassed?,syntax,island_effects,coordinate_structure_constraint_complex_left_branch,True,False,True,True,495,-73.6683120727539,-72.85317993164062,0
Which art galleries was that dancer messing up and Thomas touring?,Which was that dancer messing up art galleries and Thomas touring?,syntax,island_effects,coordinate_structure_constraint_complex_left_branch,True,False,True,True,496,-93.05171203613281,-92.52976989746094,0
What reports is John lifting and Suzanne buying?,What is John lifting reports and Suzanne buying?,syntax,island_effects,coordinate_structure_constraint_complex_left_branch,True,False,True,True,497,-73.40521240234375,-71.18214416503906,0
What alumni was Benjamin hugging and Mary aggravating?,What was Benjamin hugging alumni and Mary aggravating?,syntax,island_effects,coordinate_structure_constraint_complex_left_branch,True,False,True,True,498,-83.83622741699219,-81.67030334472656,0
Which waitresses has Tina left and Tammy revealed?,Which has Tina left waitresses and Tammy revealed?,syntax,island_effects,coordinate_structure_constraint_complex_left_branch,True,False,True,True,499,-83.29508972167969,-81.5147933959961,0
What adults did Kayla heal and Leslie think about?,What did Kayla heal adults and Leslie think about?,syntax,island_effects,coordinate_structure_constraint_complex_left_branch,True,False,True,True,500,-87.12408447265625,-83.87728881835938,0
What pants might Susan like and Donna conceal?,What might Susan like pants and Donna conceal?,syntax,island_effects,coordinate_structure_constraint_complex_left_branch,True,False,True,True,501,-72.5383071899414,-68.92754364013672,0
Which slopes could Leslie descend and Tiffany conceal?,Which could Leslie descend slopes and Tiffany conceal?,syntax,island_effects,coordinate_structure_constraint_complex_left_branch,True,False,True,True,502,-80.68380737304688,-81.48304748535156,1
Whose movie theaters had Andrew walked through and John remembered?,Whose had Andrew walked through movie theaters and John remembered?,syntax,island_effects,coordinate_structure_constraint_complex_left_branch,True,False,True,True,503,-92.72962188720703,-89.15752410888672,0
What hospitals will Roger flee from and Timothy respect?,What will Roger flee from hospitals and Timothy respect?,syntax,island_effects,coordinate_structure_constraint_complex_left_branch,True,False,True,True,504,-82.7286605834961,-76.78501892089844,0
Whose mountains would Susan explore and Renee describe?,Whose would Susan explore mountains and Renee describe?,syntax,island_effects,coordinate_structure_constraint_complex_left_branch,True,False,True,True,505,-93.9727783203125,-89.75598907470703,0
Which drivers had Deanna observed and Paul admired?,Which had Deanna observed drivers and Paul admired?,syntax,island_effects,coordinate_structure_constraint_complex_left_branch,True,False,True,True,506,-78.3968505859375,-78.82887268066406,1
Whose pamphlets was Dennis describing and Ann boasting about?,Whose was Dennis describing pamphlets and Ann boasting about?,syntax,island_effects,coordinate_structure_constraint_complex_left_branch,True,False,True,True,507,-102.7132797241211,-99.51679992675781,0
Whose hills is Kayla biking to and Todd taking?,Whose is Kayla biking to hills and Todd taking?,syntax,island_effects,coordinate_structure_constraint_complex_left_branch,True,False,True,True,508,-103.09756469726562,-97.55658721923828,0
Which men could Charles argue about and that doctor dislike?,Which could Charles argue about men and that doctor dislike?,syntax,island_effects,coordinate_structure_constraint_complex_left_branch,True,False,True,True,509,-81.16938781738281,-80.80484008789062,0
What pedestrians does Samuel flee from and Rebecca question?,What does Samuel flee from pedestrians and Rebecca question?,syntax,island_effects,coordinate_structure_constraint_complex_left_branch,True,False,True,True,510,-83.5262680053711,-80.14014434814453,0
What students had Dawn praised and some senator hated?,What had Dawn praised students and some senator hated?,syntax,island_effects,coordinate_structure_constraint_complex_left_branch,True,False,True,True,511,-80.78168487548828,-79.11235046386719,0
Which cars does Matt break and many teachers sell?,Which does Matt break cars and many teachers sell?,syntax,island_effects,coordinate_structure_constraint_complex_left_branch,True,False,True,True,512,-73.93470764160156,-73.177001953125,0
Which schools should Stacey go to and Roger stun?,Which should Stacey go to schools and Roger stun?,syntax,island_effects,coordinate_structure_constraint_complex_left_branch,True,False,True,True,513,-85.33383178710938,-82.03055572509766,0
What steps is this teacher climbing down and Gerald climbing up?,What is this teacher climbing down steps and Gerald climbing up?,syntax,island_effects,coordinate_structure_constraint_complex_left_branch,True,False,True,True,514,-78.13298797607422,-78.96150970458984,1
What actresses has Debra hurt and that pedestrian aggravated?,What has Debra hurt actresses and that pedestrian aggravated?,syntax,island_effects,coordinate_structure_constraint_complex_left_branch,True,False,True,True,515,-95.69596862792969,-96.27970886230469,1
Which men might Rhonda complain about and Charles hire?,Which might Rhonda complain about men and Charles hire?,syntax,island_effects,coordinate_structure_constraint_complex_left_branch,True,False,True,True,516,-92.834716796875,-89.9647216796875,0
Which committees could Laura question and Travis impress?,Which could Laura question committees and Travis impress?,syntax,island_effects,coordinate_structure_constraint_complex_left_branch,True,False,True,True,517,-75.3227767944336,-77.05752563476562,1
Which children was Eva approaching and art upsetting?,Which was Eva approaching children and art upsetting?,syntax,island_effects,coordinate_structure_constraint_complex_left_branch,True,False,True,True,518,-67.98712921142578,-65.70256805419922,0
Which commentaries did the bank argue about and that student argue about?,Which did the bank argue about commentaries and that student argue about?,syntax,island_effects,coordinate_structure_constraint_complex_left_branch,True,False,True,True,519,-104.14662170410156,-101.3778076171875,0
Whose schools was Ronald dropping by and Colleen walking through?,Whose was Ronald dropping by schools and Colleen walking through?,syntax,island_effects,coordinate_structure_constraint_complex_left_branch,True,False,True,True,520,-103.14379119873047,-99.18473052978516,0
Which muffins is Sandra finding and Spain taking?,Which is Sandra finding muffins and Spain taking?,syntax,island_effects,coordinate_structure_constraint_complex_left_branch,True,False,True,True,521,-79.36445617675781,-76.9310531616211,0
Whose reports has Sabrina examined and Tanya hidden?,Whose has Sabrina examined reports and Tanya hidden?,syntax,island_effects,coordinate_structure_constraint_complex_left_branch,True,False,True,True,522,-104.70603942871094,-101.8970947265625,0
Which guys was every pepper aggravating and Amy annoying?,Which was every pepper aggravating guys and Amy annoying?,syntax,island_effects,coordinate_structure_constraint_complex_left_branch,True,False,True,True,523,-84.79170227050781,-86.24427795410156,1
What books had Theodore praised and the woman boasted about?,What had Theodore praised books and the woman boasted about?,syntax,island_effects,coordinate_structure_constraint_complex_left_branch,True,False,True,True,524,-79.36246490478516,-76.27642059326172,0
Whose theses could Jill reveal and Omar hate?,Whose could Jill reveal theses and Omar hate?,syntax,island_effects,coordinate_structure_constraint_complex_left_branch,True,False,True,True,525,-93.36904907226562,-88.90060424804688,0
Which socks have some customers worn and Theresa bought?,Which have some customers worn socks and Theresa bought?,syntax,island_effects,coordinate_structure_constraint_complex_left_branch,True,False,True,True,526,-75.03350830078125,-73.26876068115234,0
What teenagers had Diana fled from and this mountain distracted?,What had Diana fled from teenagers and this mountain distracted?,syntax,island_effects,coordinate_structure_constraint_complex_left_branch,True,False,True,True,527,-85.60481262207031,-81.94970703125,0
Which banks was Barbara biking to and a cashier insulting?,Which was Barbara biking to banks and a cashier insulting?,syntax,island_effects,coordinate_structure_constraint_complex_left_branch,True,False,True,True,528,-93.99494934082031,-88.2658920288086,0
What people can Liam watch and Danielle conceal?,What can Liam watch people and Danielle conceal?,syntax,island_effects,coordinate_structure_constraint_complex_left_branch,True,False,True,True,529,-72.8590087890625,-71.7994384765625,0
Which boys is Edward talking to and Cheryl fleeing from?,Which is Edward talking to boys and Cheryl fleeing from?,syntax,island_effects,coordinate_structure_constraint_complex_left_branch,True,False,True,True,530,-81.25025939941406,-78.30940246582031,0
Whose photographs have some actresses looked like and Monica sold?,Whose have some actresses looked like photographs and Monica sold?,syntax,island_effects,coordinate_structure_constraint_complex_left_branch,True,False,True,True,531,-95.18638610839844,-90.64140319824219,0
What ladies have the rugs irritated and Valerie observed?,What have the rugs irritated ladies and Valerie observed?,syntax,island_effects,coordinate_structure_constraint_complex_left_branch,True,False,True,True,532,-82.92743682861328,-81.77284240722656,0
What schools had Carl talked about and Helen thought about?,What had Carl talked about schools and Helen thought about?,syntax,island_effects,coordinate_structure_constraint_complex_left_branch,True,False,True,True,533,-73.51304626464844,-68.17365264892578,0
What guys did Martin flee from and Rodney know?,What did Martin flee from guys and Rodney know?,syntax,island_effects,coordinate_structure_constraint_complex_left_branch,True,False,True,True,534,-75.0703353881836,-73.93883514404297,0
Which slopes has Rodney climbed down and the person bought?,Which has Rodney climbed down slopes and the person bought?,syntax,island_effects,coordinate_structure_constraint_complex_left_branch,True,False,True,True,535,-76.86167907714844,-78.84000396728516,1
What dancers would Sabrina work with and Gregory visit?,What would Sabrina work with dancers and Gregory visit?,syntax,island_effects,coordinate_structure_constraint_complex_left_branch,True,False,True,True,536,-90.08242797851562,-85.37276458740234,0
Which teenagers was literature aggravating and Bradley returning to?,Which was literature aggravating teenagers and Bradley returning to?,syntax,island_effects,coordinate_structure_constraint_complex_left_branch,True,False,True,True,537,-85.28688049316406,-85.95988464355469,1
What planes does Laurie fix and Jodi take?,What does Laurie fix planes and Jodi take?,syntax,island_effects,coordinate_structure_constraint_complex_left_branch,True,False,True,True,538,-85.33229064941406,-82.66049194335938,0
Which men was Andrea discussing and Ella concealing?,Which was Andrea discussing men and Ella concealing?,syntax,island_effects,coordinate_structure_constraint_complex_left_branch,True,False,True,True,539,-83.75192260742188,-81.64097595214844,0
Which patients was the book disagreeing with and Valerie discussing?,Which was the book disagreeing with patients and Valerie discussing?,syntax,island_effects,coordinate_structure_constraint_complex_left_branch,True,False,True,True,540,-89.33602905273438,-81.63711547851562,0
What children has Aaron known and Kendra worked with?,What has Aaron known children and Kendra worked with?,syntax,island_effects,coordinate_structure_constraint_complex_left_branch,True,False,True,True,541,-84.03152465820312,-83.09439086914062,0
Which trucks was Adam admiring and the cashier revealing?,Which was Adam admiring trucks and the cashier revealing?,syntax,island_effects,coordinate_structure_constraint_complex_left_branch,True,False,True,True,542,-91.41816711425781,-90.28739929199219,0
What slopes has Martin ascended and Frank found?,What has Martin ascended slopes and Frank found?,syntax,island_effects,coordinate_structure_constraint_complex_left_branch,True,False,True,True,543,-71.4395751953125,-71.34468078613281,0
What restaurants is Robert exiting and Todd buying?,What is Robert exiting restaurants and Todd buying?,syntax,island_effects,coordinate_structure_constraint_complex_left_branch,True,False,True,True,544,-78.05140686035156,-77.02914428710938,0
What universities had Candice astounded and every story alarmed?,What had Candice astounded universities and every story alarmed?,syntax,island_effects,coordinate_structure_constraint_complex_left_branch,True,False,True,True,545,-95.37883758544922,-94.63777923583984,0
What dancers was Nina noticing and most teachers confusing?,What was Nina noticing dancers and most teachers confusing?,syntax,island_effects,coordinate_structure_constraint_complex_left_branch,True,False,True,True,546,-83.14167785644531,-80.50049591064453,0
What actresses can Tonya hate and Lisa watch?,What can Tonya hate actresses and Lisa watch?,syntax,island_effects,coordinate_structure_constraint_complex_left_branch,True,False,True,True,547,-79.35890197753906,-74.90200805664062,0
What teachers has that boy investigated and Vincent helped?,What has that boy investigated teachers and Vincent helped?,syntax,island_effects,coordinate_structure_constraint_complex_left_branch,True,False,True,True,548,-75.12073516845703,-74.31649780273438,0
Which boys will Rachel discuss and some sock shock?,Which will Rachel discuss boys and some sock shock?,syntax,island_effects,coordinate_structure_constraint_complex_left_branch,True,False,True,True,549,-76.52145385742188,-76.37055969238281,0
What teenagers would most slopes bore and Galileo talk to?,What would most slopes bore teenagers and Galileo talk to?,syntax,island_effects,coordinate_structure_constraint_complex_left_branch,True,False,True,True,550,-86.66535186767578,-82.66294860839844,0
Whose blouses was Robert wearing and Steven thinking about?,Whose was Robert wearing blouses and Steven thinking about?,syntax,island_effects,coordinate_structure_constraint_complex_left_branch,True,False,True,True,551,-91.8978271484375,-87.17477416992188,0
Whose hamsters did all adults heal and Kristin have?,Whose did all adults heal hamsters and Kristin have?,syntax,island_effects,coordinate_structure_constraint_complex_left_branch,True,False,True,True,552,-101.7297134399414,-99.99967956542969,0
Which customers does Craig help and Adam argue about?,Which does Craig help customers and Adam argue about?,syntax,island_effects,coordinate_structure_constraint_complex_left_branch,True,False,True,True,553,-79.31375122070312,-77.4369125366211,0
What hills had some adult climbed down and Aaron climbed up?,What had some adult climbed down hills and Aaron climbed up?,syntax,island_effects,coordinate_structure_constraint_complex_left_branch,True,False,True,True,554,-81.34683227539062,-79.99885559082031,0
Which students is that window shocking and Gary stunning?,Which is that window shocking students and Gary stunning?,syntax,island_effects,coordinate_structure_constraint_complex_left_branch,True,False,True,True,555,-78.24596405029297,-75.0096435546875,0
What slopes might the dancers admire and Cheryl descend?,What might the dancers admire slopes and Cheryl descend?,syntax,island_effects,coordinate_structure_constraint_complex_left_branch,True,False,True,True,556,-84.65333557128906,-81.52572631835938,0
Which women should that boy love and Sheila reference?,Which should that boy love women and Sheila reference?,syntax,island_effects,coordinate_structure_constraint_complex_left_branch,True,False,True,True,557,-72.90058898925781,-69.60908508300781,0
Which hats did Teresa lift and Diana conceal?,Which did Teresa lift hats and Diana conceal?,syntax,island_effects,coordinate_structure_constraint_complex_left_branch,True,False,True,True,558,-78.10650634765625,-75.31465148925781,0
What slopes would Catherine ascend and pedestrians reveal?,What would Catherine ascend slopes and pedestrians reveal?,syntax,island_effects,coordinate_structure_constraint_complex_left_branch,True,False,True,True,559,-81.73098754882812,-80.05879974365234,0
What gloves had Connie messed up and Curtis lifted?,What had Connie messed up gloves and Curtis lifted?,syntax,island_effects,coordinate_structure_constraint_complex_left_branch,True,False,True,True,560,-76.68836212158203,-75.21957397460938,0
What men was this window confusing and Mary watching?,What was this window confusing men and Mary watching?,syntax,island_effects,coordinate_structure_constraint_complex_left_branch,True,False,True,True,561,-69.05258178710938,-67.17701721191406,0
What waitresses might the men listen to and Rachelle work with?,What might the men listen to waitresses and Rachelle work with?,syntax,island_effects,coordinate_structure_constraint_complex_left_branch,True,False,True,True,562,-95.9701156616211,-86.77178192138672,0
Whose art galleries would Walter criticize and Becca escape from?,Whose would Walter criticize art galleries and Becca escape from?,syntax,island_effects,coordinate_structure_constraint_complex_left_branch,True,False,True,True,563,-109.86457824707031,-108.59872436523438,0
Which apples has Linda noticed and Christina concealed?,Which has Linda noticed apples and Christina concealed?,syntax,island_effects,coordinate_structure_constraint_complex_left_branch,True,False,True,True,564,-74.92282104492188,-72.56507873535156,0
Which teenagers had many trucks irritated and Jodi visited?,Which had many trucks irritated teenagers and Jodi visited?,syntax,island_effects,coordinate_structure_constraint_complex_left_branch,True,False,True,True,565,-91.5211181640625,-90.5843505859375,0
What closets have most women driven to and the student described?,What have most women driven to closets and the student described?,syntax,island_effects,coordinate_structure_constraint_complex_left_branch,True,False,True,True,566,-95.16482543945312,-88.11893463134766,0
Whose commentaries was Rachel examining and Travis arguing about?,Whose was Rachel examining commentaries and Travis arguing about?,syntax,island_effects,coordinate_structure_constraint_complex_left_branch,True,False,True,True,567,-105.03715515136719,-101.00328063964844,0
What movie theaters are those boys arriving at and Jerry visiting?,What are those boys arriving at movie theaters and Jerry visiting?,syntax,island_effects,coordinate_structure_constraint_complex_left_branch,True,False,True,True,568,-96.54661560058594,-91.79278564453125,0
Which synopses did Leslie talk about and Ruth complain about?,Which did Leslie talk about synopses and Ruth complain about?,syntax,island_effects,coordinate_structure_constraint_complex_left_branch,True,False,True,True,569,-98.76435089111328,-98.91642761230469,1
What teachers was every carriage hurting and Victoria listening to?,What was every carriage hurting teachers and Victoria listening to?,syntax,island_effects,coordinate_structure_constraint_complex_left_branch,True,False,True,True,570,-81.70126342773438,-77.73889923095703,0
Whose oases had Laurie visited and April insulted?,Whose had Laurie visited oases and April insulted?,syntax,island_effects,coordinate_structure_constraint_complex_left_branch,True,False,True,True,571,-90.03569030761719,-87.49607849121094,0
What waitresses had Carmen hurt and Teresa worked with?,What had Carmen hurt waitresses and Teresa worked with?,syntax,island_effects,coordinate_structure_constraint_complex_left_branch,True,False,True,True,572,-86.94650268554688,-85.05230712890625,0
Which syntheses had Sharon appreciated and Tanya complained about?,Which had Sharon appreciated syntheses and Tanya complained about?,syntax,island_effects,coordinate_structure_constraint_complex_left_branch,True,False,True,True,573,-95.81515502929688,-97.8863296508789,1
Which women should doctors watch and those adults confuse?,Which should doctors watch women and those adults confuse?,syntax,island_effects,coordinate_structure_constraint_complex_left_branch,True,False,True,True,574,-79.39128112792969,-79.53165435791016,1
What guests should this shirt confuse and those girls care for?,What should this shirt confuse guests and those girls care for?,syntax,island_effects,coordinate_structure_constraint_complex_left_branch,True,False,True,True,575,-84.05244445800781,-81.35478210449219,0
Which students will Meredith worry and Danielle talk about?,Which will Meredith worry students and Danielle talk about?,syntax,island_effects,coordinate_structure_constraint_complex_left_branch,True,False,True,True,576,-76.48051452636719,-77.56449890136719,1
Whose oases should the waitresses walk through and Patrick sell?,Whose should the waitresses walk through oases and Patrick sell?,syntax,island_effects,coordinate_structure_constraint_complex_left_branch,True,False,True,True,577,-110.19670867919922,-111.08167266845703,1
What wheelbarrows was Mary breaking and that print looking like?,What was Mary breaking wheelbarrows and that print looking like?,syntax,island_effects,coordinate_structure_constraint_complex_left_branch,True,False,True,True,578,-97.39754486083984,-92.1146011352539,0
Which patients had Heidi aggravated and Marla healed?,Which had Heidi aggravated patients and Marla healed?,syntax,island_effects,coordinate_structure_constraint_complex_left_branch,True,False,True,True,579,-83.34542846679688,-81.86543273925781,0
Whose libraries is that customer upsetting and Tina passing?,Whose is that customer upsetting libraries and Tina passing?,syntax,island_effects,coordinate_structure_constraint_complex_left_branch,True,False,True,True,580,-93.9803466796875,-89.77833557128906,0
What feet might Aaron hide and Douglas reveal?,What might Aaron hide feet and Douglas reveal?,syntax,island_effects,coordinate_structure_constraint_complex_left_branch,True,False,True,True,581,-75.46858215332031,-74.153564453125,0
What cashiers does some university disturb and Kayla disturb?,What does some university disturb cashiers and Kayla disturb?,syntax,island_effects,coordinate_structure_constraint_complex_left_branch,True,False,True,True,582,-104.8645248413086,-100.93220520019531,0
Which pedestrians has Marie concealed and Laura remembered?,Which has Marie concealed pedestrians and Laura remembered?,syntax,island_effects,coordinate_structure_constraint_complex_left_branch,True,False,True,True,583,-74.15345764160156,-74.99383544921875,1
Which rivers can Leslie walk through and Katherine run around?,Which can Leslie walk through rivers and Katherine run around?,syntax,island_effects,coordinate_structure_constraint_complex_left_branch,True,False,True,True,584,-81.45497131347656,-79.8355941772461,0
What children can many children kiss and Omar conceal?,What can many children kiss children and Omar conceal?,syntax,island_effects,coordinate_structure_constraint_complex_left_branch,True,False,True,True,585,-73.47574615478516,-72.97840881347656,0
Which customers have the Clintons cured and Irene noticed?,Which have the Clintons cured customers and Irene noticed?,syntax,island_effects,coordinate_structure_constraint_complex_left_branch,True,False,True,True,586,-87.14382934570312,-86.98078155517578,0
What banks was Benjamin exploring and Liam cleaning?,What was Benjamin exploring banks and Liam cleaning?,syntax,island_effects,coordinate_structure_constraint_complex_left_branch,True,False,True,True,587,-77.47760772705078,-73.43653869628906,0
What public parks does Chad return to and Holly arrive at?,What does Chad return to public parks and Holly arrive at?,syntax,island_effects,coordinate_structure_constraint_complex_left_branch,True,False,True,True,588,-98.71484375,-90.25523376464844,0
Whose college campuses has Kenneth dropped by and Wayne driven to?,Whose has Kenneth dropped by college campuses and Wayne driven to?,syntax,island_effects,coordinate_structure_constraint_complex_left_branch,True,False,True,True,589,-103.32317352294922,-97.94230651855469,0
Whose nuclei is Marla cleaning and Derek concealing?,Whose is Marla cleaning nuclei and Derek concealing?,syntax,island_effects,coordinate_structure_constraint_complex_left_branch,True,False,True,True,590,-106.65348815917969,-103.57548522949219,0
Which customers has Beth fled from and Guy complained about?,Which has Beth fled from customers and Guy complained about?,syntax,island_effects,coordinate_structure_constraint_complex_left_branch,True,False,True,True,591,-83.7767562866211,-81.059326171875,0
Which cashiers had Heather praised and Nancy revealed?,Which had Heather praised cashiers and Nancy revealed?,syntax,island_effects,coordinate_structure_constraint_complex_left_branch,True,False,True,True,592,-82.64604187011719,-81.19829559326172,0
What cashiers has Erin cured and Stacey left?,What has Erin cured cashiers and Stacey left?,syntax,island_effects,coordinate_structure_constraint_complex_left_branch,True,False,True,True,593,-89.68165588378906,-89.45036315917969,0
What men was Janice leaving and the shawls annoying?,What was Janice leaving men and the shawls annoying?,syntax,island_effects,coordinate_structure_constraint_complex_left_branch,True,False,True,True,594,-92.7459487915039,-89.40686798095703,0
What libraries had Rebecca admired and Kimberley confused?,What had Rebecca admired libraries and Kimberley confused?,syntax,island_effects,coordinate_structure_constraint_complex_left_branch,True,False,True,True,595,-86.78974914550781,-84.60296630859375,0
What forks is James concealing and every dog breaking?,What is James concealing forks and every dog breaking?,syntax,island_effects,coordinate_structure_constraint_complex_left_branch,True,False,True,True,596,-86.07334899902344,-87.1331787109375,1
What carts would Brian sell and Heather reveal?,What would Brian sell carts and Heather reveal?,syntax,island_effects,coordinate_structure_constraint_complex_left_branch,True,False,True,True,597,-78.96897888183594,-75.6612548828125,0
What museums is Bill skated around and James discovering?,What is Bill skated around museums and James discovering?,syntax,island_effects,coordinate_structure_constraint_complex_left_branch,True,False,True,True,598,-88.09130859375,-87.07218933105469,0
What libraries had Jesus visited and Debra fled from?,What had Jesus visited libraries and Debra fled from?,syntax,island_effects,coordinate_structure_constraint_complex_left_branch,True,False,True,True,599,-88.7593994140625,-85.02360534667969,0
What boys can Katherine escape from and Harvard University help?,What can Katherine escape from boys and Harvard University help?,syntax,island_effects,coordinate_structure_constraint_complex_left_branch,True,False,True,True,600,-84.5294189453125,-81.57260131835938,0
Which students has Bruce listened to and Andrea attacked?,Which has Bruce listened to students and Andrea attacked?,syntax,island_effects,coordinate_structure_constraint_complex_left_branch,True,False,True,True,601,-76.55854797363281,-74.13262176513672,0
Whose banks had Ella disgusted and George arrived at?,Whose had Ella disgusted banks and George arrived at?,syntax,island_effects,coordinate_structure_constraint_complex_left_branch,True,False,True,True,602,-87.71044921875,-84.74812316894531,0
What mountains has every cashier explored and Scott disliked?,What has every cashier explored mountains and Scott disliked?,syntax,island_effects,coordinate_structure_constraint_complex_left_branch,True,False,True,True,603,-90.95819091796875,-87.95352172851562,0
Whose paralyses was Denise complaining about and Andrea researching?,Whose was Denise complaining about paralyses and Andrea researching?,syntax,island_effects,coordinate_structure_constraint_complex_left_branch,True,False,True,True,604,-103.48771667480469,-99.99768829345703,0
Whose analyses was Sara examining and Roger scanning?,Whose was Sara examining analyses and Roger scanning?,syntax,island_effects,coordinate_structure_constraint_complex_left_branch,True,False,True,True,605,-88.81527709960938,-85.38722229003906,0
Which dancers can Tanya love and Spain hire?,Which can Tanya love dancers and Spain hire?,syntax,island_effects,coordinate_structure_constraint_complex_left_branch,True,False,True,True,606,-80.71261596679688,-79.55378723144531,0
What ladders would Debra ascend and Judy discover?,What would Debra ascend ladders and Judy discover?,syntax,island_effects,coordinate_structure_constraint_complex_left_branch,True,False,True,True,607,-93.02811431884766,-90.05181884765625,0
Which universities had plays astounded and the hospitals impressed?,Which had plays astounded universities and the hospitals impressed?,syntax,island_effects,coordinate_structure_constraint_complex_left_branch,True,False,True,True,608,-83.24858856201172,-82.18093872070312,0
What offspring has some teacher remembered and Frank discovered?,What has some teacher remembered offspring and Frank discovered?,syntax,island_effects,coordinate_structure_constraint_complex_left_branch,True,False,True,True,609,-74.93638610839844,-73.32475280761719,0
Whose legislatures are these couches confusing and Emily boycotting?,Whose are these couches confusing legislatures and Emily boycotting?,syntax,island_effects,coordinate_structure_constraint_complex_left_branch,True,False,True,True,610,-112.93344116210938,-112.23078155517578,0
Which ladies had many legislatures criticized and most pedestrians observed?,Which had many legislatures criticized ladies and most pedestrians observed?,syntax,island_effects,coordinate_structure_constraint_complex_left_branch,True,False,True,True,611,-87.45621490478516,-88.30067443847656,1
Which glaciers had Amanda boycotted and Sara sold?,Which had Amanda boycotted glaciers and Sara sold?,syntax,island_effects,coordinate_structure_constraint_complex_left_branch,True,False,True,True,612,-91.21351623535156,-90.7366943359375,0
What organizations has a dress irritated and Becca noticed?,What has a dress irritated organizations and Becca noticed?,syntax,island_effects,coordinate_structure_constraint_complex_left_branch,True,False,True,True,613,-85.56605529785156,-83.28778839111328,0
What waiters had Leslie helped and a lot of drawings confused?,What had Leslie helped waiters and a lot of drawings confused?,syntax,island_effects,coordinate_structure_constraint_complex_left_branch,True,False,True,True,614,-89.63707733154297,-86.89566040039062,0
Which people was the convertible annoying and Bruce attacking?,Which was the convertible annoying people and Bruce attacking?,syntax,island_effects,coordinate_structure_constraint_complex_left_branch,True,False,True,True,615,-73.10476684570312,-71.77886962890625,0
What children should Dennis care for and Alice astound?,What should Dennis care for children and Alice astound?,syntax,island_effects,coordinate_structure_constraint_complex_left_branch,True,False,True,True,616,-79.43547058105469,-73.47282409667969,0
Whose rabbits will those ladies cure and Lawrence hide?,Whose will those ladies cure rabbits and Lawrence hide?,syntax,island_effects,coordinate_structure_constraint_complex_left_branch,True,False,True,True,617,-87.41040802001953,-86.2353515625,0
Whose pants did Anne wear and Andrea clean?,Whose did Anne wear pants and Andrea clean?,syntax,island_effects,coordinate_structure_constraint_complex_left_branch,True,False,True,True,618,-82.12105560302734,-78.48505401611328,0
What deer might Jane heal and the man bring?,What might Jane heal deer and the man bring?,syntax,island_effects,coordinate_structure_constraint_complex_left_branch,True,False,True,True,619,-71.64193725585938,-70.65353393554688,0
What wheelbarrows is Claire fixing and David admiring?,What is Claire fixing wheelbarrows and David admiring?,syntax,island_effects,coordinate_structure_constraint_complex_left_branch,True,False,True,True,620,-99.09980773925781,-97.50466918945312,0
Which customers had Deanna respected and some cup disturbed?,Which had Deanna respected customers and some cup disturbed?,syntax,island_effects,coordinate_structure_constraint_complex_left_branch,True,False,True,True,621,-85.68758392333984,-84.13030242919922,0
Whose governments had Kristin thought about and most lights irritated?,Whose had Kristin thought about governments and most lights irritated?,syntax,island_effects,coordinate_structure_constraint_complex_left_branch,True,False,True,True,622,-103.8591537475586,-98.3271484375,0
Whose hospitals had Irene disturbed and a waitress driven to?,Whose had Irene disturbed hospitals and a waitress driven to?,syntax,island_effects,coordinate_structure_constraint_complex_left_branch,True,False,True,True,623,-99.49736022949219,-96.83341979980469,0
Which dancers has Diane worked with and every scarf bored?,Which has Diane worked with dancers and every scarf bored?,syntax,island_effects,coordinate_structure_constraint_complex_left_branch,True,False,True,True,624,-87.18468475341797,-84.31744384765625,0
Which ladies is a person confusing and Kristin finding?,Which is a person confusing ladies and Kristin finding?,syntax,island_effects,coordinate_structure_constraint_complex_left_branch,True,False,True,True,625,-76.23054504394531,-74.96038818359375,0
Which movie theaters had every teacher passed and Mitchell noticed?,Which had every teacher passed movie theaters and Mitchell noticed?,syntax,island_effects,coordinate_structure_constraint_complex_left_branch,True,False,True,True,626,-85.04595947265625,-86.43695831298828,1
Whose movie theaters can those waitresses drive to and Galileo drive to?,Whose can those waitresses drive to movie theaters and Galileo drive to?,syntax,island_effects,coordinate_structure_constraint_complex_left_branch,True,False,True,True,627,-122.3876953125,-119.31241607666016,0
Which girls does Timothy escape from and Beth reveal?,Which does Timothy escape from girls and Beth reveal?,syntax,island_effects,coordinate_structure_constraint_complex_left_branch,True,False,True,True,628,-79.67334747314453,-77.99714660644531,0
Which carriages does Tina notice and that company like?,Which does Tina notice carriages and that company like?,syntax,island_effects,coordinate_structure_constraint_complex_left_branch,True,False,True,True,629,-80.32764434814453,-82.4051513671875,1
Whose hospitals had Becca appreciated and Helen scared?,Whose had Becca appreciated hospitals and Helen scared?,syntax,island_effects,coordinate_structure_constraint_complex_left_branch,True,False,True,True,630,-92.35820007324219,-91.8467025756836,0
What means did Tammy boast about and Anna boast about?,What did Tammy boast about means and Anna boast about?,syntax,island_effects,coordinate_structure_constraint_complex_left_branch,True,False,True,True,631,-87.37409973144531,-84.72538757324219,0
What children were a lot of cashiers disagreeing with and Lori insulting?,What were a lot of cashiers disagreeing with children and Lori insulting?,syntax,island_effects,coordinate_structure_constraint_complex_left_branch,True,False,True,True,632,-104.14079284667969,-98.46110534667969,0
What actors had Randolf listened to and Alexander astounded?,What had Randolf listened to actors and Alexander astounded?,syntax,island_effects,coordinate_structure_constraint_complex_left_branch,True,False,True,True,633,-98.30802917480469,-92.6692123413086,0
Which boys might Tina annoy and every drawing impress?,Which might Tina annoy boys and every drawing impress?,syntax,island_effects,coordinate_structure_constraint_complex_left_branch,True,False,True,True,634,-81.76583862304688,-79.9543228149414,0
Which public parks is Amanda passing and Timothy thinking about?,Which is Amanda passing public parks and Timothy thinking about?,syntax,island_effects,coordinate_structure_constraint_complex_left_branch,True,False,True,True,635,-83.35087585449219,-82.13755798339844,0
Whose committees had Mary discovered and this beef irritated?,Whose had Mary discovered committees and this beef irritated?,syntax,island_effects,coordinate_structure_constraint_complex_left_branch,True,False,True,True,636,-91.13133239746094,-89.5517578125,0
Which patients does Grace know and Laurie upset?,Which does Grace know patients and Laurie upset?,syntax,island_effects,coordinate_structure_constraint_complex_left_branch,True,False,True,True,637,-71.63273620605469,-69.3409423828125,0
Which guests are the couches upsetting and Nina thinking about?,Which are the couches upsetting guests and Nina thinking about?,syntax,island_effects,coordinate_structure_constraint_complex_left_branch,True,False,True,True,638,-85.18856811523438,-84.89232635498047,0
What customers could Gary work with and some child dislike?,What could Gary work with customers and some child dislike?,syntax,island_effects,coordinate_structure_constraint_complex_left_branch,True,False,True,True,639,-82.94395446777344,-76.27278900146484,0
Whose movie theaters would Sara leave and the Borgias visit?,Whose would Sara leave movie theaters and the Borgias visit?,syntax,island_effects,coordinate_structure_constraint_complex_left_branch,True,False,True,True,640,-107.66117095947266,-105.5096206665039,0
Which lakes had waiters exited and Mitchell remembered?,Which had waiters exited lakes and Mitchell remembered?,syntax,island_effects,coordinate_structure_constraint_complex_left_branch,True,False,True,True,641,-86.90251159667969,-85.48954010009766,0
What gloves is Rebecca cleaning and Diane revealing?,What is Rebecca cleaning gloves and Diane revealing?,syntax,island_effects,coordinate_structure_constraint_complex_left_branch,True,False,True,True,642,-75.07716369628906,-72.84243774414062,0
What offspring was Brian hugging and Anne thinking about?,What was Brian hugging offspring and Anne thinking about?,syntax,island_effects,coordinate_structure_constraint_complex_left_branch,True,False,True,True,643,-72.3743667602539,-70.4122314453125,0
What cafes should Debra bike to and Jane admire?,What should Debra bike to cafes and Jane admire?,syntax,island_effects,coordinate_structure_constraint_complex_left_branch,True,False,True,True,644,-92.38378143310547,-86.23863220214844,0
Which species is Brett lifting and this boy revealing?,Which is Brett lifting species and this boy revealing?,syntax,island_effects,coordinate_structure_constraint_complex_left_branch,True,False,True,True,645,-77.07636260986328,-77.1190185546875,1
What drivers was James attacking and a girl thinking about?,What was James attacking drivers and a girl thinking about?,syntax,island_effects,coordinate_structure_constraint_complex_left_branch,True,False,True,True,646,-71.63123321533203,-69.08622741699219,0
Which drivers has the boy listened to and some cars worried?,Which has the boy listened to drivers and some cars worried?,syntax,island_effects,coordinate_structure_constraint_complex_left_branch,True,False,True,True,647,-77.64038848876953,-74.65080261230469,0
Which teachers will Ruth shock and some dancer look like?,Which will Ruth shock teachers and some dancer look like?,syntax,island_effects,coordinate_structure_constraint_complex_left_branch,True,False,True,True,648,-77.21577453613281,-79.27297973632812,1
Whose banks was Margaret biking to and Rebecca messing up?,Whose was Margaret biking to banks and Rebecca messing up?,syntax,island_effects,coordinate_structure_constraint_complex_left_branch,True,False,True,True,649,-97.51565551757812,-90.41191101074219,0
Which hospitals has Renee arrived at and that shoe alarmed?,Which has Renee arrived at hospitals and that shoe alarmed?,syntax,island_effects,coordinate_structure_constraint_complex_left_branch,True,False,True,True,650,-90.669189453125,-87.87428283691406,0
What men had many essays disagreed with and Helen bored?,What had many essays disagreed with men and Helen bored?,syntax,island_effects,coordinate_structure_constraint_complex_left_branch,True,False,True,True,651,-84.16963958740234,-80.6467056274414,0
What waitresses will this doctor approach and Carl boast about?,What will this doctor approach waitresses and Carl boast about?,syntax,island_effects,coordinate_structure_constraint_complex_left_branch,True,False,True,True,652,-90.60354614257812,-88.72891998291016,0
Which dancers is Edward returning to and Becky praising?,Which is Edward returning to dancers and Becky praising?,syntax,island_effects,coordinate_structure_constraint_complex_left_branch,True,False,True,True,653,-78.59944915771484,-74.3568115234375,0
Whose lamps has Lissa cleaned and a dancer thought about?,Whose has Lissa cleaned lamps and a dancer thought about?,syntax,island_effects,coordinate_structure_constraint_complex_left_branch,True,False,True,True,654,-98.34027099609375,-96.04926300048828,0
Which college campuses had Russell exited and Mary messed up?,Which had Russell exited college campuses and Mary messed up?,syntax,island_effects,coordinate_structure_constraint_complex_left_branch,True,False,True,True,655,-88.26911926269531,-87.3841552734375,0
Which waitresses did Janice attack and that water distract?,Which did Janice attack waitresses and that water distract?,syntax,island_effects,coordinate_structure_constraint_complex_left_branch,True,False,True,True,656,-94.65480041503906,-91.99179077148438,0
What senators can Cindy aggravate and Scott watch?,What can Cindy aggravate senators and Scott watch?,syntax,island_effects,coordinate_structure_constraint_complex_left_branch,True,False,True,True,657,-83.81714630126953,-83.66797637939453,0
What cups might Nina buy and Caroline admire?,What might Nina buy cups and Caroline admire?,syntax,island_effects,coordinate_structure_constraint_complex_left_branch,True,False,True,True,658,-74.16139221191406,-71.70234680175781,0
Whose college campuses would Debra discuss and Peter reveal?,Whose would Debra discuss college campuses and Peter reveal?,syntax,island_effects,coordinate_structure_constraint_complex_left_branch,True,False,True,True,659,-104.57776641845703,-102.13020324707031,0
Which offspring is Edward working with and all gates impressing?,Which is Edward working with offspring and all gates impressing?,syntax,island_effects,coordinate_structure_constraint_complex_left_branch,True,False,True,True,660,-93.4946517944336,-88.92414093017578,0
Whose dishes had Anna cleaned and Donna thought about?,Whose had Anna cleaned dishes and Donna thought about?,syntax,island_effects,coordinate_structure_constraint_complex_left_branch,True,False,True,True,661,-82.71684265136719,-78.20747375488281,0
Whose oases has Helen skated around and Kendra found?,Whose has Helen skated around oases and Kendra found?,syntax,island_effects,coordinate_structure_constraint_complex_left_branch,True,False,True,True,662,-110.18923950195312,-109.61613464355469,0
What stimuli had Sheila brought and Karla concealed?,What had Sheila brought stimuli and Karla concealed?,syntax,island_effects,coordinate_structure_constraint_complex_left_branch,True,False,True,True,663,-87.85811614990234,-83.27493286132812,0
Whose plays had Jennifer forgotten and Donald thought about?,Whose had Jennifer forgotten plays and Donald thought about?,syntax,island_effects,coordinate_structure_constraint_complex_left_branch,True,False,True,True,664,-82.1092300415039,-82.97465515136719,1
Which pictures has Craig discovered and some closet looked like?,Which has Craig discovered pictures and some closet looked like?,syntax,island_effects,coordinate_structure_constraint_complex_left_branch,True,False,True,True,665,-78.08784484863281,-76.41049194335938,0
What gates does Kendra reveal and that boy take?,What does Kendra reveal gates and that boy take?,syntax,island_effects,coordinate_structure_constraint_complex_left_branch,True,False,True,True,666,-88.65013122558594,-86.26718139648438,0
Which art galleries did Helen go to and Victoria describe?,Which did Helen go to art galleries and Victoria describe?,syntax,island_effects,coordinate_structure_constraint_complex_left_branch,True,False,True,True,667,-86.83970642089844,-82.06533813476562,0
Which college campuses have some associations disliked and Sandra escaped from?,Which have some associations disliked college campuses and Sandra escaped from?,syntax,island_effects,coordinate_structure_constraint_complex_left_branch,True,False,True,True,668,-98.0832748413086,-96.0127182006836,0
Whose closets has Richard sounded like and Kristin bought?,Whose has Richard sounded like closets and Kristin bought?,syntax,island_effects,coordinate_structure_constraint_complex_left_branch,True,False,True,True,669,-103.63166809082031,-99.82427978515625,0
What prints can Winston Churchill look like and Carlos look like?,What can Winston Churchill look like prints and Carlos look like?,syntax,island_effects,coordinate_structure_constraint_complex_left_branch,True,False,True,True,670,-93.24748992919922,-89.65184020996094,0
What people was Guy finding and Amy helping?,What was Guy finding people and Amy helping?,syntax,island_effects,coordinate_structure_constraint_complex_left_branch,True,False,True,True,671,-67.98358154296875,-64.53384399414062,0
Whose carriages would Beth clean and that actress hide?,Whose would Beth clean carriages and that actress hide?,syntax,island_effects,coordinate_structure_constraint_complex_left_branch,True,False,True,True,672,-96.74710083007812,-94.3658676147461,0
Whose hills has Rhonda arrived at and Todd sounded like?,Whose has Rhonda arrived at hills and Todd sounded like?,syntax,island_effects,coordinate_structure_constraint_complex_left_branch,True,False,True,True,673,-103.26617431640625,-98.3536376953125,0
Which geese did Jill bring and Janice conceal?,Which did Jill bring geese and Janice conceal?,syntax,island_effects,coordinate_structure_constraint_complex_left_branch,True,False,True,True,674,-90.06393432617188,-86.878173828125,0
Whose glaciers was Stephen driving to and Monica describing?,Whose was Stephen driving to glaciers and Monica describing?,syntax,island_effects,coordinate_structure_constraint_complex_left_branch,True,False,True,True,675,-94.84281921386719,-89.47562408447266,0
Which waiters is this hill irritating and Cynthia fleeing from?,Which is this hill irritating waiters and Cynthia fleeing from?,syntax,island_effects,coordinate_structure_constraint_complex_left_branch,True,False,True,True,676,-94.90214538574219,-93.03933715820312,0
What dancers does Judy argue about and many senators kiss?,What does Judy argue about dancers and many senators kiss?,syntax,island_effects,coordinate_structure_constraint_complex_left_branch,True,False,True,True,677,-89.5223388671875,-86.07292938232422,0
Which pedestrians has Tiffany alarmed and Chad listened to?,Which has Tiffany alarmed pedestrians and Chad listened to?,syntax,island_effects,coordinate_structure_constraint_complex_left_branch,True,False,True,True,678,-79.10646057128906,-81.28914642333984,1
Which waiters are these teachers referencing and these scarves astounding?,Which are these teachers referencing waiters and these scarves astounding?,syntax,island_effects,coordinate_structure_constraint_complex_left_branch,True,False,True,True,679,-102.44606018066406,-99.60305786132812,0
Whose essays has Travis sounded like and Lawrence criticized?,Whose has Travis sounded like essays and Lawrence criticized?,syntax,island_effects,coordinate_structure_constraint_complex_left_branch,True,False,True,True,680,-95.86280822753906,-89.84800720214844,0
What movie theaters can Samantha visit and this adult sell?,What can Samantha visit movie theaters and this adult sell?,syntax,island_effects,coordinate_structure_constraint_complex_left_branch,True,False,True,True,681,-90.2323226928711,-89.20001220703125,0
What steps has Maria descended and an actor cleaned?,What has Maria descended steps and an actor cleaned?,syntax,island_effects,coordinate_structure_constraint_complex_left_branch,True,False,True,True,682,-78.30310821533203,-77.66665649414062,0
What pamphlets has the university talked about and Leslie sold?,What has the university talked about pamphlets and Leslie sold?,syntax,island_effects,coordinate_structure_constraint_complex_left_branch,True,False,True,True,683,-89.15633392333984,-85.38177490234375,0
Which doctors did Donald work with and Samuel conceal?,Which did Donald work with doctors and Samuel conceal?,syntax,island_effects,coordinate_structure_constraint_complex_left_branch,True,False,True,True,684,-78.01988220214844,-71.84292602539062,0
Whose snakes was the actor curing and Jane concealing?,Whose was the actor curing snakes and Jane concealing?,syntax,island_effects,coordinate_structure_constraint_complex_left_branch,True,False,True,True,685,-93.94929504394531,-91.79853820800781,0
Whose screens does Paul conceal and Emily like?,Whose does Paul conceal screens and Emily like?,syntax,island_effects,coordinate_structure_constraint_complex_left_branch,True,False,True,True,686,-81.86112976074219,-79.43253326416016,0
Whose turtles was Christina healing and Marie bringing?,Whose was Christina healing turtles and Marie bringing?,syntax,island_effects,coordinate_structure_constraint_complex_left_branch,True,False,True,True,687,-83.46214294433594,-83.39997100830078,0
Which doctors had Charles scared and Omar watched?,Which had Charles scared doctors and Omar watched?,syntax,island_effects,coordinate_structure_constraint_complex_left_branch,True,False,True,True,688,-72.91700744628906,-71.99658966064453,0
What offspring was Carlos disgusting and Daniel approaching?,What was Carlos disgusting offspring and Daniel approaching?,syntax,island_effects,coordinate_structure_constraint_complex_left_branch,True,False,True,True,689,-76.24324798583984,-75.43638610839844,0
Which offspring had these waiters thought about and most hospitals boasted about?,Which had these waiters thought about offspring and most hospitals boasted about?,syntax,island_effects,coordinate_structure_constraint_complex_left_branch,True,False,True,True,690,-108.455322265625,-104.73904418945312,0
What ladders can Connie climb down and a student admire?,What can Connie climb down ladders and a student admire?,syntax,island_effects,coordinate_structure_constraint_complex_left_branch,True,False,True,True,691,-87.20124816894531,-85.89767456054688,0
Which movie theaters was every guest driving to and Alexander selling?,Which was every guest driving to movie theaters and Alexander selling?,syntax,island_effects,coordinate_structure_constraint_complex_left_branch,True,False,True,True,692,-90.7059097290039,-87.672607421875,0
Whose rivers was every woman passing and Marla hiding?,Whose was every woman passing rivers and Marla hiding?,syntax,island_effects,coordinate_structure_constraint_complex_left_branch,True,False,True,True,693,-89.0159912109375,-85.68803405761719,0
What offspring are the teachers discussing and a restaurant boring?,What are the teachers discussing offspring and a restaurant boring?,syntax,island_effects,coordinate_structure_constraint_complex_left_branch,True,False,True,True,694,-79.58967590332031,-74.9200210571289,0
What species will Michael reveal and Tonya clean?,What will Michael reveal species and Tonya clean?,syntax,island_effects,coordinate_structure_constraint_complex_left_branch,True,False,True,True,695,-79.11441802978516,-77.32965087890625,0
Whose high schools should Jane walk through and Kirsten flee from?,Whose should Jane walk through high schools and Kirsten flee from?,syntax,island_effects,coordinate_structure_constraint_complex_left_branch,True,False,True,True,696,-109.30464172363281,-105.86601257324219,0
Which banks was Marcus investigating and Alicia appreciating?,Which was Marcus investigating banks and Alicia appreciating?,syntax,island_effects,coordinate_structure_constraint_complex_left_branch,True,False,True,True,697,-85.70454406738281,-83.72584533691406,0
What stairs does Theodore climb up and this adult sell?,What does Theodore climb up stairs and this adult sell?,syntax,island_effects,coordinate_structure_constraint_complex_left_branch,True,False,True,True,698,-81.50212860107422,-81.2973861694336,0
What women was Paula discussing and some government arguing about?,What was Paula discussing women and some government arguing about?,syntax,island_effects,coordinate_structure_constraint_complex_left_branch,True,False,True,True,699,-84.4365463256836,-80.03095245361328,0
What students should Curtis approach and Alexander approach?,What should Curtis approach students and Alexander approach?,syntax,island_effects,coordinate_structure_constraint_complex_left_branch,True,False,True,True,700,-72.60972595214844,-70.26494598388672,0
What mountains did Jesus run around and the cashier bike to?,What did Jesus run around mountains and the cashier bike to?,syntax,island_effects,coordinate_structure_constraint_complex_left_branch,True,False,True,True,701,-92.31853485107422,-87.46307373046875,0
What wheelbarrows could Allison break and Renee lift?,What could Allison break wheelbarrows and Renee lift?,syntax,island_effects,coordinate_structure_constraint_complex_left_branch,True,False,True,True,702,-99.04743194580078,-95.92597961425781,0
What senators would a mall irritate and James flee from?,What would a mall irritate senators and James flee from?,syntax,island_effects,coordinate_structure_constraint_complex_left_branch,True,False,True,True,703,-96.17489624023438,-94.88883209228516,0
Which theses did Amelia discover and Lisa look like?,Which did Amelia discover theses and Lisa look like?,syntax,island_effects,coordinate_structure_constraint_complex_left_branch,True,False,True,True,704,-84.09036254882812,-78.88117980957031,0
What waiters has Liam kissed and that mall stunned?,What has Liam kissed waiters and that mall stunned?,syntax,island_effects,coordinate_structure_constraint_complex_left_branch,True,False,True,True,705,-90.81121826171875,-87.81204986572266,0
Which waitresses have most actors disagreed with and Matt talked about?,Which have most actors disagreed with waitresses and Matt talked about?,syntax,island_effects,coordinate_structure_constraint_complex_left_branch,True,False,True,True,706,-101.17221069335938,-95.04747009277344,0
Which people will Laura listen to and Meredith embarrass?,Which will Laura listen to people and Meredith embarrass?,syntax,island_effects,coordinate_structure_constraint_complex_left_branch,True,False,True,True,707,-73.35429382324219,-72.90625,0
Whose hills has Clyde visited and Rachelle toured?,Whose has Clyde visited hills and Rachelle toured?,syntax,island_effects,coordinate_structure_constraint_complex_left_branch,True,False,True,True,708,-93.43461608886719,-90.95890808105469,0
What men were a lot of associations embarrassing and Jerry talking to?,What were a lot of associations embarrassing men and Jerry talking to?,syntax,island_effects,coordinate_structure_constraint_complex_left_branch,True,False,True,True,709,-81.42404174804688,-78.93954467773438,0
Whose cafes had Sara skated around and Kayla talked about?,Whose had Sara skated around cafes and Kayla talked about?,syntax,island_effects,coordinate_structure_constraint_complex_left_branch,True,False,True,True,710,-108.84024047851562,-109.2966079711914,1
Whose slopes can Homer climb down and ladies conceal?,Whose can Homer climb down slopes and ladies conceal?,syntax,island_effects,coordinate_structure_constraint_complex_left_branch,True,False,True,True,711,-89.18730163574219,-89.9003677368164,1
Whose stairs should these students climb up and Andrew descend?,Whose should these students climb up stairs and Andrew descend?,syntax,island_effects,coordinate_structure_constraint_complex_left_branch,True,False,True,True,712,-90.89688110351562,-90.77888488769531,0
Which men could Gina hug and Guy conceal?,Which could Gina hug men and Guy conceal?,syntax,island_effects,coordinate_structure_constraint_complex_left_branch,True,False,True,True,713,-70.99421691894531,-72.31694793701172,1
Which carriages was every boy hiding and these guys breaking?,Which was every boy hiding carriages and these guys breaking?,syntax,island_effects,coordinate_structure_constraint_complex_left_branch,True,False,True,True,714,-84.38168334960938,-80.08614349365234,0
Which people should Margaret reference and Timothy discuss?,Which should Margaret reference people and Timothy discuss?,syntax,island_effects,coordinate_structure_constraint_complex_left_branch,True,False,True,True,715,-70.30597686767578,-73.04953002929688,1
Which offspring might a doctor forget and Steve argue about?,Which might a doctor forget offspring and Steve argue about?,syntax,island_effects,coordinate_structure_constraint_complex_left_branch,True,False,True,True,716,-80.91043090820312,-79.28671264648438,0
What pedestrians was Gary hiring and Kenneth confusing?,What was Gary hiring pedestrians and Kenneth confusing?,syntax,island_effects,coordinate_structure_constraint_complex_left_branch,True,False,True,True,717,-75.30467224121094,-74.80288696289062,0
What children is Robert listening to and Ruth alarming?,What is Robert listening to children and Ruth alarming?,syntax,island_effects,coordinate_structure_constraint_complex_left_branch,True,False,True,True,718,-73.97111511230469,-69.93609619140625,0
Which people has Teresa astounded and Connie disliked?,Which has Teresa astounded people and Connie disliked?,syntax,island_effects,coordinate_structure_constraint_complex_left_branch,True,False,True,True,719,-81.09773254394531,-83.9228744506836,1
Whose pies has Claire hidden and Jane taken?,Whose has Claire hidden pies and Jane taken?,syntax,island_effects,coordinate_structure_constraint_complex_left_branch,True,False,True,True,720,-80.51325988769531,-79.78582763671875,0
Which children have the associations embarrassed and Natalie referenced?,Which have the associations embarrassed children and Natalie referenced?,syntax,island_effects,coordinate_structure_constraint_complex_left_branch,True,False,True,True,721,-76.40480041503906,-76.14521789550781,0
Which sketches can Christopher look like and Nancy take?,Which can Christopher look like sketches and Nancy take?,syntax,island_effects,coordinate_structure_constraint_complex_left_branch,True,False,True,True,722,-74.73795318603516,-70.40044403076172,0
Whose oases is Daniel running around and Christine passing?,Whose is Daniel running around oases and Christine passing?,syntax,island_effects,coordinate_structure_constraint_complex_left_branch,True,False,True,True,723,-90.89236450195312,-90.1915054321289,0
Which brochures was Ellen appreciating and Helen revealing?,Which was Ellen appreciating brochures and Helen revealing?,syntax,island_effects,coordinate_structure_constraint_complex_left_branch,True,False,True,True,724,-93.99191284179688,-93.40966033935547,0
Which children can Alicia talk to and Matt confuse?,Which can Alicia talk to children and Matt confuse?,syntax,island_effects,coordinate_structure_constraint_complex_left_branch,True,False,True,True,725,-73.4520263671875,-71.59750366210938,0
Which men has this dancer kissed and Holly sounded like?,Which has this dancer kissed men and Holly sounded like?,syntax,island_effects,coordinate_structure_constraint_complex_left_branch,True,False,True,True,726,-81.34010314941406,-77.11790466308594,0
Which slopes was Chad climbing up and Erin noticing?,Which was Chad climbing up slopes and Erin noticing?,syntax,island_effects,coordinate_structure_constraint_complex_left_branch,True,False,True,True,727,-79.33872985839844,-78.90959167480469,0
Which guys might Kendra kiss and those actresses alarm?,Which might Kendra kiss guys and those actresses alarm?,syntax,island_effects,coordinate_structure_constraint_complex_left_branch,True,False,True,True,728,-89.97967529296875,-92.28376007080078,1
What syntheses has Marla boasted about and Becca argued about?,What has Marla boasted about syntheses and Becca argued about?,syntax,island_effects,coordinate_structure_constraint_complex_left_branch,True,False,True,True,729,-114.90618896484375,-112.95604705810547,0
Whose coats had associations sold and Melanie thought about?,Whose had associations sold coats and Melanie thought about?,syntax,island_effects,coordinate_structure_constraint_complex_left_branch,True,False,True,True,730,-86.90357971191406,-84.41375732421875,0
What offspring can Eric investigate and these ladies appreciate?,What can Eric investigate offspring and these ladies appreciate?,syntax,island_effects,coordinate_structure_constraint_complex_left_branch,True,False,True,True,731,-83.45941925048828,-81.09844207763672,0
Whose oases has Peter found and Tammy sold?,Whose has Peter found oases and Tammy sold?,syntax,island_effects,coordinate_structure_constraint_complex_left_branch,True,False,True,True,732,-88.12522888183594,-84.35015869140625,0
Which hamsters was Stephen hiding and Tiffany discovering?,Which was Stephen hiding hamsters and Tiffany discovering?,syntax,island_effects,coordinate_structure_constraint_complex_left_branch,True,False,True,True,733,-83.36516571044922,-80.70027923583984,0
Which patients will Liam remember and the doctor discuss?,Which will Liam remember patients and the doctor discuss?,syntax,island_effects,coordinate_structure_constraint_complex_left_branch,True,False,True,True,734,-74.05401611328125,-73.228271484375,0
Which cashiers would Irene care for and Veronica work with?,Which would Irene care for cashiers and Veronica work with?,syntax,island_effects,coordinate_structure_constraint_complex_left_branch,True,False,True,True,735,-97.64606475830078,-92.92781066894531,0
What patients should Judy aggravate and every waitress criticize?,What should Judy aggravate patients and every waitress criticize?,syntax,island_effects,coordinate_structure_constraint_complex_left_branch,True,False,True,True,736,-94.1605453491211,-93.8232650756836,0
What alumni has Scott impressed and Stephen discussed?,What has Scott impressed alumni and Stephen discussed?,syntax,island_effects,coordinate_structure_constraint_complex_left_branch,True,False,True,True,737,-76.01284790039062,-75.44439697265625,0
Which slopes might all ladies climb up and Jodi descend?,Which might all ladies climb up slopes and Jodi descend?,syntax,island_effects,coordinate_structure_constraint_complex_left_branch,True,False,True,True,738,-91.217529296875,-92.10260009765625,1
Whose chairs is every actress bringing and Dan finding?,Whose is every actress bringing chairs and Dan finding?,syntax,island_effects,coordinate_structure_constraint_complex_left_branch,True,False,True,True,739,-90.55558776855469,-85.13790893554688,0
What children has Laura remembered and Marcus aggravated?,What has Laura remembered children and Marcus aggravated?,syntax,island_effects,coordinate_structure_constraint_complex_left_branch,True,False,True,True,740,-74.40059661865234,-73.993896484375,0
Whose mountains do many customers find and a teacher tour?,Whose do many customers find mountains and a teacher tour?,syntax,island_effects,coordinate_structure_constraint_complex_left_branch,True,False,True,True,741,-90.93999481201172,-85.6016845703125,0
What schools had Sarah criticized and Tammy seen?,What had Sarah criticized schools and Tammy seen?,syntax,island_effects,coordinate_structure_constraint_complex_left_branch,True,False,True,True,742,-75.88166809082031,-72.28740692138672,0
What men have the committees concealed and some guys escaped from?,What have the committees concealed men and some guys escaped from?,syntax,island_effects,coordinate_structure_constraint_complex_left_branch,True,False,True,True,743,-80.98570251464844,-77.40280151367188,0
Whose hospitals should every customer return to and some sock look like?,Whose should every customer return to hospitals and some sock look like?,syntax,island_effects,coordinate_structure_constraint_complex_left_branch,True,False,True,True,744,-101.1966323852539,-96.73428344726562,0
What ladies had Beverly sounded like and many paintings looked like?,What had Beverly sounded like ladies and many paintings looked like?,syntax,island_effects,coordinate_structure_constraint_complex_left_branch,True,False,True,True,745,-85.13167572021484,-83.9016342163086,0
Whose organizations had Spain scared and Becca worried?,Whose had Spain scared organizations and Becca worried?,syntax,island_effects,coordinate_structure_constraint_complex_left_branch,True,False,True,True,746,-90.60111999511719,-89.06109619140625,0
Which ladies did Michelle attack and Victoria upset?,Which did Michelle attack ladies and Victoria upset?,syntax,island_effects,coordinate_structure_constraint_complex_left_branch,True,False,True,True,747,-68.04312896728516,-70.64716339111328,1
What associations has every school alarmed and a boy confused?,What has every school alarmed associations and a boy confused?,syntax,island_effects,coordinate_structure_constraint_complex_left_branch,True,False,True,True,748,-78.408447265625,-77.46076965332031,0
What governments might the dancer astound and a convertible impress?,What might the dancer astound governments and a convertible impress?,syntax,island_effects,coordinate_structure_constraint_complex_left_branch,True,False,True,True,749,-94.79640197753906,-92.85626983642578,0
Which rivers had Monica biked to and the man found?,Which had Monica biked to rivers and the man found?,syntax,island_effects,coordinate_structure_constraint_complex_left_branch,True,False,True,True,750,-83.35697174072266,-78.79341888427734,0
Which closets could Monet pass and every print look like?,Which could Monet pass closets and every print look like?,syntax,island_effects,coordinate_structure_constraint_complex_left_branch,True,False,True,True,751,-98.07588958740234,-97.5502700805664,0
Whose oases does Larry bike to and James appreciate?,Whose does Larry bike to oases and James appreciate?,syntax,island_effects,coordinate_structure_constraint_complex_left_branch,True,False,True,True,752,-96.13908386230469,-92.52024841308594,0
What waiters is Kristen hugging and Tiffany returning to?,What is Kristen hugging waiters and Tiffany returning to?,syntax,island_effects,coordinate_structure_constraint_complex_left_branch,True,False,True,True,753,-86.25752258300781,-86.33685302734375,1
Which pedestrians has Andrew approached and most guys talked about?,Which has Andrew approached pedestrians and most guys talked about?,syntax,island_effects,coordinate_structure_constraint_complex_left_branch,True,False,True,True,754,-81.01632690429688,-81.22715759277344,1
Whose cafes has Kristen toured and Charles brought?,Whose has Kristen toured cafes and Charles brought?,syntax,island_effects,coordinate_structure_constraint_complex_left_branch,True,False,True,True,755,-84.29232788085938,-83.97920989990234,0
What students was Laura hiring and some pictures upsetting?,What was Laura hiring students and some pictures upsetting?,syntax,island_effects,coordinate_structure_constraint_complex_left_branch,True,False,True,True,756,-78.2530517578125,-75.61804962158203,0
Which schools is Tonya noticing and Keith revealing?,Which is Tonya noticing schools and Keith revealing?,syntax,island_effects,coordinate_structure_constraint_complex_left_branch,True,False,True,True,757,-80.22962951660156,-80.4815673828125,1
Which museums is Allison fleeing from and Jason aggravating?,Which is Allison fleeing from museums and Jason aggravating?,syntax,island_effects,coordinate_structure_constraint_complex_left_branch,True,False,True,True,758,-92.51644897460938,-87.89599609375,0
What waitresses had Amelia worked with and these people worked with?,What had Amelia worked with waitresses and these people worked with?,syntax,island_effects,coordinate_structure_constraint_complex_left_branch,True,False,True,True,759,-91.03727722167969,-86.3168716430664,0
What convertibles was Susan breaking and Michelle finding?,What was Susan breaking convertibles and Michelle finding?,syntax,island_effects,coordinate_structure_constraint_complex_left_branch,True,False,True,True,760,-86.22639465332031,-82.91658020019531,0
Which scarves was Sarah wearing and Julia taking?,Which was Sarah wearing scarves and Julia taking?,syntax,island_effects,coordinate_structure_constraint_complex_left_branch,True,False,True,True,761,-78.3421401977539,-73.63951110839844,0
Whose libraries had Nicole discussed and Martin gone to?,Whose had Nicole discussed libraries and Martin gone to?,syntax,island_effects,coordinate_structure_constraint_complex_left_branch,True,False,True,True,762,-86.46929931640625,-84.14690399169922,0
Which governments have some actors stunned and Cindy stunned?,Which have some actors stunned governments and Cindy stunned?,syntax,island_effects,coordinate_structure_constraint_complex_left_branch,True,False,True,True,763,-79.17915344238281,-79.67308044433594,1
Whose peppers does Daniel reveal and Pamela clean?,Whose does Daniel reveal peppers and Pamela clean?,syntax,island_effects,coordinate_structure_constraint_complex_left_branch,True,False,True,True,764,-87.06462097167969,-84.05426025390625,0
Whose museums does Richard skate around and Laurie bike to?,Whose does Richard skate around museums and Laurie bike to?,syntax,island_effects,coordinate_structure_constraint_complex_left_branch,True,False,True,True,765,-101.57301330566406,-98.14583587646484,0
Which guests does Laurie question and Ronald escape from?,Which does Laurie question guests and Ronald escape from?,syntax,island_effects,coordinate_structure_constraint_complex_left_branch,True,False,True,True,766,-78.61859130859375,-79.69338989257812,1
Whose public parks did that customer respect and Lissa return to?,Whose did that customer respect public parks and Lissa return to?,syntax,island_effects,coordinate_structure_constraint_complex_left_branch,True,False,True,True,767,-106.6754379272461,-103.28720092773438,0
What lakes had Dawn fled from and customers passed?,What had Dawn fled from lakes and customers passed?,syntax,island_effects,coordinate_structure_constraint_complex_left_branch,True,False,True,True,768,-78.2608413696289,-74.14639282226562,0
What teenagers is Marie approaching and Andrea astounding?,What is Marie approaching teenagers and Andrea astounding?,syntax,island_effects,coordinate_structure_constraint_complex_left_branch,True,False,True,True,769,-76.48772430419922,-74.67759704589844,0
Whose mouths had Daniel brought and some adults thought about?,Whose had Daniel brought mouths and some adults thought about?,syntax,island_effects,coordinate_structure_constraint_complex_left_branch,True,False,True,True,770,-89.55040740966797,-84.34970092773438,0
Whose screens can many photographs look like and Brian think about?,Whose can many photographs look like screens and Brian think about?,syntax,island_effects,coordinate_structure_constraint_complex_left_branch,True,False,True,True,771,-92.37464904785156,-88.42919158935547,0
What doctors do cafes worry and Keith insult?,What do cafes worry doctors and Keith insult?,syntax,island_effects,coordinate_structure_constraint_complex_left_branch,True,False,True,True,772,-76.54957580566406,-73.12632751464844,0
Which customers had Vanessa approached and a sock impressed?,Which had Vanessa approached customers and a sock impressed?,syntax,island_effects,coordinate_structure_constraint_complex_left_branch,True,False,True,True,773,-76.72047424316406,-74.53457641601562,0
What adults will Denise flee from and Lori argue about?,What will Denise flee from adults and Lori argue about?,syntax,island_effects,coordinate_structure_constraint_complex_left_branch,True,False,True,True,774,-92.11700439453125,-87.69265747070312,0
What children had Richard hired and paintings irritated?,What had Richard hired children and paintings irritated?,syntax,island_effects,coordinate_structure_constraint_complex_left_branch,True,False,True,True,775,-72.687744140625,-70.97078704833984,0
What prints had Chad looked like and Kevin researched?,What had Chad looked like prints and Kevin researched?,syntax,island_effects,coordinate_structure_constraint_complex_left_branch,True,False,True,True,776,-80.42341613769531,-75.61625671386719,0
Whose hills is that guest ascending and Adam walking through?,Whose is that guest ascending hills and Adam walking through?,syntax,island_effects,coordinate_structure_constraint_complex_left_branch,True,False,True,True,777,-92.48259735107422,-89.5223388671875,0
Which ladies is Cynthia visiting and Omar arguing about?,Which is Cynthia visiting ladies and Omar arguing about?,syntax,island_effects,coordinate_structure_constraint_complex_left_branch,True,False,True,True,778,-79.81332397460938,-79.10122680664062,0
Which waitresses are most dresses shocking and Steve leaving?,Which are most dresses shocking waitresses and Steve leaving?,syntax,island_effects,coordinate_structure_constraint_complex_left_branch,True,False,True,True,779,-88.71565246582031,-86.3163833618164,0
What children had Stacey talked about and Naomi criticized?,What had Stacey talked about children and Naomi criticized?,syntax,island_effects,coordinate_structure_constraint_complex_left_branch,True,False,True,True,780,-85.9847412109375,-82.25310516357422,0
What mountains is Jane going to and Carrie revealing?,What is Jane going to mountains and Carrie revealing?,syntax,island_effects,coordinate_structure_constraint_complex_left_branch,True,False,True,True,781,-75.45807647705078,-68.68409729003906,0
What ladies was Janet hurting and Randolf approaching?,What was Janet hurting ladies and Randolf approaching?,syntax,island_effects,coordinate_structure_constraint_complex_left_branch,True,False,True,True,782,-86.27983093261719,-83.85289001464844,0
What dresses might Peter have and Cynthia see?,What might Peter have dresses and Cynthia see?,syntax,island_effects,coordinate_structure_constraint_complex_left_branch,True,False,True,True,783,-71.0766372680664,-64.72361755371094,0
What malls does Vincent run around and many actresses buy?,What does Vincent run around malls and many actresses buy?,syntax,island_effects,coordinate_structure_constraint_complex_left_branch,True,False,True,True,784,-89.62535858154297,-86.82870483398438,0
What girls is every waitress helping and Pamela praising?,What is every waitress helping girls and Pamela praising?,syntax,island_effects,coordinate_structure_constraint_complex_left_branch,True,False,True,True,785,-80.8769760131836,-78.10820007324219,0
Whose public parks was Jennifer dropping by and Helen dropping by?,Whose was Jennifer dropping by public parks and Helen dropping by?,syntax,island_effects,coordinate_structure_constraint_complex_left_branch,True,False,True,True,786,-106.6195068359375,-98.45012664794922,0
What doctors had Katherine embarrassed and Holly bored?,What had Katherine embarrassed doctors and Holly bored?,syntax,island_effects,coordinate_structure_constraint_complex_left_branch,True,False,True,True,787,-75.31782531738281,-72.921630859375,0
What students has Ruth fled from and Bethany fired?,What has Ruth fled from students and Bethany fired?,syntax,island_effects,coordinate_structure_constraint_complex_left_branch,True,False,True,True,788,-88.04434204101562,-84.22386169433594,0
Which sketches have a lot of eggplants looked like and some unicycle looked like?,Which have a lot of eggplants looked like sketches and some unicycle looked like?,syntax,island_effects,coordinate_structure_constraint_complex_left_branch,True,False,True,True,789,-123.1658935546875,-118.74291229248047,0
What students is Mitchell revealing and Liam hugging?,What is Mitchell revealing students and Liam hugging?,syntax,island_effects,coordinate_structure_constraint_complex_left_branch,True,False,True,True,790,-78.68795013427734,-75.10907745361328,0
Which actors might every customer respect and Bill leave?,Which might every customer respect actors and Bill leave?,syntax,island_effects,coordinate_structure_constraint_complex_left_branch,True,False,True,True,791,-75.60099792480469,-75.08536529541016,0
What pictures had Veronica lifted and Leslie cleaned?,What had Veronica lifted pictures and Leslie cleaned?,syntax,island_effects,coordinate_structure_constraint_complex_left_branch,True,False,True,True,792,-72.241943359375,-68.8987808227539,0
What museums had Martin alarmed and Kenneth gone to?,What had Martin alarmed museums and Kenneth gone to?,syntax,island_effects,coordinate_structure_constraint_complex_left_branch,True,False,True,True,793,-76.59890747070312,-73.70571899414062,0
Which people had Rachelle cared for and Deanna discovered?,Which had Rachelle cared for people and Deanna discovered?,syntax,island_effects,coordinate_structure_constraint_complex_left_branch,True,False,True,True,794,-88.57087707519531,-85.62372589111328,0
Which boys should Stacy conceal and a turtle stun?,Which should Stacy conceal boys and a turtle stun?,syntax,island_effects,coordinate_structure_constraint_complex_left_branch,True,False,True,True,795,-83.28607177734375,-83.49807739257812,1
What girls was Donald investigating and Bradley hiring?,What was Donald investigating girls and Bradley hiring?,syntax,island_effects,coordinate_structure_constraint_complex_left_branch,True,False,True,True,796,-73.61752319335938,-69.80589294433594,0
Whose public parks is Travis arriving at and Ella exiting?,Whose is Travis arriving at public parks and Ella exiting?,syntax,island_effects,coordinate_structure_constraint_complex_left_branch,True,False,True,True,797,-107.35892486572266,-99.59854125976562,0
What associations have these women aggravated and Kirsten shocked?,What have these women aggravated associations and Kirsten shocked?,syntax,island_effects,coordinate_structure_constraint_complex_left_branch,True,False,True,True,798,-89.67916870117188,-84.84471893310547,0
What muffins was Jane finding and all girls taking?,What was Jane finding muffins and all girls taking?,syntax,island_effects,coordinate_structure_constraint_complex_left_branch,True,False,True,True,799,-80.20161437988281,-74.78135681152344,0
Which dancers can Christine know and Valerie remember?,Which can Christine know dancers and Valerie remember?,syntax,island_effects,coordinate_structure_constraint_complex_left_branch,True,False,True,True,800,-71.80663299560547,-70.18899536132812,0
What companies is every art gallery distracting and Bethany worrying?,What is every art gallery distracting companies and Bethany worrying?,syntax,island_effects,coordinate_structure_constraint_complex_left_branch,True,False,True,True,801,-101.2815170288086,-100.09041595458984,0
What drivers are all guests working with and Russell scaring?,What are all guests working with drivers and Russell scaring?,syntax,island_effects,coordinate_structure_constraint_complex_left_branch,True,False,True,True,802,-88.81819152832031,-83.90226745605469,0
Which slopes was Martha climbing up and these girls taking?,Which was Martha climbing up slopes and these girls taking?,syntax,island_effects,coordinate_structure_constraint_complex_left_branch,True,False,True,True,803,-77.26239776611328,-77.52940368652344,1
What malls has Valerie remembered and Vincent discovered?,What has Valerie remembered malls and Vincent discovered?,syntax,island_effects,coordinate_structure_constraint_complex_left_branch,True,False,True,True,804,-78.35266876220703,-78.21964263916016,0
Which commentaries might these teachers describe and Derek argue about?,Which might these teachers describe commentaries and Derek argue about?,syntax,island_effects,coordinate_structure_constraint_complex_left_branch,True,False,True,True,805,-99.86357116699219,-97.21411895751953,0
Which glaciers had Victoria gone to and Bruce talked about?,Which had Victoria gone to glaciers and Bruce talked about?,syntax,island_effects,coordinate_structure_constraint_complex_left_branch,True,False,True,True,806,-81.06285095214844,-76.27301025390625,0
What grocery stores has Marcus biked to and Craig run around?,What has Marcus biked to grocery stores and Craig run around?,syntax,island_effects,coordinate_structure_constraint_complex_left_branch,True,False,True,True,807,-105.32378387451172,-99.2991943359375,0
What drivers did Dennis worry and Janice forget?,What did Dennis worry drivers and Janice forget?,syntax,island_effects,coordinate_structure_constraint_complex_left_branch,True,False,True,True,808,-79.8988265991211,-76.8841552734375,0
Which teeth was Renee cleaning and Helen fixing?,Which was Renee cleaning teeth and Helen fixing?,syntax,island_effects,coordinate_structure_constraint_complex_left_branch,True,False,True,True,809,-77.46175384521484,-74.5358657836914,0
What people was Carl hurting and pictures looking like?,What was Carl hurting people and pictures looking like?,syntax,island_effects,coordinate_structure_constraint_complex_left_branch,True,False,True,True,810,-68.48554992675781,-65.09032440185547,0
Which lights had Carl taken and Eric thought about?,Which had Carl taken lights and Eric thought about?,syntax,island_effects,coordinate_structure_constraint_complex_left_branch,True,False,True,True,811,-70.199951171875,-67.37342834472656,0
What doctors have the Great Lakes distracted and Gregory described?,What have the Great Lakes distracted doctors and Gregory described?,syntax,island_effects,coordinate_structure_constraint_complex_left_branch,True,False,True,True,812,-85.87767791748047,-85.81108093261719,0
What convertibles are these photographs looking like and Kirsten finding?,What are these photographs looking like convertibles and Kirsten finding?,syntax,island_effects,coordinate_structure_constraint_complex_left_branch,True,False,True,True,813,-106.10302734375,-100.61726379394531,0
Which cashiers does Randolf work with and Mitchell talk to?,Which does Randolf work with cashiers and Mitchell talk to?,syntax,island_effects,coordinate_structure_constraint_complex_left_branch,True,False,True,True,814,-103.68753814697266,-99.80912780761719,0
Whose newspaper articles were these teenagers disagreeing with and every waitress noticing?,Whose were these teenagers disagreeing with newspaper articles and every waitress noticing?,syntax,island_effects,coordinate_structure_constraint_complex_left_branch,True,False,True,True,815,-120.92772674560547,-118.25081634521484,0
What actors had these dancers loved and some guest left?,What had these dancers loved actors and some guest left?,syntax,island_effects,coordinate_structure_constraint_complex_left_branch,True,False,True,True,816,-81.53712463378906,-77.00408935546875,0
Which movie theaters had most senators biked to and every student toured?,Which had most senators biked to movie theaters and every student toured?,syntax,island_effects,coordinate_structure_constraint_complex_left_branch,True,False,True,True,817,-111.55985260009766,-109.93234252929688,0
What women can Michelle hurt and Renee aggravate?,What can Michelle hurt women and Renee aggravate?,syntax,island_effects,coordinate_structure_constraint_complex_left_branch,True,False,True,True,818,-85.3470458984375,-81.92765045166016,0
What associations has Rebecca annoyed and all teachers embarrassed?,What has Rebecca annoyed associations and all teachers embarrassed?,syntax,island_effects,coordinate_structure_constraint_complex_left_branch,True,False,True,True,819,-80.49882507324219,-81.13700866699219,1
What dresses was Heather wearing and Rachel cleaning?,What was Heather wearing dresses and Rachel cleaning?,syntax,island_effects,coordinate_structure_constraint_complex_left_branch,True,False,True,True,820,-73.8009033203125,-68.52809143066406,0
What men had Dennis talked to and Valerie left?,What had Dennis talked to men and Valerie left?,syntax,island_effects,coordinate_structure_constraint_complex_left_branch,True,False,True,True,821,-69.89278411865234,-65.2083511352539,0
What cashiers did Beverly disgust and Carla listen to?,What did Beverly disgust cashiers and Carla listen to?,syntax,island_effects,coordinate_structure_constraint_complex_left_branch,True,False,True,True,822,-93.47406005859375,-93.00597381591797,0
Which documentaries has some customer complained about and Monica referenced?,Which has some customer complained about documentaries and Monica referenced?,syntax,island_effects,coordinate_structure_constraint_complex_left_branch,True,False,True,True,823,-92.74518585205078,-89.72207641601562,0
What teenagers had Angela talked about and Bruce forgotten?,What had Angela talked about teenagers and Bruce forgotten?,syntax,island_effects,coordinate_structure_constraint_complex_left_branch,True,False,True,True,824,-78.40922546386719,-73.73921203613281,0
Which offspring had all doors disturbed and Brett insulted?,Which had all doors disturbed offspring and Brett insulted?,syntax,island_effects,coordinate_structure_constraint_complex_left_branch,True,False,True,True,825,-83.24935913085938,-80.64599609375,0
Whose tomatoes could Brad hide and Renee hide?,Whose could Brad hide tomatoes and Renee hide?,syntax,island_effects,coordinate_structure_constraint_complex_left_branch,True,False,True,True,826,-89.224365234375,-89.83944702148438,1
Which mountains is Melanie biking to and Amelia touring?,Which is Melanie biking to mountains and Amelia touring?,syntax,island_effects,coordinate_structure_constraint_complex_left_branch,True,False,True,True,827,-84.79926300048828,-80.44499206542969,0
Which dancers did Julie flee from and Amelia conceal?,Which did Julie flee from dancers and Amelia conceal?,syntax,island_effects,coordinate_structure_constraint_complex_left_branch,True,False,True,True,828,-86.5863037109375,-83.61273956298828,0
What guests would Gerald dislike and many actors investigate?,What would Gerald dislike guests and many actors investigate?,syntax,island_effects,coordinate_structure_constraint_complex_left_branch,True,False,True,True,829,-83.50151062011719,-82.07581329345703,0
What drivers has Wayne returned to and Danielle forgotten?,What has Wayne returned to drivers and Danielle forgotten?,syntax,island_effects,coordinate_structure_constraint_complex_left_branch,True,False,True,True,830,-79.43037414550781,-75.52861022949219,0
What newspaper articles was the essay disagreeing with and Eva referencing?,What was the essay disagreeing with newspaper articles and Eva referencing?,syntax,island_effects,coordinate_structure_constraint_complex_left_branch,True,False,True,True,831,-102.50352478027344,-97.03083801269531,0
What steps is Tara descending and this patient taking?,What is Tara descending steps and this patient taking?,syntax,island_effects,coordinate_structure_constraint_complex_left_branch,True,False,True,True,832,-78.10989379882812,-76.6746597290039,0
What bikes had Judy sold and Teresa broken?,What had Judy sold bikes and Teresa broken?,syntax,island_effects,coordinate_structure_constraint_complex_left_branch,True,False,True,True,833,-72.5726547241211,-70.76732635498047,0
Whose documentaries was this pedestrian examining and Debra discovering?,Whose was this pedestrian examining documentaries and Debra discovering?,syntax,island_effects,coordinate_structure_constraint_complex_left_branch,True,False,True,True,834,-106.82427978515625,-102.45368957519531,0
Which men were some banks helping and Jill irritating?,Which were some banks helping men and Jill irritating?,syntax,island_effects,coordinate_structure_constraint_complex_left_branch,True,False,True,True,835,-73.44947814941406,-71.4609603881836,0
What doctors should Sabrina hate and Edward praise?,What should Sabrina hate doctors and Edward praise?,syntax,island_effects,coordinate_structure_constraint_complex_left_branch,True,False,True,True,836,-87.91371154785156,-84.01927947998047,0
Which steps was Gina climbing down and Walter finding?,Which was Gina climbing down steps and Walter finding?,syntax,island_effects,coordinate_structure_constraint_complex_left_branch,True,False,True,True,837,-73.34092712402344,-73.27137756347656,0
Which newspaper articles had Rodney insulted and Steve concealed?,Which had Rodney insulted newspaper articles and Steve concealed?,syntax,island_effects,coordinate_structure_constraint_complex_left_branch,True,False,True,True,838,-84.020263671875,-84.64625549316406,1
Which children was Ronald upsetting and Monica listening to?,Which was Ronald upsetting children and Monica listening to?,syntax,island_effects,coordinate_structure_constraint_complex_left_branch,True,False,True,True,839,-75.24317932128906,-74.38541412353516,0
Which mountains is Sarah climbing down and Kendra passing?,Which is Sarah climbing down mountains and Kendra passing?,syntax,island_effects,coordinate_structure_constraint_complex_left_branch,True,False,True,True,840,-84.81173706054688,-85.92628479003906,1
What people did most guests disagree with and Marla hate?,What did most guests disagree with people and Marla hate?,syntax,island_effects,coordinate_structure_constraint_complex_left_branch,True,False,True,True,841,-89.50538635253906,-84.71966552734375,0
What girls had customers described and Brenda helped?,What had customers described girls and Brenda helped?,syntax,island_effects,coordinate_structure_constraint_complex_left_branch,True,False,True,True,842,-70.82423400878906,-68.64309692382812,0
What patients would Victoria approach and Beverly reference?,What would Victoria approach patients and Beverly reference?,syntax,island_effects,coordinate_structure_constraint_complex_left_branch,True,False,True,True,843,-74.2490005493164,-73.83169555664062,0
Which people had Allison cured and that doctor cured?,Which had Allison cured people and that doctor cured?,syntax,island_effects,coordinate_structure_constraint_complex_left_branch,True,False,True,True,844,-72.8838882446289,-73.45402526855469,1
Which actors had Nina shocked and Christina thought about?,Which had Nina shocked actors and Christina thought about?,syntax,island_effects,coordinate_structure_constraint_complex_left_branch,True,False,True,True,845,-79.29998779296875,-76.92848205566406,0
What ladders does Maria like and Jodi discover?,What does Maria like ladders and Jodi discover?,syntax,island_effects,coordinate_structure_constraint_complex_left_branch,True,False,True,True,846,-90.58472442626953,-84.8829574584961,0
Which adults had Tina attacked and Kendra insulted?,Which had Tina attacked adults and Kendra insulted?,syntax,island_effects,coordinate_structure_constraint_complex_left_branch,True,False,True,True,847,-86.20555114746094,-84.1061782836914,0
Which paintings have the cars looked like and Deborah thought about?,Which have the cars looked like paintings and Deborah thought about?,syntax,island_effects,coordinate_structure_constraint_complex_left_branch,True,False,True,True,848,-80.75010681152344,-77.01288604736328,0
What guests will Mary respect and Spain worry?,What will Mary respect guests and Spain worry?,syntax,island_effects,coordinate_structure_constraint_complex_left_branch,True,False,True,True,849,-66.50421142578125,-64.79216003417969,0
What banks did Walter appreciate and Jennifer embarrass?,What did Walter appreciate banks and Jennifer embarrass?,syntax,island_effects,coordinate_structure_constraint_complex_left_branch,True,False,True,True,850,-77.36902618408203,-72.27826690673828,0
What teenagers had Carrie referenced and Bethany concealed?,What had Carrie referenced teenagers and Bethany concealed?,syntax,island_effects,coordinate_structure_constraint_complex_left_branch,True,False,True,True,851,-88.84452056884766,-87.94146728515625,0
Which trucks are all drawings looking like and Jeffrey taking?,Which are all drawings looking like trucks and Jeffrey taking?,syntax,island_effects,coordinate_structure_constraint_complex_left_branch,True,False,True,True,852,-84.77578735351562,-81.03358459472656,0
Which gates did this girl think about and the painting look like?,Which did this girl think about gates and the painting look like?,syntax,island_effects,coordinate_structure_constraint_complex_left_branch,True,False,True,True,853,-74.53362274169922,-72.97880554199219,0
What students has Douglas helped and a vase aggravated?,What has Douglas helped students and a vase aggravated?,syntax,island_effects,coordinate_structure_constraint_complex_left_branch,True,False,True,True,854,-87.20072937011719,-86.23512268066406,0
What hospitals was Steve irritating and Alexander confusing?,What was Steve irritating hospitals and Alexander confusing?,syntax,island_effects,coordinate_structure_constraint_complex_left_branch,True,False,True,True,855,-73.59596252441406,-70.78717041015625,0
Whose movies could a company describe and Craig sound like?,Whose could a company describe movies and Craig sound like?,syntax,island_effects,coordinate_structure_constraint_complex_left_branch,True,False,True,True,856,-94.18232727050781,-90.10171508789062,0
What ladders should Catherine ascend and the waitresses clean?,What should Catherine ascend ladders and the waitresses clean?,syntax,island_effects,coordinate_structure_constraint_complex_left_branch,True,False,True,True,857,-99.4243392944336,-94.9715576171875,0
What offspring had Holly listened to and Deanna cared for?,What had Holly listened to offspring and Deanna cared for?,syntax,island_effects,coordinate_structure_constraint_complex_left_branch,True,False,True,True,858,-89.32292175292969,-83.9341049194336,0
What senators had Ellen left and Steven cured?,What had Ellen left senators and Steven cured?,syntax,island_effects,coordinate_structure_constraint_complex_left_branch,True,False,True,True,859,-74.10110473632812,-70.98344421386719,0
What senators does Carla respect and Eva look like?,What does Carla respect senators and Eva look like?,syntax,island_effects,coordinate_structure_constraint_complex_left_branch,True,False,True,True,860,-83.98751068115234,-82.74813079833984,0
Which customers has Mark scared and Tiffany listened to?,Which has Mark scared customers and Tiffany listened to?,syntax,island_effects,coordinate_structure_constraint_complex_left_branch,True,False,True,True,861,-77.05168151855469,-75.65037536621094,0
What boys could every guest hurt and Valerie leave?,What could every guest hurt boys and Valerie leave?,syntax,island_effects,coordinate_structure_constraint_complex_left_branch,True,False,True,True,862,-75.34371948242188,-74.17523193359375,0
Which public parks had Wayne messed up and Margaret messed up?,Which had Wayne messed up public parks and Margaret messed up?,syntax,island_effects,coordinate_structure_constraint_complex_left_branch,True,False,True,True,863,-87.04832458496094,-86.95489501953125,0
Whose malls had Deanna described and some senator gone to?,Whose had Deanna described malls and some senator gone to?,syntax,island_effects,coordinate_structure_constraint_complex_left_branch,True,False,True,True,864,-101.79146575927734,-98.8248062133789,0
What committees is every wheelbarrow impressing and Andrea upsetting?,What is every wheelbarrow impressing committees and Andrea upsetting?,syntax,island_effects,coordinate_structure_constraint_complex_left_branch,True,False,True,True,865,-109.74725341796875,-107.67594146728516,0
What oases was Emily driving to and Cindy describing?,What was Emily driving to oases and Cindy describing?,syntax,island_effects,coordinate_structure_constraint_complex_left_branch,True,False,True,True,866,-87.02308654785156,-82.52268981933594,0
Which customers had a lot of mushrooms embarrassed and this fish impressed?,Which had a lot of mushrooms embarrassed customers and this fish impressed?,syntax,island_effects,coordinate_structure_constraint_complex_left_branch,True,False,True,True,867,-87.05248260498047,-84.068359375,0
Which synopses had that pedestrian examined and Katherine sounded like?,Which had that pedestrian examined synopses and Katherine sounded like?,syntax,island_effects,coordinate_structure_constraint_complex_left_branch,True,False,True,True,868,-103.17742156982422,-101.44168853759766,0
Which ladders had Kristin climbed up and Melanie thought about?,Which had Kristin climbed up ladders and Melanie thought about?,syntax,island_effects,coordinate_structure_constraint_complex_left_branch,True,False,True,True,869,-91.04325866699219,-91.57049560546875,1
Which associations does Michael distract and many teachers research?,Which does Michael distract associations and many teachers research?,syntax,island_effects,coordinate_structure_constraint_complex_left_branch,True,False,True,True,870,-79.32110595703125,-77.7142333984375,0
What sketches is Michael finding and Judy hiding?,What is Michael finding sketches and Judy hiding?,syntax,island_effects,coordinate_structure_constraint_complex_left_branch,True,False,True,True,871,-71.91592407226562,-66.76480865478516,0
Whose windows might Sharon break and Colleen reveal?,Whose might Sharon break windows and Colleen reveal?,syntax,island_effects,coordinate_structure_constraint_complex_left_branch,True,False,True,True,872,-96.1158447265625,-94.97044372558594,0
Which paintings could Keith take and every gate resemble?,Which could Keith take paintings and every gate resemble?,syntax,island_effects,coordinate_structure_constraint_complex_left_branch,True,False,True,True,873,-81.12939453125,-79.25932312011719,0
Which guests is Ronald helping and Leslie complaining about?,Which is Ronald helping guests and Leslie complaining about?,syntax,island_effects,coordinate_structure_constraint_complex_left_branch,True,False,True,True,874,-79.80450439453125,-76.73792266845703,0
What steps was Timothy climbing down and a dancer climbing down?,What was Timothy climbing down steps and a dancer climbing down?,syntax,island_effects,coordinate_structure_constraint_complex_left_branch,True,False,True,True,875,-82.81892395019531,-82.03970336914062,0
Which scarves can some photograph look like and Melinda bring?,Which can some photograph look like scarves and Melinda bring?,syntax,island_effects,coordinate_structure_constraint_complex_left_branch,True,False,True,True,876,-100.65142059326172,-97.9614028930664,0
What drivers had the popsicle irritated and the libraries forgotten?,What had the popsicle irritated drivers and the libraries forgotten?,syntax,island_effects,coordinate_structure_constraint_complex_left_branch,True,False,True,True,877,-92.0989761352539,-90.62825012207031,0
What museums had that nose worried and Noah visited?,What had that nose worried museums and Noah visited?,syntax,island_effects,coordinate_structure_constraint_complex_left_branch,True,False,True,True,878,-81.18003845214844,-75.6847915649414,0
Whose restaurants had Thomas cleaned and Tammy seen?,Whose had Thomas cleaned restaurants and Tammy seen?,syntax,island_effects,coordinate_structure_constraint_complex_left_branch,True,False,True,True,879,-86.79224395751953,-83.32614135742188,0
Which ladies is Bruce attacking and Jeffrey concealing?,Which is Bruce attacking ladies and Jeffrey concealing?,syntax,island_effects,coordinate_structure_constraint_complex_left_branch,True,False,True,True,880,-83.39545440673828,-81.62060546875,0
Which movies had Amy referenced and Scott forgotten?,Which had Amy referenced movies and Scott forgotten?,syntax,island_effects,coordinate_structure_constraint_complex_left_branch,True,False,True,True,881,-69.76746368408203,-69.76653289794922,0
Which banks was James boycotting and Jill appreciating?,Which was James boycotting banks and Jill appreciating?,syntax,island_effects,coordinate_structure_constraint_complex_left_branch,True,False,True,True,882,-91.17057800292969,-89.96922302246094,0
Which restaurants will Carolyn find and Charles take?,Which will Carolyn find restaurants and Charles take?,syntax,island_effects,coordinate_structure_constraint_complex_left_branch,True,False,True,True,883,-75.88322448730469,-72.06207275390625,0
What banks had every boy arrived at and Laura bothered?,What had every boy arrived at banks and Laura bothered?,syntax,island_effects,coordinate_structure_constraint_complex_left_branch,True,False,True,True,884,-80.4061279296875,-74.19020080566406,0
Which art galleries is Kimberley thinking about and Regina returning to?,Which is Kimberley thinking about art galleries and Regina returning to?,syntax,island_effects,coordinate_structure_constraint_complex_left_branch,True,False,True,True,885,-101.42796325683594,-97.652099609375,0
Which candles could Becky buy and Dennis admire?,Which could Becky buy candles and Dennis admire?,syntax,island_effects,coordinate_structure_constraint_complex_left_branch,True,False,True,True,886,-73.08973693847656,-72.44263458251953,0
Whose rugs had Theodore sold and Mark sold?,Whose had Theodore sold rugs and Mark sold?,syntax,island_effects,coordinate_structure_constraint_complex_left_branch,True,False,True,True,887,-86.81680297851562,-84.06365966796875,0
What glaciers would these senators bring and Catherine drive to?,What would these senators bring glaciers and Catherine drive to?,syntax,island_effects,coordinate_structure_constraint_complex_left_branch,True,False,True,True,888,-89.5383529663086,-85.50785064697266,0
Which drivers had those candles irritated and Russell worried?,Which had those candles irritated drivers and Russell worried?,syntax,island_effects,coordinate_structure_constraint_complex_left_branch,True,False,True,True,889,-81.75309753417969,-81.91592407226562,1
Whose museums did eyes annoy and Stacey exit?,Whose did eyes annoy museums and Stacey exit?,syntax,island_effects,coordinate_structure_constraint_complex_left_branch,True,False,True,True,890,-95.29934692382812,-89.79045867919922,0
Which restaurants does Stacy criticize and a man escape from?,Which does Stacy criticize restaurants and a man escape from?,syntax,island_effects,coordinate_structure_constraint_complex_left_branch,True,False,True,True,891,-86.50685119628906,-85.88179016113281,0
What ladders could Stacy descend and Sharon hide?,What could Stacy descend ladders and Sharon hide?,syntax,island_effects,coordinate_structure_constraint_complex_left_branch,True,False,True,True,892,-84.17098999023438,-82.36558532714844,0
Which ladies has Monet attacked and these doctors sounded like?,Which has Monet attacked ladies and these doctors sounded like?,syntax,island_effects,coordinate_structure_constraint_complex_left_branch,True,False,True,True,893,-88.9676513671875,-90.13444519042969,1
Whose hospitals had Monet toured and Elizabeth impressed?,Whose had Monet toured hospitals and Elizabeth impressed?,syntax,island_effects,coordinate_structure_constraint_complex_left_branch,True,False,True,True,894,-89.74706268310547,-87.05150604248047,0
Which pamphlets had those hospitals concealed and Christina sold?,Which had those hospitals concealed pamphlets and Christina sold?,syntax,island_effects,coordinate_structure_constraint_complex_left_branch,True,False,True,True,895,-94.00372314453125,-91.90164184570312,0
What girls should Nicole work with and Benjamin hide?,What should Nicole work with girls and Benjamin hide?,syntax,island_effects,coordinate_structure_constraint_complex_left_branch,True,False,True,True,896,-74.09510040283203,-67.08128356933594,0
What ladies is Marla stunning and some movie theater impressing?,What is Marla stunning ladies and some movie theater impressing?,syntax,island_effects,coordinate_structure_constraint_complex_left_branch,True,False,True,True,897,-105.85173797607422,-105.38008117675781,0
Whose mirrors was Kristin fixing and the Lutherans finding?,Whose was Kristin fixing mirrors and the Lutherans finding?,syntax,island_effects,coordinate_structure_constraint_complex_left_branch,True,False,True,True,898,-109.24346923828125,-104.3486099243164,0
Whose closets has Carmen passed and Gary fled from?,Whose has Carmen passed closets and Gary fled from?,syntax,island_effects,coordinate_structure_constraint_complex_left_branch,True,False,True,True,899,-99.2850570678711,-97.91719818115234,0
Whose college campuses is Walter passing and Renee criticizing?,Whose is Walter passing college campuses and Renee criticizing?,syntax,island_effects,coordinate_structure_constraint_complex_left_branch,True,False,True,True,900,-101.27339935302734,-99.23617553710938,0
What coats will most cashiers find and Bradley admire?,What will most cashiers find coats and Bradley admire?,syntax,island_effects,coordinate_structure_constraint_complex_left_branch,True,False,True,True,901,-92.89478302001953,-89.31723022460938,0
Which movies was Jacqueline examining and Susan scanning?,Which was Jacqueline examining movies and Susan scanning?,syntax,island_effects,coordinate_structure_constraint_complex_left_branch,True,False,True,True,902,-84.36833190917969,-82.00621032714844,0
Which universities is some steak aggravating and Peter researching?,Which is some steak aggravating universities and Peter researching?,syntax,island_effects,coordinate_structure_constraint_complex_left_branch,True,False,True,True,903,-88.45094299316406,-88.08374786376953,0
Which movie theaters is Lori arriving at and the Impressionists exploring?,Which is Lori arriving at movie theaters and the Impressionists exploring?,syntax,island_effects,coordinate_structure_constraint_complex_left_branch,True,False,True,True,904,-117.43063354492188,-114.96743774414062,0
Whose synopses will Mitchell examine and Diane talk about?,Whose will Mitchell examine synopses and Diane talk about?,syntax,island_effects,coordinate_structure_constraint_complex_left_branch,True,False,True,True,905,-106.31814575195312,-103.46221923828125,0
Whose libraries can Paula clean and Diane mess up?,Whose can Paula clean libraries and Diane mess up?,syntax,island_effects,coordinate_structure_constraint_complex_left_branch,True,False,True,True,906,-90.3215560913086,-89.38764953613281,0
Which senators should Bradley dislike and Erin reference?,Which should Bradley dislike senators and Erin reference?,syntax,island_effects,coordinate_structure_constraint_complex_left_branch,True,False,True,True,907,-82.02519226074219,-81.78459167480469,0
What pamphlets had Naomi remembered and Craig discussed?,What had Naomi remembered pamphlets and Craig discussed?,syntax,island_effects,coordinate_structure_constraint_complex_left_branch,True,False,True,True,908,-86.89778137207031,-85.25595092773438,0
What series has Paula argued about and Becky discovered?,What has Paula argued about series and Becky discovered?,syntax,island_effects,coordinate_structure_constraint_complex_left_branch,True,False,True,True,909,-81.62085723876953,-77.28240966796875,0
Which waitresses will Curtis sound like and Barbara bother?,Which will Curtis sound like waitresses and Barbara bother?,syntax,island_effects,coordinate_structure_constraint_complex_left_branch,True,False,True,True,910,-90.2481689453125,-85.62449645996094,0
Whose trucks had Alan broken and Rebecca admired?,Whose had Alan broken trucks and Rebecca admired?,syntax,island_effects,coordinate_structure_constraint_complex_left_branch,True,False,True,True,911,-82.1158447265625,-79.27513122558594,0
What synopses can Laurie scan and most legislatures criticize?,What can Laurie scan synopses and most legislatures criticize?,syntax,island_effects,coordinate_structure_constraint_complex_left_branch,True,False,True,True,912,-106.48599243164062,-105.21537780761719,0
What children does Lucille leave and Kendra approach?,What does Lucille leave children and Kendra approach?,syntax,island_effects,coordinate_structure_constraint_complex_left_branch,True,False,True,True,913,-90.27024841308594,-88.49655151367188,0
Which public parks was Kimberley skated around and Eric lifting?,Which was Kimberley skated around public parks and Eric lifting?,syntax,island_effects,coordinate_structure_constraint_complex_left_branch,True,False,True,True,914,-106.69180297851562,-102.98506927490234,0
Which libraries had those guests driven to and Amelia scared?,Which had those guests driven to libraries and Amelia scared?,syntax,island_effects,coordinate_structure_constraint_complex_left_branch,True,False,True,True,915,-87.6490478515625,-82.16841125488281,0
What guys is Becca helping and all women disagreeing with?,What is Becca helping guys and all women disagreeing with?,syntax,island_effects,coordinate_structure_constraint_complex_left_branch,True,False,True,True,916,-93.94647979736328,-94.12525177001953,1
Whose mushrooms is Joel buying and Deanna buying?,Whose is Joel buying mushrooms and Deanna buying?,syntax,island_effects,coordinate_structure_constraint_complex_left_branch,True,False,True,True,917,-94.73323822021484,-89.11211395263672,0
What adults is Rodney kissing and Kenneth working with?,What is Rodney kissing adults and Kenneth working with?,syntax,island_effects,coordinate_structure_constraint_complex_left_branch,True,False,True,True,918,-76.78291320800781,-74.95512390136719,0
Which hills has Irene arrived at and Sara dropped by?,Which has Irene arrived at hills and Sara dropped by?,syntax,island_effects,coordinate_structure_constraint_complex_left_branch,True,False,True,True,919,-87.92852783203125,-85.63113403320312,0
What pedestrians should a plane bore and Stephanie talk about?,What should a plane bore pedestrians and Stephanie talk about?,syntax,island_effects,coordinate_structure_constraint_complex_left_branch,True,False,True,True,920,-82.50260925292969,-77.81072235107422,0
Whose convertibles would Dennis buy and Alicia notice?,Whose would Dennis buy convertibles and Alicia notice?,syntax,island_effects,coordinate_structure_constraint_complex_left_branch,True,False,True,True,921,-100.06117248535156,-96.63069152832031,0
What steps was a picture looking like and Carlos concealing?,What was a picture looking like steps and Carlos concealing?,syntax,island_effects,coordinate_structure_constraint_complex_left_branch,True,False,True,True,922,-89.09892272949219,-82.45757293701172,0
What jackets was the painting looking like and Sally thinking about?,What was the painting looking like jackets and Sally thinking about?,syntax,island_effects,coordinate_structure_constraint_complex_left_branch,True,False,True,True,923,-81.91060638427734,-74.08460235595703,0
Which malls should Theodore mess up and Alexander have?,Which should Theodore mess up malls and Alexander have?,syntax,island_effects,coordinate_structure_constraint_complex_left_branch,True,False,True,True,924,-81.19256591796875,-81.40107727050781,1
What glaciers have students run around and ladies hidden?,What have students run around glaciers and ladies hidden?,syntax,island_effects,coordinate_structure_constraint_complex_left_branch,True,False,True,True,925,-77.53517150878906,-74.47689819335938,0
What drivers is Lucille scaring and Heidi complaining about?,What is Lucille scaring drivers and Heidi complaining about?,syntax,island_effects,coordinate_structure_constraint_complex_left_branch,True,False,True,True,926,-94.9649658203125,-94.345703125,0
What libraries would Kathleen pass and Paula reveal?,What would Kathleen pass libraries and Paula reveal?,syntax,island_effects,coordinate_structure_constraint_complex_left_branch,True,False,True,True,927,-77.91078186035156,-76.07605743408203,0
Which closets has Carl returned to and Patricia researched?,Which has Carl returned to closets and Patricia researched?,syntax,island_effects,coordinate_structure_constraint_complex_left_branch,True,False,True,True,928,-90.44269561767578,-84.88371276855469,0
Which art galleries was Frank cleaning and Margaret returning to?,Which was Frank cleaning art galleries and Margaret returning to?,syntax,island_effects,coordinate_structure_constraint_complex_left_branch,True,False,True,True,929,-82.7517318725586,-79.94950866699219,0
What waiters was Vanessa firing and some child healing?,What was Vanessa firing waiters and some child healing?,syntax,island_effects,coordinate_structure_constraint_complex_left_branch,True,False,True,True,930,-83.27359771728516,-81.78260803222656,0
Which bases should Kirsten appreciate and Alexander appreciate?,Which should Kirsten appreciate bases and Alexander appreciate?,syntax,island_effects,coordinate_structure_constraint_complex_left_branch,True,False,True,True,931,-86.21408081054688,-83.79817962646484,0
Which drivers had Veronica found and Margaret attacked?,Which had Veronica found drivers and Margaret attacked?,syntax,island_effects,coordinate_structure_constraint_complex_left_branch,True,False,True,True,932,-70.5924072265625,-67.9578857421875,0
Whose newspaper articles are some committees discussing and Melissa taking?,Whose are some committees discussing newspaper articles and Melissa taking?,syntax,island_effects,coordinate_structure_constraint_complex_left_branch,True,False,True,True,933,-98.99726867675781,-97.24137115478516,0
Which glaciers did Kenneth skate around and Jerry reveal?,Which did Kenneth skate around glaciers and Jerry reveal?,syntax,island_effects,coordinate_structure_constraint_complex_left_branch,True,False,True,True,934,-84.23411560058594,-82.96280670166016,0
What students can Brenda aggravate and Florence shock?,What can Brenda aggravate students and Florence shock?,syntax,island_effects,coordinate_structure_constraint_complex_left_branch,True,False,True,True,935,-81.04718017578125,-79.47452545166016,0
Whose convertibles had Julia thought about and Victoria looked like?,Whose had Julia thought about convertibles and Victoria looked like?,syntax,island_effects,coordinate_structure_constraint_complex_left_branch,True,False,True,True,936,-102.07405090332031,-96.18887329101562,0
Which closets had Nina bought and Brett talked about?,Which had Nina bought closets and Brett talked about?,syntax,island_effects,coordinate_structure_constraint_complex_left_branch,True,False,True,True,937,-88.06732177734375,-83.67637634277344,0
What customers are most trucks confusing and some organizations hiring?,What are most trucks confusing customers and some organizations hiring?,syntax,island_effects,coordinate_structure_constraint_complex_left_branch,True,False,True,True,938,-89.15763854980469,-86.18567657470703,0
Which men had Kendra hugged and Lori distracted?,Which had Kendra hugged men and Lori distracted?,syntax,island_effects,coordinate_structure_constraint_complex_left_branch,True,False,True,True,939,-85.35393524169922,-84.52616882324219,0
What adults would Colleen like and Michael hire?,What would Colleen like adults and Michael hire?,syntax,island_effects,coordinate_structure_constraint_complex_left_branch,True,False,True,True,940,-83.48019409179688,-78.54974365234375,0
What gloves was every pedestrian admiring and these books looking like?,What was every pedestrian admiring gloves and these books looking like?,syntax,island_effects,coordinate_structure_constraint_complex_left_branch,True,False,True,True,941,-95.31299591064453,-93.97293853759766,0
What museums has Roger exited and Travis sounded like?,What has Roger exited museums and Travis sounded like?,syntax,island_effects,coordinate_structure_constraint_complex_left_branch,True,False,True,True,942,-82.54255676269531,-81.66734313964844,0
What pamphlets could Roger remember and every story disagree with?,What could Roger remember pamphlets and every story disagree with?,syntax,island_effects,coordinate_structure_constraint_complex_left_branch,True,False,True,True,943,-97.31085205078125,-94.62080383300781,0
Which art galleries had Sherry walked through and Carmen walked through?,Which had Sherry walked through art galleries and Carmen walked through?,syntax,island_effects,coordinate_structure_constraint_complex_left_branch,True,False,True,True,944,-102.08201599121094,-98.45484924316406,0
What lakes has Kathleen toured and Bruce explored?,What has Kathleen toured lakes and Bruce explored?,syntax,island_effects,coordinate_structure_constraint_complex_left_branch,True,False,True,True,945,-78.63368225097656,-77.47061157226562,0
What women will Russell approach and Martha approach?,What will Russell approach women and Martha approach?,syntax,island_effects,coordinate_structure_constraint_complex_left_branch,True,False,True,True,946,-70.97601318359375,-69.20457458496094,0
What photographs had some waitress looked like and Sherry sold?,What had some waitress looked like photographs and Sherry sold?,syntax,island_effects,coordinate_structure_constraint_complex_left_branch,True,False,True,True,947,-90.16944122314453,-84.27274322509766,0
Which analyses was Frank scanning and Florence thinking about?,Which was Frank scanning analyses and Florence thinking about?,syntax,island_effects,coordinate_structure_constraint_complex_left_branch,True,False,True,True,948,-75.08325958251953,-73.17707824707031,0
Which men do these committees stun and Valerie remember?,Which do these committees stun men and Valerie remember?,syntax,island_effects,coordinate_structure_constraint_complex_left_branch,True,False,True,True,949,-78.155517578125,-77.06087493896484,0
Which slopes had a dancer climbed down and a lot of public parks looked like?,Which had a dancer climbed down slopes and a lot of public parks looked like?,syntax,island_effects,coordinate_structure_constraint_complex_left_branch,True,False,True,True,950,-100.40768432617188,-100.93164825439453,1
What teenagers were those people stunning and most adults curing?,What were those people stunning teenagers and most adults curing?,syntax,island_effects,coordinate_structure_constraint_complex_left_branch,True,False,True,True,951,-89.5154037475586,-87.28215026855469,0
Whose closets has this child discussed and George skated around?,Whose has this child discussed closets and George skated around?,syntax,island_effects,coordinate_structure_constraint_complex_left_branch,True,False,True,True,952,-107.83656311035156,-105.89894104003906,0
Which children has Laurie returned to and many coats worried?,Which has Laurie returned to children and many coats worried?,syntax,island_effects,coordinate_structure_constraint_complex_left_branch,True,False,True,True,953,-76.56636047363281,-73.88345336914062,0
Which women does the museum upset and Liam reveal?,Which does the museum upset women and Liam reveal?,syntax,island_effects,coordinate_structure_constraint_complex_left_branch,True,False,True,True,954,-75.53248596191406,-74.48602294921875,0
Which schools were many boys irritating and this man confusing?,Which were many boys irritating schools and this man confusing?,syntax,island_effects,coordinate_structure_constraint_complex_left_branch,True,False,True,True,955,-75.24197387695312,-75.17975616455078,0
What public parks can Alan explore and a lot of guys escape from?,What can Alan explore public parks and a lot of guys escape from?,syntax,island_effects,coordinate_structure_constraint_complex_left_branch,True,False,True,True,956,-102.12518310546875,-97.75785827636719,0
What banks would these actors drive to and Travis exit?,What would these actors drive to banks and Travis exit?,syntax,island_effects,coordinate_structure_constraint_complex_left_branch,True,False,True,True,957,-86.96257019042969,-80.25132751464844,0
Which women had this cashier astounded and Ann worried?,Which had this cashier astounded women and Ann worried?,syntax,island_effects,coordinate_structure_constraint_complex_left_branch,True,False,True,True,958,-91.00900268554688,-90.64804077148438,0
Which libraries were most vases shocking and Elaine dropping by?,Which were most vases shocking libraries and Elaine dropping by?,syntax,island_effects,coordinate_structure_constraint_complex_left_branch,True,False,True,True,959,-98.94366455078125,-97.74114990234375,0
Which students will Holly stun and Rhonda talk about?,Which will Holly stun students and Rhonda talk about?,syntax,island_effects,coordinate_structure_constraint_complex_left_branch,True,False,True,True,960,-86.38400268554688,-85.88897705078125,0
Whose analyses had Dana examined and Marie concealed?,Whose had Dana examined analyses and Marie concealed?,syntax,island_effects,coordinate_structure_constraint_complex_left_branch,True,False,True,True,961,-86.59521484375,-85.45459747314453,0
What glaciers had Irene fled from and Sandra explored?,What had Irene fled from glaciers and Sandra explored?,syntax,island_effects,coordinate_structure_constraint_complex_left_branch,True,False,True,True,962,-91.284912109375,-87.27560424804688,0
What governments was Tamara boycotting and Nancy questioning?,What was Tamara boycotting governments and Nancy questioning?,syntax,island_effects,coordinate_structure_constraint_complex_left_branch,True,False,True,True,963,-95.10537719726562,-91.23482513427734,0
What waitresses are those dancers observing and Sandra talking about?,What are those dancers observing waitresses and Sandra talking about?,syntax,island_effects,coordinate_structure_constraint_complex_left_branch,True,False,True,True,964,-90.00761413574219,-88.01400756835938,0
What pictures might Debra resemble and sketches look like?,What might Debra resemble pictures and sketches look like?,syntax,island_effects,coordinate_structure_constraint_complex_left_branch,True,False,True,True,965,-85.09742736816406,-86.08672332763672,1
What girls has Tammy hired and Walter admired?,What has Tammy hired girls and Walter admired?,syntax,island_effects,coordinate_structure_constraint_complex_left_branch,True,False,True,True,966,-74.05885314941406,-72.35411071777344,0
What teenagers would Denise hurt and David flee from?,What would Denise hurt teenagers and David flee from?,syntax,island_effects,coordinate_structure_constraint_complex_left_branch,True,False,True,True,967,-81.01084899902344,-79.36753845214844,0
What actresses could Keith return to and all screens stun?,What could Keith return to actresses and all screens stun?,syntax,island_effects,coordinate_structure_constraint_complex_left_branch,True,False,True,True,968,-92.5890121459961,-86.57978057861328,0
Which museums can the rabbit aggravate and Alice impress?,Which can the rabbit aggravate museums and Alice impress?,syntax,island_effects,coordinate_structure_constraint_complex_left_branch,True,False,True,True,969,-87.17576599121094,-88.29173278808594,1
What customers should Wayne hire and Elaine hug?,What should Wayne hire customers and Elaine hug?,syntax,island_effects,coordinate_structure_constraint_complex_left_branch,True,False,True,True,970,-80.34817504882812,-73.86457824707031,0
Whose deer does that student take and Kristin heal?,Whose does that student take deer and Kristin heal?,syntax,island_effects,coordinate_structure_constraint_complex_left_branch,True,False,True,True,971,-93.45281982421875,-89.51209259033203,0
Whose deer had Grace healed and Naomi cured?,Whose had Grace healed deer and Naomi cured?,syntax,island_effects,coordinate_structure_constraint_complex_left_branch,True,False,True,True,972,-84.06536865234375,-84.45870971679688,1
What alumni had Noah hired and Alan thought about?,What had Noah hired alumni and Alan thought about?,syntax,island_effects,coordinate_structure_constraint_complex_left_branch,True,False,True,True,973,-79.25366973876953,-75.82593536376953,0
What stairs did Ella ascend and Roger like?,What did Ella ascend stairs and Roger like?,syntax,island_effects,coordinate_structure_constraint_complex_left_branch,True,False,True,True,974,-73.24493408203125,-70.61348724365234,0
What ladies has Angela cared for and Becky concealed?,What has Angela cared for ladies and Becky concealed?,syntax,island_effects,coordinate_structure_constraint_complex_left_branch,True,False,True,True,975,-79.42727661132812,-75.75653839111328,0
Which mountains had Cheryl climbed down and associations sold?,Which had Cheryl climbed down mountains and associations sold?,syntax,island_effects,coordinate_structure_constraint_complex_left_branch,True,False,True,True,976,-77.25111389160156,-78.32235717773438,1
Which actresses has John hated and the scarves irritated?,Which has John hated actresses and the scarves irritated?,syntax,island_effects,coordinate_structure_constraint_complex_left_branch,True,False,True,True,977,-87.0804672241211,-86.23979187011719,0
What cafes should a patient arrive at and Angela explore?,What should a patient arrive at cafes and Angela explore?,syntax,island_effects,coordinate_structure_constraint_complex_left_branch,True,False,True,True,978,-88.08575439453125,-82.61324310302734,0
What pedestrians did Curtis approach and Becky irritate?,What did Curtis approach pedestrians and Becky irritate?,syntax,island_effects,coordinate_structure_constraint_complex_left_branch,True,False,True,True,979,-84.96507263183594,-83.43440246582031,0
What drivers will this woman care for and Samantha admire?,What will this woman care for drivers and Samantha admire?,syntax,island_effects,coordinate_structure_constraint_complex_left_branch,True,False,True,True,980,-79.85202026367188,-74.46769714355469,0
What children should Wayne aggravate and Guy attack?,What should Wayne aggravate children and Guy attack?,syntax,island_effects,coordinate_structure_constraint_complex_left_branch,True,False,True,True,981,-78.67404174804688,-77.83647155761719,0
What books are all patients disagreeing with and these guests examining?,What are all patients disagreeing with books and these guests examining?,syntax,island_effects,coordinate_structure_constraint_complex_left_branch,True,False,True,True,982,-95.72294616699219,-90.78861999511719,0
Which movie theaters would Eric go to and Cheryl hide?,Which would Eric go to movie theaters and Cheryl hide?,syntax,island_effects,coordinate_structure_constraint_complex_left_branch,True,False,True,True,983,-84.49414825439453,-83.84567260742188,0
Which senators has Karen watched and some essay alarmed?,Which has Karen watched senators and some essay alarmed?,syntax,island_effects,coordinate_structure_constraint_complex_left_branch,True,False,True,True,984,-82.11349487304688,-80.4811019897461,0
Which patients had Marcus watched and Clyde returned to?,Which had Marcus watched patients and Clyde returned to?,syntax,island_effects,coordinate_structure_constraint_complex_left_branch,True,False,True,True,985,-73.756591796875,-71.72135925292969,0
What people was Chad praising and Gina helping?,What was Chad praising people and Gina helping?,syntax,island_effects,coordinate_structure_constraint_complex_left_branch,True,False,True,True,986,-70.90398406982422,-70.0150146484375,0
What chairs had Marla hidden and Becca concealed?,What had Marla hidden chairs and Becca concealed?,syntax,island_effects,coordinate_structure_constraint_complex_left_branch,True,False,True,True,987,-92.4122314453125,-88.37109375,0
What scarves will Lucille discover and Jane find?,What will Lucille discover scarves and Jane find?,syntax,island_effects,coordinate_structure_constraint_complex_left_branch,True,False,True,True,988,-90.24449920654297,-87.61915588378906,0
Which brochures should Anne boast about and Andrew sound like?,Which should Anne boast about brochures and Andrew sound like?,syntax,island_effects,coordinate_structure_constraint_complex_left_branch,True,False,True,True,989,-98.07962036132812,-95.42890930175781,0
Which stories was Lisa complaining about and Winston Churchill insulting?,Which was Lisa complaining about stories and Winston Churchill insulting?,syntax,island_effects,coordinate_structure_constraint_complex_left_branch,True,False,True,True,990,-94.5499038696289,-89.75394439697266,0
Whose plates had Wendy thought about and Brett cleaned?,Whose had Wendy thought about plates and Brett cleaned?,syntax,island_effects,coordinate_structure_constraint_complex_left_branch,True,False,True,True,991,-86.96054077148438,-81.87406921386719,0
Whose paintings had a lot of dishes resembled and this museum taken?,Whose had a lot of dishes resembled paintings and this museum taken?,syntax,island_effects,coordinate_structure_constraint_complex_left_branch,True,False,True,True,992,-99.3130111694336,-95.6244125366211,0
Whose dogs had all paintings looked like and Carrie taken?,Whose had all paintings looked like dogs and Carrie taken?,syntax,island_effects,coordinate_structure_constraint_complex_left_branch,True,False,True,True,993,-88.3082046508789,-84.65632629394531,0
Whose dogs does some association have and all patients think about?,Whose does some association have dogs and all patients think about?,syntax,island_effects,coordinate_structure_constraint_complex_left_branch,True,False,True,True,994,-93.40485382080078,-88.85934448242188,0
What schools has Natalie biked to and Tanya annoyed?,What has Natalie biked to schools and Tanya annoyed?,syntax,island_effects,coordinate_structure_constraint_complex_left_branch,True,False,True,True,995,-98.089599609375,-93.66990661621094,0
Which men could Gina see and Jacqueline question?,Which could Gina see men and Jacqueline question?,syntax,island_effects,coordinate_structure_constraint_complex_left_branch,True,False,True,True,996,-76.77508544921875,-74.92969512939453,0
Whose hospitals had Rachel explored and Tina messed up?,Whose had Rachel explored hospitals and Tina messed up?,syntax,island_effects,coordinate_structure_constraint_complex_left_branch,True,False,True,True,997,-88.6767578125,-86.06434631347656,0
Whose companies was some painting upsetting and Adam discovering?,Whose was some painting upsetting companies and Adam discovering?,syntax,island_effects,coordinate_structure_constraint_complex_left_branch,True,False,True,True,998,-90.72624206542969,-87.17443084716797,0
Which hills was Homer descending and Noah descending?,Which was Homer descending hills and Noah descending?,syntax,island_effects,coordinate_structure_constraint_complex_left_branch,True,False,True,True,999,-76.52705383300781,-75.3883056640625,0
