sentence_good,sentence_bad,field,linguistics_term,UID,simple_LM_method,one_prefix_method,two_prefix_method,lexically_identical,pair_id,good_prob,bad_prob,correct
Tina revealed Margaret.,The horse revealed Margaret.,syntax,s-selection,animate_subject_trans,True,False,True,False,0,-33.10834503173828,-33.81032180786133,1
Danielle visited Irene.,The eye visited Irene.,syntax,s-selection,animate_subject_trans,True,False,True,False,1,-40.08836364746094,-41.077049255371094,1
Paul runs around the art galleries.,The river runs around the art galleries.,syntax,s-selection,animate_subject_trans,True,False,True,False,2,-39.88218688964844,-49.05089569091797,1
Most banks have praised Raymond.,The jackets have praised Raymond.,syntax,s-selection,animate_subject_trans,True,False,True,False,3,-43.00089645385742,-45.036827087402344,1
Every doctor was selling some restaurants.,A cup was selling some restaurants.,syntax,s-selection,animate_subject_trans,True,False,True,False,4,-42.71854019165039,-44.426780700683594,1
Steve bikes to a public park.,Every fork bikes to a public park.,syntax,s-selection,animate_subject_trans,True,False,True,False,5,-37.01880645751953,-50.585693359375,1
Beth scares Roger.,A carriage scares Roger.,syntax,s-selection,animate_subject_trans,True,False,True,False,6,-35.817813873291016,-37.2624626159668,1
Melissa will clean a gate.,This mouth will clean a gate.,syntax,s-selection,animate_subject_trans,True,False,True,False,7,-39.630401611328125,-37.17652893066406,0
Tanya conceals Adam.,This ice cream conceals Adam.,syntax,s-selection,animate_subject_trans,True,False,True,False,8,-42.61322784423828,-47.40202331542969,1
Renee had praised Eric.,The beef had praised Eric.,syntax,s-selection,animate_subject_trans,True,False,True,False,9,-38.42161560058594,-41.59659194946289,1
Mark hasn't respected a lot of actors.,Every government hasn't respected a lot of actors.,syntax,s-selection,animate_subject_trans,True,False,True,False,10,-41.614990234375,-53.95355224609375,1
Matt could argue about Bethany.,Every mall could argue about Bethany.,syntax,s-selection,animate_subject_trans,True,False,True,False,11,-45.24840545654297,-58.98597717285156,1
Kathleen can't fix every carriage.,Some newspaper article can't fix every carriage.,syntax,s-selection,animate_subject_trans,True,False,True,False,12,-52.89289474487305,-57.61259460449219,1
Denise wasn't referencing Homer.,Rice wasn't referencing Homer.,syntax,s-selection,animate_subject_trans,True,False,True,False,13,-43.763702392578125,-46.62126541137695,1
Vanessa visits Judy.,The ice cream visits Judy.,syntax,s-selection,animate_subject_trans,True,False,True,False,14,-36.64337158203125,-42.215797424316406,1
Beverly would scan a movie.,A pepper would scan a movie.,syntax,s-selection,animate_subject_trans,True,False,True,False,15,-48.56963348388672,-43.07870864868164,0
Liam has respected many waiters.,That banana has respected many waiters.,syntax,s-selection,animate_subject_trans,True,False,True,False,16,-53.08366394042969,-55.52901840209961,1
Some person hadn't passed all high schools.,That casserole hadn't passed all high schools.,syntax,s-selection,animate_subject_trans,True,False,True,False,17,-52.50591278076172,-73.10535430908203,1
Carlos has sounded like all hospitals.,This ice has sounded like all hospitals.,syntax,s-selection,animate_subject_trans,True,False,True,False,18,-47.27324676513672,-48.62126159667969,1
Wendy walked through some schools.,The spotlight walked through some schools.,syntax,s-selection,animate_subject_trans,True,False,True,False,19,-47.18354797363281,-42.896053314208984,0
Steve hasn't returned to a dancer.,The nose hasn't returned to a dancer.,syntax,s-selection,animate_subject_trans,True,False,True,False,20,-37.55570602416992,-48.22740173339844,1
Anne wasn't thinking about Paula.,Art wasn't thinking about Paula.,syntax,s-selection,animate_subject_trans,True,False,True,False,21,-34.7158203125,-35.922447204589844,1
Some women were scanning the essay.,A lot of dishes were scanning the essay.,syntax,s-selection,animate_subject_trans,True,False,True,False,22,-41.86163330078125,-52.26272964477539,1
Victoria wouldn't insult a man.,That unicycle wouldn't insult a man.,syntax,s-selection,animate_subject_trans,True,False,True,False,23,-31.747997283935547,-52.78357696533203,1
Peter isn't thinking about a lot of schools.,Some turtle isn't thinking about a lot of schools.,syntax,s-selection,animate_subject_trans,True,False,True,False,24,-38.24718475341797,-48.34009552001953,1
Samuel shouldn't hate Susan.,Art shouldn't hate Susan.,syntax,s-selection,animate_subject_trans,True,False,True,False,25,-41.159725189208984,-31.852684020996094,0
Karla drives to every grocery store.,This chair drives to every grocery store.,syntax,s-selection,animate_subject_trans,True,False,True,False,26,-53.375953674316406,-52.1170654296875,0
Omar isn't talking to Erin.,A legislature isn't talking to Erin.,syntax,s-selection,animate_subject_trans,True,False,True,False,27,-42.14388656616211,-42.69560241699219,1
Galileo had talked to Stephanie.,This car had talked to Stephanie.,syntax,s-selection,animate_subject_trans,True,False,True,False,28,-48.14112091064453,-39.41670608520508,0
Mitchell criticized Amy.,Some art gallery criticized Amy.,syntax,s-selection,animate_subject_trans,True,False,True,False,29,-36.41075134277344,-45.112022399902344,1
Clyde couldn't forget Phillip.,That sketch couldn't forget Phillip.,syntax,s-selection,animate_subject_trans,True,False,True,False,30,-56.229148864746094,-47.77537155151367,0
Most companies have remembered Jesus.,These chairs have remembered Jesus.,syntax,s-selection,animate_subject_trans,True,False,True,False,31,-38.738616943359375,-39.105934143066406,1
Tina hasn't respected Florence.,Art hasn't respected Florence.,syntax,s-selection,animate_subject_trans,True,False,True,False,32,-41.404293060302734,-35.525634765625,0
Phillip can talk to those waitresses.,This pasta can talk to those waitresses.,syntax,s-selection,animate_subject_trans,True,False,True,False,33,-53.26057434082031,-53.47229766845703,1
Matt discovered a lot of spotlights.,Every ladder discovered a lot of spotlights.,syntax,s-selection,animate_subject_trans,True,False,True,False,34,-43.004432678222656,-55.198394775390625,1
Gina talks to Joseph.,Fish talks to Joseph.,syntax,s-selection,animate_subject_trans,True,False,True,False,35,-33.56696319580078,-25.900535583496094,0
Kendra hasn't attacked some guys.,That window hasn't attacked some guys.,syntax,s-selection,animate_subject_trans,True,False,True,False,36,-50.0191650390625,-47.64704895019531,0
Ella discovered Matt.,This association discovered Matt.,syntax,s-selection,animate_subject_trans,True,False,True,False,37,-34.68753433227539,-36.23948669433594,1
Valerie isn't passing high schools.,A public park isn't passing high schools.,syntax,s-selection,animate_subject_trans,True,False,True,False,38,-48.81087875366211,-56.8792724609375,1
Carrie isn't listening to Jodi.,That movie theater isn't listening to Jodi.,syntax,s-selection,animate_subject_trans,True,False,True,False,39,-51.941673278808594,-61.49253845214844,1
Russell hasn't escaped from some museum.,That picture hasn't escaped from some museum.,syntax,s-selection,animate_subject_trans,True,False,True,False,40,-42.93871307373047,-51.44829177856445,1
This customer was arguing about Karen.,A report was arguing about Karen.,syntax,s-selection,animate_subject_trans,True,False,True,False,41,-45.40149688720703,-44.86948776245117,0
Roger will watch that guest.,Some beef will watch that guest.,syntax,s-selection,animate_subject_trans,True,False,True,False,42,-31.719688415527344,-42.216766357421875,1
Becky tours a lot of banks.,This rug tours a lot of banks.,syntax,s-selection,animate_subject_trans,True,False,True,False,43,-40.33760452270508,-48.212257385253906,1
Chad isn't observing that cashier.,This casserole isn't observing that cashier.,syntax,s-selection,animate_subject_trans,True,False,True,False,44,-54.747413635253906,-71.640869140625,1
The girls weren't skated around a museum.,All snakes weren't skated around a museum.,syntax,s-selection,animate_subject_trans,True,False,True,False,45,-57.389869689941406,-60.7310676574707,1
Brad hasn't returned to most pedestrians.,This dish hasn't returned to most pedestrians.,syntax,s-selection,animate_subject_trans,True,False,True,False,46,-44.152156829833984,-53.86842346191406,1
Stacey toured the hill.,Some rice toured the hill.,syntax,s-selection,animate_subject_trans,True,False,True,False,47,-37.31039810180664,-36.91790771484375,0
Jodi boycotted the closets.,Every committee boycotted the closets.,syntax,s-selection,animate_subject_trans,True,False,True,False,48,-65.562744140625,-63.516845703125,0
Laura doesn't bring some boxes.,The painting doesn't bring some boxes.,syntax,s-selection,animate_subject_trans,True,False,True,False,49,-30.907941818237305,-41.077144622802734,1
Every lady lifts this gate.,This report lifts this gate.,syntax,s-selection,animate_subject_trans,True,False,True,False,50,-36.37373733520508,-38.347843170166016,1
Tanya admires Melanie.,Music admires Melanie.,syntax,s-selection,animate_subject_trans,True,False,True,False,51,-46.81988525390625,-37.02096939086914,0
Erin wouldn't drive to the hill.,The coat wouldn't drive to the hill.,syntax,s-selection,animate_subject_trans,True,False,True,False,52,-40.70395278930664,-41.22215270996094,1
Heidi hadn't concealed all socks.,The movie theater hadn't concealed all socks.,syntax,s-selection,animate_subject_trans,True,False,True,False,53,-51.62370300292969,-61.727657318115234,1
Natalie complains about Caroline.,A rabbit complains about Caroline.,syntax,s-selection,animate_subject_trans,True,False,True,False,54,-42.337562561035156,-41.31549072265625,0
Elaine might flee from Ronald.,That university might flee from Ronald.,syntax,s-selection,animate_subject_trans,True,False,True,False,55,-47.58076095581055,-48.699161529541016,1
Some associations are admiring Alexander.,The dishes are admiring Alexander.,syntax,s-selection,animate_subject_trans,True,False,True,False,56,-49.12520217895508,-46.22391128540039,0
Paula admired Kenneth.,Some river admired Kenneth.,syntax,s-selection,animate_subject_trans,True,False,True,False,57,-32.24660110473633,-35.980892181396484,1
Brenda dropped by a river.,This book dropped by a river.,syntax,s-selection,animate_subject_trans,True,False,True,False,58,-31.451751708984375,-35.1402587890625,1
A senator drops by every lake.,The muffin drops by every lake.,syntax,s-selection,animate_subject_trans,True,False,True,False,59,-42.55231475830078,-45.687686920166016,1
Carla can't watch Sara.,The tomato can't watch Sara.,syntax,s-selection,animate_subject_trans,True,False,True,False,60,-39.54005813598633,-40.709625244140625,1
Pamela reveals Dana.,That carriage reveals Dana.,syntax,s-selection,animate_subject_trans,True,False,True,False,61,-44.896278381347656,-40.470237731933594,0
Steven hasn't talked about Sara.,That window hasn't talked about Sara.,syntax,s-selection,animate_subject_trans,True,False,True,False,62,-35.08757781982422,-44.78211975097656,1
Every library isn't praising Alexander.,The tomato isn't praising Alexander.,syntax,s-selection,animate_subject_trans,True,False,True,False,63,-44.443077087402344,-45.667083740234375,1
Tamara hates Julia.,This ice hates Julia.,syntax,s-selection,animate_subject_trans,True,False,True,False,64,-31.290855407714844,-31.688945770263672,1
Alan messed up some college campus.,A gate messed up some college campus.,syntax,s-selection,animate_subject_trans,True,False,True,False,65,-44.382625579833984,-54.90162658691406,1
Paul fires Russell.,This truck fires Russell.,syntax,s-selection,animate_subject_trans,True,False,True,False,66,-26.04958724975586,-36.037803649902344,1
Beverly wasn't examining books.,The bike wasn't examining books.,syntax,s-selection,animate_subject_trans,True,False,True,False,67,-47.133750915527344,-41.70100021362305,0
Dawn hadn't forgotten Diana.,Some government hadn't forgotten Diana.,syntax,s-selection,animate_subject_trans,True,False,True,False,68,-43.179439544677734,-45.29448699951172,1
Ella has forgotten Michael.,Spain has forgotten Michael.,syntax,s-selection,animate_subject_trans,True,False,True,False,69,-37.10894012451172,-28.26325798034668,0
Alice fires Ruth.,Some plate fires Ruth.,syntax,s-selection,animate_subject_trans,True,False,True,False,70,-25.22809600830078,-33.80437088012695,1
A lot of actors bought mountains.,All horses bought mountains.,syntax,s-selection,animate_subject_trans,True,False,True,False,71,-43.52192687988281,-32.3608512878418,0
Amelia questioned Valerie.,The lake questioned Valerie.,syntax,s-selection,animate_subject_trans,True,False,True,False,72,-39.21591567993164,-37.719970703125,0
Pamela hadn't attacked a lot of cashiers.,This coat hadn't attacked a lot of cashiers.,syntax,s-selection,animate_subject_trans,True,False,True,False,73,-68.44107055664062,-61.263397216796875,0
Leslie hadn't fixed this cart.,That sweater hadn't fixed this cart.,syntax,s-selection,animate_subject_trans,True,False,True,False,74,-49.58064270019531,-52.12364959716797,1
Douglas hadn't argued about Samuel.,The carriage hadn't argued about Samuel.,syntax,s-selection,animate_subject_trans,True,False,True,False,75,-55.08473587036133,-52.28792953491211,0
Kenneth isn't cleaning a jacket.,Spinach isn't cleaning a jacket.,syntax,s-selection,animate_subject_trans,True,False,True,False,76,-42.49220275878906,-47.831642150878906,1
Florence hadn't fled from banks.,Every university hadn't fled from banks.,syntax,s-selection,animate_subject_trans,True,False,True,False,77,-57.193092346191406,-54.06986999511719,0
Jill cleaned all ladders.,The door cleaned all ladders.,syntax,s-selection,animate_subject_trans,True,False,True,False,78,-42.87847137451172,-43.66900634765625,1
Some cashier isn't complaining about these ladies.,The sketch isn't complaining about these ladies.,syntax,s-selection,animate_subject_trans,True,False,True,False,79,-61.027652740478516,-53.63934326171875,0
Deborah drove to some college campuses.,Some commentary drove to some college campuses.,syntax,s-selection,animate_subject_trans,True,False,True,False,80,-57.2392692565918,-58.737281799316406,1
Theresa visits Patricia.,The nose visits Patricia.,syntax,s-selection,animate_subject_trans,True,False,True,False,81,-40.5643310546875,-38.481266021728516,0
Carl cleans this dress.,Bread cleans this dress.,syntax,s-selection,animate_subject_trans,True,False,True,False,82,-26.934478759765625,-39.35382843017578,1
Melanie won't notice Carol.,This ice cream won't notice Carol.,syntax,s-selection,animate_subject_trans,True,False,True,False,83,-43.70867919921875,-46.39677810668945,1
Russell was running around that school.,The sweater was running around that school.,syntax,s-selection,animate_subject_trans,True,False,True,False,84,-32.76031494140625,-42.676841735839844,1
Candice can't kiss these people.,Some high school can't kiss these people.,syntax,s-selection,animate_subject_trans,True,False,True,False,85,-40.53087615966797,-45.18379211425781,1
Matt was going to restaurants.,The cucumber was going to restaurants.,syntax,s-selection,animate_subject_trans,True,False,True,False,86,-25.550621032714844,-47.40458679199219,1
Every guest isn't leaving Eva.,Art isn't leaving Eva.,syntax,s-selection,animate_subject_trans,True,False,True,False,87,-43.18885803222656,-32.15242004394531,0
Dawn can't go to a mall.,Some window can't go to a mall.,syntax,s-selection,animate_subject_trans,True,False,True,False,88,-42.46501159667969,-41.37084197998047,0
Tonya hadn't healed most horses.,This dish hadn't healed most horses.,syntax,s-selection,animate_subject_trans,True,False,True,False,89,-46.65850830078125,-53.06181716918945,1
Kimberley bikes to the Great Lakes.,Every newspaper article bikes to the Great Lakes.,syntax,s-selection,animate_subject_trans,True,False,True,False,90,-52.68092346191406,-58.763816833496094,1
Wayne was attacking Cindy.,Every plane was attacking Cindy.,syntax,s-selection,animate_subject_trans,True,False,True,False,91,-37.10167694091797,-38.98060607910156,1
Emily hadn't questioned that actor.,Some pepper hadn't questioned that actor.,syntax,s-selection,animate_subject_trans,True,False,True,False,92,-38.66334533691406,-51.33310317993164,1
Deborah can't run around the Great Lakes.,A newspaper article can't run around the Great Lakes.,syntax,s-selection,animate_subject_trans,True,False,True,False,93,-57.37925338745117,-68.06246948242188,1
Aaron messed up these glasses.,That government messed up these glasses.,syntax,s-selection,animate_subject_trans,True,False,True,False,94,-33.09761047363281,-44.97475051879883,1
Lawrence fled from Brad.,Literature fled from Brad.,syntax,s-selection,animate_subject_trans,True,False,True,False,95,-42.47896957397461,-41.36423873901367,0
These dancers should investigate Caroline.,Glaciers should investigate Caroline.,syntax,s-selection,animate_subject_trans,True,False,True,False,96,-44.31501007080078,-49.513954162597656,1
Mitchell can't complain about Peter.,This window can't complain about Peter.,syntax,s-selection,animate_subject_trans,True,False,True,False,97,-45.895423889160156,-43.12131118774414,0
Every doctor wasn't describing a river.,This story wasn't describing a river.,syntax,s-selection,animate_subject_trans,True,False,True,False,98,-43.219810485839844,-41.52003860473633,0
Sally concealed Kirsten.,This beef concealed Kirsten.,syntax,s-selection,animate_subject_trans,True,False,True,False,99,-41.667198181152344,-44.958770751953125,1
Kendra might bike to a school.,Politics might bike to a school.,syntax,s-selection,animate_subject_trans,True,False,True,False,100,-49.590065002441406,-37.49628829956055,0
A lot of actresses lifted these glaciers.,The documentaries lifted these glaciers.,syntax,s-selection,animate_subject_trans,True,False,True,False,101,-53.442867279052734,-42.761260986328125,0
Many teenagers weren't observing Kathleen.,The museums weren't observing Kathleen.,syntax,s-selection,animate_subject_trans,True,False,True,False,102,-51.377559661865234,-50.30699157714844,0
Elizabeth describes Melissa.,This mushroom describes Melissa.,syntax,s-selection,animate_subject_trans,True,False,True,False,103,-24.090681076049805,-37.668556213378906,1
Janice cares for Melissa.,Every shawl cares for Melissa.,syntax,s-selection,animate_subject_trans,True,False,True,False,104,-38.25847244262695,-49.4742431640625,1
Benjamin wasn't breaking every glass.,This pasta wasn't breaking every glass.,syntax,s-selection,animate_subject_trans,True,False,True,False,105,-49.154029846191406,-47.7838134765625,0
Melanie is escaping from Emily.,Some dress is escaping from Emily.,syntax,s-selection,animate_subject_trans,True,False,True,False,106,-43.553565979003906,-42.19324493408203,0
Andrea forgets Becca.,That turtle forgets Becca.,syntax,s-selection,animate_subject_trans,True,False,True,False,107,-54.600074768066406,-53.73170471191406,0
Ann examines a lot of essays.,That company examines a lot of essays.,syntax,s-selection,animate_subject_trans,True,False,True,False,108,-33.75201416015625,-43.832366943359375,1
Emily had questioned Dennis.,Some company had questioned Dennis.,syntax,s-selection,animate_subject_trans,True,False,True,False,109,-30.63321304321289,-37.5770263671875,1
Most organizations helped Bill.,Most glasses helped Bill.,syntax,s-selection,animate_subject_trans,True,False,True,False,110,-33.8608512878418,-34.397640228271484,1
Andrew talks to Todd.,The cart talks to Todd.,syntax,s-selection,animate_subject_trans,True,False,True,False,111,-26.149215698242188,-34.373435974121094,1
Jacqueline insults all commentaries.,The tomato insults all commentaries.,syntax,s-selection,animate_subject_trans,True,False,True,False,112,-62.569068908691406,-55.41752624511719,0
Melinda hadn't insulted malls.,The ice hadn't insulted malls.,syntax,s-selection,animate_subject_trans,True,False,True,False,113,-48.39027786254883,-48.03218078613281,0
Jesus hugged Paul.,The snake hugged Paul.,syntax,s-selection,animate_subject_trans,True,False,True,False,114,-23.48133087158203,-34.604644775390625,1
Nicole isn't approaching Sabrina.,The window isn't approaching Sabrina.,syntax,s-selection,animate_subject_trans,True,False,True,False,115,-54.392730712890625,-54.666114807128906,1
The Impressionists were boycotting those cafes.,Most grocery stores were boycotting those cafes.,syntax,s-selection,animate_subject_trans,True,False,True,False,116,-81.06976318359375,-72.8386001586914,0
Melinda has hidden carts.,This high school has hidden carts.,syntax,s-selection,animate_subject_trans,True,False,True,False,117,-37.6110725402832,-43.95420455932617,1
Many girls boasted about Beverly.,Some dishes boasted about Beverly.,syntax,s-selection,animate_subject_trans,True,False,True,False,118,-41.378910064697266,-44.93259048461914,1
Kathleen could bring every rug.,A restaurant could bring every rug.,syntax,s-selection,animate_subject_trans,True,False,True,False,119,-51.14208984375,-42.34861755371094,0
James examined these documentaries.,That report examined these documentaries.,syntax,s-selection,animate_subject_trans,True,False,True,False,120,-33.88465881347656,-42.65435028076172,1
Colleen walks through these restaurants.,This restaurant walks through these restaurants.,syntax,s-selection,animate_subject_trans,True,False,True,False,121,-45.839942932128906,-46.81599807739258,1
A dancer complained about most boys.,Some hamster complained about most boys.,syntax,s-selection,animate_subject_trans,True,False,True,False,122,-47.188575744628906,-55.30441665649414,1
Colleen was watching Robert.,That rabbit was watching Robert.,syntax,s-selection,animate_subject_trans,True,False,True,False,123,-36.67219924926758,-34.92675018310547,0
Patricia hadn't hidden those scarves.,A cafe hadn't hidden those scarves.,syntax,s-selection,animate_subject_trans,True,False,True,False,124,-64.06015014648438,-63.090972900390625,0
Renee works with Sheila.,That association works with Sheila.,syntax,s-selection,animate_subject_trans,True,False,True,False,125,-36.03954315185547,-39.13854217529297,1
Valerie boycotted a library.,The convertible boycotted a library.,syntax,s-selection,animate_subject_trans,True,False,True,False,126,-55.1201057434082,-55.443031311035156,1
Homer arrived at a mountain.,An eggplant arrived at a mountain.,syntax,s-selection,animate_subject_trans,True,False,True,False,127,-36.90168380737305,-50.50624084472656,1
Marie won't reference many patients.,The bird won't reference many patients.,syntax,s-selection,animate_subject_trans,True,False,True,False,128,-39.40198516845703,-48.0256233215332,1
Stacey investigates Veronica.,Art investigates Veronica.,syntax,s-selection,animate_subject_trans,True,False,True,False,129,-38.90025329589844,-28.52771759033203,0
Brenda was insulting Tina.,Some hair was insulting Tina.,syntax,s-selection,animate_subject_trans,True,False,True,False,130,-36.24650955200195,-41.34165954589844,1
Rachelle wasn't driving to the lake.,The drawing wasn't driving to the lake.,syntax,s-selection,animate_subject_trans,True,False,True,False,131,-42.180145263671875,-45.17505645751953,1
Laurie might watch Kayla.,A print might watch Kayla.,syntax,s-selection,animate_subject_trans,True,False,True,False,132,-54.28887176513672,-50.87492752075195,0
Laurie hides Keith.,Some newspaper article hides Keith.,syntax,s-selection,animate_subject_trans,True,False,True,False,133,-41.56782531738281,-47.12742614746094,1
This woman is referencing the doctor.,That spotlight is referencing the doctor.,syntax,s-selection,animate_subject_trans,True,False,True,False,134,-39.6292610168457,-46.31812286376953,1
Colleen doesn't bring a lot of stairs.,A picture doesn't bring a lot of stairs.,syntax,s-selection,animate_subject_trans,True,False,True,False,135,-45.768890380859375,-42.030113220214844,0
Lori is discovering the water.,The beef is discovering the water.,syntax,s-selection,animate_subject_trans,True,False,True,False,136,-36.81403732299805,-36.6242561340332,0
William wasn't concealing Linda.,Some candle wasn't concealing Linda.,syntax,s-selection,animate_subject_trans,True,False,True,False,137,-44.94281768798828,-53.977996826171875,1
Carmen could praise Christopher.,Some closet could praise Christopher.,syntax,s-selection,animate_subject_trans,True,False,True,False,138,-50.896644592285156,-44.56736755371094,0
These adults won't kiss Sheila.,The hospitals won't kiss Sheila.,syntax,s-selection,animate_subject_trans,True,False,True,False,139,-43.857269287109375,-47.60989761352539,1
Tammy ran around every river.,This truck ran around every river.,syntax,s-selection,animate_subject_trans,True,False,True,False,140,-38.806907653808594,-40.1815185546875,1
Emily hadn't kissed Kimberley.,Every coat hadn't kissed Kimberley.,syntax,s-selection,animate_subject_trans,True,False,True,False,141,-42.54899597167969,-53.37187194824219,1
Some doctor shouldn't attack the boys.,This ice shouldn't attack the boys.,syntax,s-selection,animate_subject_trans,True,False,True,False,142,-41.54594802856445,-40.94032669067383,0
Veronica descends every mountain.,Some organization descends every mountain.,syntax,s-selection,animate_subject_trans,True,False,True,False,143,-51.03961944580078,-53.300865173339844,1
Janet explores every lake.,Some shawl explores every lake.,syntax,s-selection,animate_subject_trans,True,False,True,False,144,-39.192298889160156,-52.17015838623047,1
Leslie had investigated Veronica.,Some eye had investigated Veronica.,syntax,s-selection,animate_subject_trans,True,False,True,False,145,-44.097469329833984,-40.912994384765625,0
Mitchell can't boast about David.,This popsicle can't boast about David.,syntax,s-selection,animate_subject_trans,True,False,True,False,146,-49.842952728271484,-57.3719482421875,1
Christopher talked to Karen.,Some fish talked to Karen.,syntax,s-selection,animate_subject_trans,True,False,True,False,147,-25.279003143310547,-35.26941680908203,1
John talks about this person.,This window talks about this person.,syntax,s-selection,animate_subject_trans,True,False,True,False,148,-26.082006454467773,-36.681053161621094,1
Most guests shouldn't return to some children.,Current events shouldn't return to some children.,syntax,s-selection,animate_subject_trans,True,False,True,False,149,-48.596920013427734,-46.68689727783203,0
Sara was messing up the mall.,Every screen was messing up the mall.,syntax,s-selection,animate_subject_trans,True,False,True,False,150,-44.48957824707031,-45.85442352294922,1
Melissa can reference Tracy.,That skateboard can reference Tracy.,syntax,s-selection,animate_subject_trans,True,False,True,False,151,-44.42409133911133,-55.2319450378418,1
Michelle walked through many glaciers.,That box walked through many glaciers.,syntax,s-selection,animate_subject_trans,True,False,True,False,152,-35.09891128540039,-45.266387939453125,1
Theresa has listened to Dana.,Every hill has listened to Dana.,syntax,s-selection,animate_subject_trans,True,False,True,False,153,-44.981258392333984,-44.060367584228516,0
David hadn't respected some pedestrians.,This face hadn't respected some pedestrians.,syntax,s-selection,animate_subject_trans,True,False,True,False,154,-43.157142639160156,-51.880069732666016,1
Frank wasn't buying a lot of rugs.,Every glacier wasn't buying a lot of rugs.,syntax,s-selection,animate_subject_trans,True,False,True,False,155,-44.566776275634766,-60.164188385009766,1
Mary has investigated Erin.,A college campus has investigated Erin.,syntax,s-selection,animate_subject_trans,True,False,True,False,156,-32.222023010253906,-53.44733810424805,1
Margaret cleaned all forks.,That high school cleaned all forks.,syntax,s-selection,animate_subject_trans,True,False,True,False,157,-41.9911994934082,-46.32651901245117,1
Melinda has gone to many college campuses.,Some drawing has gone to many college campuses.,syntax,s-selection,animate_subject_trans,True,False,True,False,158,-55.501792907714844,-61.45760726928711,1
Bruce saw Samuel.,That box saw Samuel.,syntax,s-selection,animate_subject_trans,True,False,True,False,159,-22.228866577148438,-30.78705596923828,1
Omar was lifting this glove.,Some gate was lifting this glove.,syntax,s-selection,animate_subject_trans,True,False,True,False,160,-47.08659744262695,-44.37920379638672,0
Timothy was running around most malls.,That computer was running around most malls.,syntax,s-selection,animate_subject_trans,True,False,True,False,161,-50.19917297363281,-51.077880859375,1
Sandra shouldn't investigate Erin.,That cup shouldn't investigate Erin.,syntax,s-selection,animate_subject_trans,True,False,True,False,162,-44.39234924316406,-46.61500549316406,1
Naomi bikes to every closet.,A hill bikes to every closet.,syntax,s-selection,animate_subject_trans,True,False,True,False,163,-44.380638122558594,-45.305686950683594,1
Bradley does remember Alicia.,That shawl does remember Alicia.,syntax,s-selection,animate_subject_trans,True,False,True,False,164,-39.958518981933594,-54.79877853393555,1
Melissa is talking to Gregory.,Some ladder is talking to Gregory.,syntax,s-selection,animate_subject_trans,True,False,True,False,165,-35.80956268310547,-38.661834716796875,1
Tracy can't dislike Stephanie.,That apple can't dislike Stephanie.,syntax,s-selection,animate_subject_trans,True,False,True,False,166,-47.01335906982422,-45.424163818359375,0
Tracy hugs most students.,Some public park hugs most students.,syntax,s-selection,animate_subject_trans,True,False,True,False,167,-42.80424880981445,-50.92359924316406,1
Randolf hasn't hired Steve.,Every book hasn't hired Steve.,syntax,s-selection,animate_subject_trans,True,False,True,False,168,-45.739959716796875,-41.956398010253906,0
Carmen hired Jesus.,The broccoli hired Jesus.,syntax,s-selection,animate_subject_trans,True,False,True,False,169,-40.300132751464844,-35.90968322753906,0
Michael was going to some school.,Every cake was going to some school.,syntax,s-selection,animate_subject_trans,True,False,True,False,170,-26.67978858947754,-35.1334114074707,1
Becky discovered every art gallery.,The lamp discovered every art gallery.,syntax,s-selection,animate_subject_trans,True,False,True,False,171,-45.567108154296875,-49.74241256713867,1
Becca had fixed every convertible.,This closet had fixed every convertible.,syntax,s-selection,animate_subject_trans,True,False,True,False,172,-46.577999114990234,-46.77165222167969,1
Marla had thought about a movie.,Every plane had thought about a movie.,syntax,s-selection,animate_subject_trans,True,False,True,False,173,-39.966922760009766,-42.06596374511719,1
Michelle can't clean every mirror.,A cat can't clean every mirror.,syntax,s-selection,animate_subject_trans,True,False,True,False,174,-34.325313568115234,-43.610076904296875,1
Jerry talked about Samuel.,The print talked about Samuel.,syntax,s-selection,animate_subject_trans,True,False,True,False,175,-27.362545013427734,-38.40134811401367,1
Curtis isn't leaving Randolf.,The banana isn't leaving Randolf.,syntax,s-selection,animate_subject_trans,True,False,True,False,176,-62.234947204589844,-54.184730529785156,0
Liam has arrived at those college campuses.,This popsicle has arrived at those college campuses.,syntax,s-selection,animate_subject_trans,True,False,True,False,177,-59.76306915283203,-69.84336853027344,1
Every pedestrian talks about a grocery store.,This convertible talks about a grocery store.,syntax,s-selection,animate_subject_trans,True,False,True,False,178,-50.14990997314453,-48.688716888427734,0
David fixes those cups.,Every bird fixes those cups.,syntax,s-selection,animate_subject_trans,True,False,True,False,179,-29.35904312133789,-41.2728157043457,1
Melissa walks through some closet.,A bike walks through some closet.,syntax,s-selection,animate_subject_trans,True,False,True,False,180,-40.07207107543945,-42.093101501464844,1
Randolf wouldn't tour hills.,The ice wouldn't tour hills.,syntax,s-selection,animate_subject_trans,True,False,True,False,181,-47.006103515625,-42.665557861328125,0
Nancy questions Kenneth.,The dish questions Kenneth.,syntax,s-selection,animate_subject_trans,True,False,True,False,182,-37.257972717285156,-35.830345153808594,0
Ronald sells the scarves.,Every hospital sells the scarves.,syntax,s-selection,animate_subject_trans,True,False,True,False,183,-46.226654052734375,-47.552467346191406,1
Dancers hadn't referenced Kristen.,Some horses hadn't referenced Kristen.,syntax,s-selection,animate_subject_trans,True,False,True,False,184,-53.87596893310547,-51.34889221191406,0
Amelia walks through those hills.,Some essay walks through those hills.,syntax,s-selection,animate_subject_trans,True,False,True,False,185,-43.36451721191406,-45.389434814453125,1
Rachel is discussing Brenda.,That lake is discussing Brenda.,syntax,s-selection,animate_subject_trans,True,False,True,False,186,-28.039884567260742,-38.34785079956055,1
Tanya noticed the Lutherans.,Spain noticed the Lutherans.,syntax,s-selection,animate_subject_trans,True,False,True,False,187,-46.295860290527344,-35.94175338745117,0
Lawrence had fired Kevin.,That bank had fired Kevin.,syntax,s-selection,animate_subject_trans,True,False,True,False,188,-40.16246032714844,-40.10485076904297,0
This museum could appreciate Mark.,Some nose could appreciate Mark.,syntax,s-selection,animate_subject_trans,True,False,True,False,189,-39.06230926513672,-37.67506408691406,0
Angela worked with some senators.,The mushroom worked with some senators.,syntax,s-selection,animate_subject_trans,True,False,True,False,190,-42.20233917236328,-43.52639389038086,1
Sara does flee from Vincent.,That carriage does flee from Vincent.,syntax,s-selection,animate_subject_trans,True,False,True,False,191,-47.76686477661133,-50.549583435058594,1
Theresa would return to Gerald.,This bread would return to Gerald.,syntax,s-selection,animate_subject_trans,True,False,True,False,192,-41.383811950683594,-39.6939811706543,0
A customer wasn't insulting rivers.,Every bike wasn't insulting rivers.,syntax,s-selection,animate_subject_trans,True,False,True,False,193,-46.190494537353516,-45.56183624267578,0
Nina remembered Wayne.,Every shawl remembered Wayne.,syntax,s-selection,animate_subject_trans,True,False,True,False,194,-32.12447738647461,-47.679542541503906,1
Douglas won't like fish.,That ice cream won't like fish.,syntax,s-selection,animate_subject_trans,True,False,True,False,195,-36.71947479248047,-38.940513610839844,1
Sally broke the couches.,Ice cream broke the couches.,syntax,s-selection,animate_subject_trans,True,False,True,False,196,-41.71284484863281,-43.38652801513672,1
All patients have argued about Brian.,Some essays have argued about Brian.,syntax,s-selection,animate_subject_trans,True,False,True,False,197,-46.29682159423828,-48.317176818847656,1
Richard has listened to Ella.,That story has listened to Ella.,syntax,s-selection,animate_subject_trans,True,False,True,False,198,-35.35881042480469,-44.01485824584961,1
Nancy ran around the Great Lakes.,This spinach ran around the Great Lakes.,syntax,s-selection,animate_subject_trans,True,False,True,False,199,-46.8116455078125,-49.90227508544922,1
Alan hadn't praised a story.,Every story hadn't praised a story.,syntax,s-selection,animate_subject_trans,True,False,True,False,200,-34.878746032714844,-44.41888427734375,1
Jessica hires Tara.,That story hires Tara.,syntax,s-selection,animate_subject_trans,True,False,True,False,201,-29.549570083618164,-39.394012451171875,1
Gina lifts the doors.,This closet lifts the doors.,syntax,s-selection,animate_subject_trans,True,False,True,False,202,-31.60862159729004,-36.20491027832031,1
Christina might hire Phillip.,The scarf might hire Phillip.,syntax,s-selection,animate_subject_trans,True,False,True,False,203,-40.61713409423828,-44.84736633300781,1
Ronald argued about Jeffrey.,That committee argued about Jeffrey.,syntax,s-selection,animate_subject_trans,True,False,True,False,204,-43.304168701171875,-43.208709716796875,0
Those actresses talked to many patients.,Those steps talked to many patients.,syntax,s-selection,animate_subject_trans,True,False,True,False,205,-44.693180084228516,-41.4245719909668,0
Caroline cleans a lot of pies.,A hill cleans a lot of pies.,syntax,s-selection,animate_subject_trans,True,False,True,False,206,-47.17115783691406,-48.62541961669922,1
Tonya is criticizing Elizabeth.,Every couch is criticizing Elizabeth.,syntax,s-selection,animate_subject_trans,True,False,True,False,207,-37.120445251464844,-41.20599365234375,1
Suzanne couldn't visit Colleen.,That fork couldn't visit Colleen.,syntax,s-selection,animate_subject_trans,True,False,True,False,208,-54.24055099487305,-53.98480224609375,0
This actress sees most patients.,That muffin sees most patients.,syntax,s-selection,animate_subject_trans,True,False,True,False,209,-40.838687896728516,-47.30412292480469,1
Linda was messing up some dishes.,That dog was messing up some dishes.,syntax,s-selection,animate_subject_trans,True,False,True,False,210,-44.41092300415039,-44.24616241455078,0
A woman was kissing Daniel.,The glove was kissing Daniel.,syntax,s-selection,animate_subject_trans,True,False,True,False,211,-37.01177215576172,-38.89130401611328,1
April wasn't passing some bank.,A hat wasn't passing some bank.,syntax,s-selection,animate_subject_trans,True,False,True,False,212,-37.122108459472656,-46.37395477294922,1
Deborah hates Colleen.,A light hates Colleen.,syntax,s-selection,animate_subject_trans,True,False,True,False,213,-47.83042907714844,-45.920753479003906,0
Some waitresses examined an essay.,The casseroles examined an essay.,syntax,s-selection,animate_subject_trans,True,False,True,False,214,-50.42995071411133,-56.390106201171875,1
Debra has hired Homer.,This pasta has hired Homer.,syntax,s-selection,animate_subject_trans,True,False,True,False,215,-38.92478942871094,-40.76214599609375,1
Diana isn't touring the hospitals.,That mouth isn't touring the hospitals.,syntax,s-selection,animate_subject_trans,True,False,True,False,216,-47.66819381713867,-47.504615783691406,0
Eva loves this dancer.,Music loves this dancer.,syntax,s-selection,animate_subject_trans,True,False,True,False,217,-27.32360076904297,-27.915239334106445,1
Bruce hadn't examined the story.,That screen hadn't examined the story.,syntax,s-selection,animate_subject_trans,True,False,True,False,218,-35.57410430908203,-45.14812469482422,1
Naomi escaped from Sherry.,That print escaped from Sherry.,syntax,s-selection,animate_subject_trans,True,False,True,False,219,-45.48046875,-47.63898468017578,1
Gregory can talk about that senator.,That apple can talk about that senator.,syntax,s-selection,animate_subject_trans,True,False,True,False,220,-42.26713943481445,-42.06193542480469,0
These women have loved Julie.,Movie theaters have loved Julie.,syntax,s-selection,animate_subject_trans,True,False,True,False,221,-37.75795364379883,-42.52458953857422,1
Brett hasn't messed up that dress.,Every newspaper article hasn't messed up that dress.,syntax,s-selection,animate_subject_trans,True,False,True,False,222,-50.950042724609375,-63.18376922607422,1
Victoria has arrived at these banks.,A college campus has arrived at these banks.,syntax,s-selection,animate_subject_trans,True,False,True,False,223,-36.80762481689453,-57.03471755981445,1
Russell is boasting about Dawn.,The vase is boasting about Dawn.,syntax,s-selection,animate_subject_trans,True,False,True,False,224,-36.50237274169922,-53.52159881591797,1
Diana boycotts a lot of restaurants.,A shawl boycotts a lot of restaurants.,syntax,s-selection,animate_subject_trans,True,False,True,False,225,-58.36985778808594,-69.47080993652344,1
Tanya loves Wayne.,A legislature loves Wayne.,syntax,s-selection,animate_subject_trans,True,False,True,False,226,-32.78558349609375,-35.37226867675781,1
Dan bikes to this museum.,The pasta bikes to this museum.,syntax,s-selection,animate_subject_trans,True,False,True,False,227,-32.01958465576172,-44.9432258605957,1
Caroline finds Steven.,Some cup finds Steven.,syntax,s-selection,animate_subject_trans,True,False,True,False,228,-33.54592514038086,-32.23949432373047,0
Kimberley hides most rivers.,That window hides most rivers.,syntax,s-selection,animate_subject_trans,True,False,True,False,229,-45.26512908935547,-41.12385177612305,0
Gregory cleans that popsicle.,A dress cleans that popsicle.,syntax,s-selection,animate_subject_trans,True,False,True,False,230,-49.19563293457031,-53.518531799316406,1
Janice passed this hospital.,Beef passed this hospital.,syntax,s-selection,animate_subject_trans,True,False,True,False,231,-34.37779998779297,-34.40470504760742,1
The Lutherans worked with some guys.,The essays worked with some guys.,syntax,s-selection,animate_subject_trans,True,False,True,False,232,-49.762168884277344,-41.25373840332031,0
Tonya isn't kissing Marie.,A commentary isn't kissing Marie.,syntax,s-selection,animate_subject_trans,True,False,True,False,233,-37.397789001464844,-45.21858596801758,1
Every adult is concealing Samuel.,Some rabbit is concealing Samuel.,syntax,s-selection,animate_subject_trans,True,False,True,False,234,-52.65119934082031,-48.966861724853516,0
Most libraries argued about Benjamin.,Those glasses argued about Benjamin.,syntax,s-selection,animate_subject_trans,True,False,True,False,235,-44.25861740112305,-42.58666229248047,0
Wendy didn't approach that actress.,The slope didn't approach that actress.,syntax,s-selection,animate_subject_trans,True,False,True,False,236,-49.74335479736328,-46.18927764892578,0
This boy wasn't fleeing from Sarah.,Some lamp wasn't fleeing from Sarah.,syntax,s-selection,animate_subject_trans,True,False,True,False,237,-45.727210998535156,-49.92845916748047,1
Sally won't question Judy.,Some cup won't question Judy.,syntax,s-selection,animate_subject_trans,True,False,True,False,238,-41.593997955322266,-43.53120803833008,1
Bruce discussed Carmen.,That broccoli discussed Carmen.,syntax,s-selection,animate_subject_trans,True,False,True,False,239,-26.01535415649414,-40.303199768066406,1
Keith hides a lot of rivers.,Some cucumber hides a lot of rivers.,syntax,s-selection,animate_subject_trans,True,False,True,False,240,-32.5693473815918,-52.04481506347656,1
Allison hasn't gone to every restaurant.,Every projector hasn't gone to every restaurant.,syntax,s-selection,animate_subject_trans,True,False,True,False,241,-49.10718536376953,-56.66194152832031,1
Christine is driving to high schools.,This sweater is driving to high schools.,syntax,s-selection,animate_subject_trans,True,False,True,False,242,-42.76387405395508,-47.46931076049805,1
Tina wasn't leaving Laurie.,Some carriage wasn't leaving Laurie.,syntax,s-selection,animate_subject_trans,True,False,True,False,243,-39.334556579589844,-44.109344482421875,1
Ellen won't reference Margaret.,Some bicycle won't reference Margaret.,syntax,s-selection,animate_subject_trans,True,False,True,False,244,-42.9195556640625,-45.178924560546875,1
Many universities are arguing about some patient.,Most tomatoes are arguing about some patient.,syntax,s-selection,animate_subject_trans,True,False,True,False,245,-50.133331298828125,-48.92430114746094,0
Regina describes Grace.,This hat describes Grace.,syntax,s-selection,animate_subject_trans,True,False,True,False,246,-31.693172454833984,-34.513954162597656,1
A lot of dancers weren't escaping from an actor.,All malls weren't escaping from an actor.,syntax,s-selection,animate_subject_trans,True,False,True,False,247,-63.430885314941406,-56.3570442199707,0
Omar has driven to this lake.,A lamp has driven to this lake.,syntax,s-selection,animate_subject_trans,True,False,True,False,248,-46.88549041748047,-46.04697036743164,0
All organizations should describe David.,Some cars should describe David.,syntax,s-selection,animate_subject_trans,True,False,True,False,249,-39.74237823486328,-37.431392669677734,0
Rose isn't fleeing from Guy.,Politics isn't fleeing from Guy.,syntax,s-selection,animate_subject_trans,True,False,True,False,250,-39.140499114990234,-40.46763229370117,1
Naomi has fled from Cindy.,That story has fled from Cindy.,syntax,s-selection,animate_subject_trans,True,False,True,False,251,-43.59003448486328,-43.23309326171875,0
Raymond exited these grocery stores.,Music exited these grocery stores.,syntax,s-selection,animate_subject_trans,True,False,True,False,252,-55.577064514160156,-43.892093658447266,0
These girls aren't wearing that shoe.,Some rivers aren't wearing that shoe.,syntax,s-selection,animate_subject_trans,True,False,True,False,253,-42.87727355957031,-45.65748596191406,1
Some dancer kissed that actor.,Some public park kissed that actor.,syntax,s-selection,animate_subject_trans,True,False,True,False,254,-40.918357849121094,-48.9059944152832,1
Victoria hadn't visited every library.,This company hadn't visited every library.,syntax,s-selection,animate_subject_trans,True,False,True,False,255,-41.17155838012695,-50.21796417236328,1
Many teenagers were noticing Mark.,Most doors were noticing Mark.,syntax,s-selection,animate_subject_trans,True,False,True,False,256,-41.36737060546875,-38.31072998046875,0
Deanna is hugging Tamara.,Some lamp is hugging Tamara.,syntax,s-selection,animate_subject_trans,True,False,True,False,257,-49.711570739746094,-49.842041015625,1
Patricia had cleaned every dress.,This school had cleaned every dress.,syntax,s-selection,animate_subject_trans,True,False,True,False,258,-47.27955627441406,-41.575714111328125,0
Joel won't argue about Mitchell.,A government won't argue about Mitchell.,syntax,s-selection,animate_subject_trans,True,False,True,False,259,-46.48820114135742,-49.30564880371094,1
Charles isn't insulting those customers.,This shirt isn't insulting those customers.,syntax,s-selection,animate_subject_trans,True,False,True,False,260,-41.26533508300781,-48.16371536254883,1
The doctors wouldn't care for Mary.,Many steps wouldn't care for Mary.,syntax,s-selection,animate_subject_trans,True,False,True,False,261,-40.20206069946289,-40.42890167236328,1
Mark exits a hospital.,Some picture exits a hospital.,syntax,s-selection,animate_subject_trans,True,False,True,False,262,-26.59722137451172,-36.85023880004883,1
Jill brought that cart.,That closet brought that cart.,syntax,s-selection,animate_subject_trans,True,False,True,False,263,-34.80165100097656,-37.94721984863281,1
Danielle discusses Alice.,Every photograph discusses Alice.,syntax,s-selection,animate_subject_trans,True,False,True,False,264,-32.38895797729492,-39.177337646484375,1
Brad wasn't discovering this computer.,Every hospital wasn't discovering this computer.,syntax,s-selection,animate_subject_trans,True,False,True,False,265,-38.46072006225586,-48.31312942504883,1
William lifts this river.,The lake lifts this river.,syntax,s-selection,animate_subject_trans,True,False,True,False,266,-26.61635971069336,-35.65544891357422,1
Jennifer does research a cafe.,Some casserole does research a cafe.,syntax,s-selection,animate_subject_trans,True,False,True,False,267,-35.98793029785156,-63.441078186035156,1
Lawrence can't reveal Andrew.,This restaurant can't reveal Andrew.,syntax,s-selection,animate_subject_trans,True,False,True,False,268,-44.36989212036133,-42.05998992919922,0
Naomi had cleaned a fork.,That book had cleaned a fork.,syntax,s-selection,animate_subject_trans,True,False,True,False,269,-40.33135223388672,-38.40972900390625,0
John was leaving Helen.,Every eggplant was leaving Helen.,syntax,s-selection,animate_subject_trans,True,False,True,False,270,-25.00613021850586,-47.86061096191406,1
Tracy won't kiss Lori.,Every report won't kiss Lori.,syntax,s-selection,animate_subject_trans,True,False,True,False,271,-43.76031494140625,-44.65951919555664,1
Carla wasn't arriving at many college campuses.,A restaurant wasn't arriving at many college campuses.,syntax,s-selection,animate_subject_trans,True,False,True,False,272,-67.27639770507812,-68.25576782226562,1
That company wouldn't remember the Lutherans.,Every icicle wouldn't remember the Lutherans.,syntax,s-selection,animate_subject_trans,True,False,True,False,273,-51.459815979003906,-65.54908752441406,1
Vincent might admire that mirror.,The fish might admire that mirror.,syntax,s-selection,animate_subject_trans,True,False,True,False,274,-48.97553634643555,-42.35749053955078,0
Every driver finds Lissa.,The skirt finds Lissa.,syntax,s-selection,animate_subject_trans,True,False,True,False,275,-42.38336944580078,-43.13200378417969,1
Chad hired Eric.,A snake hired Eric.,syntax,s-selection,animate_subject_trans,True,False,True,False,276,-32.39094161987305,-35.64161682128906,1
Jodi respects a hospital.,The school respects a hospital.,syntax,s-selection,animate_subject_trans,True,False,True,False,277,-36.77829360961914,-32.987770080566406,0
Kirsten had concealed George.,The cucumber had concealed George.,syntax,s-selection,animate_subject_trans,True,False,True,False,278,-45.846439361572266,-48.01384735107422,1
Some guests couldn't question Theodore.,Many casseroles couldn't question Theodore.,syntax,s-selection,animate_subject_trans,True,False,True,False,279,-46.383705139160156,-65.24866485595703,1
Janet isn't walking through malls.,That sock isn't walking through malls.,syntax,s-selection,animate_subject_trans,True,False,True,False,280,-47.80262756347656,-50.44080352783203,1
Barbara would cure doctors.,The sketch would cure doctors.,syntax,s-selection,animate_subject_trans,True,False,True,False,281,-40.131492614746094,-42.12224197387695,1
A man is dropping by grocery stores.,This hamster is dropping by grocery stores.,syntax,s-selection,animate_subject_trans,True,False,True,False,282,-50.1179084777832,-59.32359313964844,1
Allison messed up most hospitals.,That dress messed up most hospitals.,syntax,s-selection,animate_subject_trans,True,False,True,False,283,-46.46381378173828,-44.6885986328125,0
Suzanne should lift many stairs.,The cake should lift many stairs.,syntax,s-selection,animate_subject_trans,True,False,True,False,284,-48.16246032714844,-44.002662658691406,0
Samantha researched all essays.,This bird researched all essays.,syntax,s-selection,animate_subject_trans,True,False,True,False,285,-53.99506378173828,-43.625396728515625,0
Kenneth can't appreciate those museums.,Chicken can't appreciate those museums.,syntax,s-selection,animate_subject_trans,True,False,True,False,286,-46.47651672363281,-37.35773468017578,0
Tonya couldn't boast about science.,Some pork couldn't boast about science.,syntax,s-selection,animate_subject_trans,True,False,True,False,287,-44.080135345458984,-51.9481315612793,1
Becky wouldn't complain about Connie.,Every pepper wouldn't complain about Connie.,syntax,s-selection,animate_subject_trans,True,False,True,False,288,-44.85309982299805,-51.334190368652344,1
Cheryl isn't admiring those unicycles.,The movie isn't admiring those unicycles.,syntax,s-selection,animate_subject_trans,True,False,True,False,289,-87.23609161376953,-74.904052734375,0
Colleen bikes to this museum.,Every apple bikes to this museum.,syntax,s-selection,animate_subject_trans,True,False,True,False,290,-43.48844528198242,-42.65679931640625,0
Carol might take some socks.,That cup might take some socks.,syntax,s-selection,animate_subject_trans,True,False,True,False,291,-39.68486022949219,-37.80929183959961,0
Beth toured many libraries.,Art toured many libraries.,syntax,s-selection,animate_subject_trans,True,False,True,False,292,-44.063148498535156,-32.34364318847656,0
Lawrence isn't exploring the movie theater.,This bank isn't exploring the movie theater.,syntax,s-selection,animate_subject_trans,True,False,True,False,293,-56.125701904296875,-55.840328216552734,0
Ann drops by that lake.,A snake drops by that lake.,syntax,s-selection,animate_subject_trans,True,False,True,False,294,-30.53936004638672,-43.96364974975586,1
Grace is discovering the committees.,A dish is discovering the committees.,syntax,s-selection,animate_subject_trans,True,False,True,False,295,-40.285057067871094,-42.440738677978516,1
Paul isn't walking through that closet.,That light isn't walking through that closet.,syntax,s-selection,animate_subject_trans,True,False,True,False,296,-40.074737548828125,-48.90036392211914,1
Tina explores movie theaters.,That picture explores movie theaters.,syntax,s-selection,animate_subject_trans,True,False,True,False,297,-43.50621032714844,-46.682586669921875,1
Carla wasn't driving to that bank.,That committee wasn't driving to that bank.,syntax,s-selection,animate_subject_trans,True,False,True,False,298,-49.05503845214844,-50.83348846435547,1
Sherry didn't hug Curtis.,Literature didn't hug Curtis.,syntax,s-selection,animate_subject_trans,True,False,True,False,299,-46.203460693359375,-46.934513092041016,1
Cynthia is buying eggplants.,Some play is buying eggplants.,syntax,s-selection,animate_subject_trans,True,False,True,False,300,-67.89047241210938,-52.714168548583984,0
Larry isn't admiring Patrick.,The lake isn't admiring Patrick.,syntax,s-selection,animate_subject_trans,True,False,True,False,301,-42.65433120727539,-51.730682373046875,1
Danielle had worn the shirts.,The essay had worn the shirts.,syntax,s-selection,animate_subject_trans,True,False,True,False,302,-40.007198333740234,-42.746009826660156,1
Guy had talked to Holly.,Some eye had talked to Holly.,syntax,s-selection,animate_subject_trans,True,False,True,False,303,-29.14301300048828,-37.164527893066406,1
This doctor isn't scanning some play.,This projector isn't scanning some play.,syntax,s-selection,animate_subject_trans,True,False,True,False,304,-46.55170440673828,-52.32208251953125,1
Karla isn't lifting a shoe.,Some car isn't lifting a shoe.,syntax,s-selection,animate_subject_trans,True,False,True,False,305,-42.64836120605469,-39.688087463378906,0
Debra hasn't returned to Alexander.,Every eggplant hasn't returned to Alexander.,syntax,s-selection,animate_subject_trans,True,False,True,False,306,-43.033687591552734,-58.261234283447266,1
Ronald approached Carla.,Literature approached Carla.,syntax,s-selection,animate_subject_trans,True,False,True,False,307,-42.31671142578125,-42.120262145996094,0
Sandra can flee from Adam.,Some rice can flee from Adam.,syntax,s-selection,animate_subject_trans,True,False,True,False,308,-43.01539611816406,-43.63355255126953,1
Russell wouldn't complain about Jeffrey.,Every eggplant wouldn't complain about Jeffrey.,syntax,s-selection,animate_subject_trans,True,False,True,False,309,-39.884552001953125,-62.67597198486328,1
Children listened to Susan.,Most rivers listened to Susan.,syntax,s-selection,animate_subject_trans,True,False,True,False,310,-25.280044555664062,-37.302276611328125,1
Nicole wasn't praising Elizabeth.,Some computer wasn't praising Elizabeth.,syntax,s-selection,animate_subject_trans,True,False,True,False,311,-43.09714889526367,-44.455631256103516,1
Scott breaks this screen.,Every high school breaks this screen.,syntax,s-selection,animate_subject_trans,True,False,True,False,312,-28.09762191772461,-42.10546112060547,1
Jane skates around this grocery store.,A bank skates around this grocery store.,syntax,s-selection,animate_subject_trans,True,False,True,False,313,-50.453102111816406,-61.532928466796875,1
Julie attacks Kayla.,Some commentary attacks Kayla.,syntax,s-selection,animate_subject_trans,True,False,True,False,314,-39.427696228027344,-46.400428771972656,1
Monet is hiding some guys.,Every turtle is hiding some guys.,syntax,s-selection,animate_subject_trans,True,False,True,False,315,-38.02378845214844,-41.26768493652344,1
Rhonda isn't fleeing from Connie.,This sketch isn't fleeing from Connie.,syntax,s-selection,animate_subject_trans,True,False,True,False,316,-51.71666717529297,-53.158363342285156,1
Rachelle wasn't boasting about the Borgias.,Every drawing wasn't boasting about the Borgias.,syntax,s-selection,animate_subject_trans,True,False,True,False,317,-62.70001983642578,-66.65077209472656,1
Suzanne saw Teresa.,That sweater saw Teresa.,syntax,s-selection,animate_subject_trans,True,False,True,False,318,-36.20603561401367,-36.31726837158203,1
Debra runs around many movie theaters.,Every ladder runs around many movie theaters.,syntax,s-selection,animate_subject_trans,True,False,True,False,319,-51.524410247802734,-57.573570251464844,1
Nancy hired people.,The dog hired people.,syntax,s-selection,animate_subject_trans,True,False,True,False,320,-31.981340408325195,-28.449480056762695,0
Brenda helps Sharon.,That dog helps Sharon.,syntax,s-selection,animate_subject_trans,True,False,True,False,321,-28.12946319580078,-32.98077392578125,1
Diane hadn't talked to Eric.,This face hadn't talked to Eric.,syntax,s-selection,animate_subject_trans,True,False,True,False,322,-45.97517776489258,-43.54137420654297,0
Some doctor didn't criticize these ladies.,That public park didn't criticize these ladies.,syntax,s-selection,animate_subject_trans,True,False,True,False,323,-49.08205032348633,-60.595855712890625,1
Some dancer isn't helping Catherine.,That rice isn't helping Catherine.,syntax,s-selection,animate_subject_trans,True,False,True,False,324,-42.291343688964844,-42.32872772216797,1
The teachers hadn't examined this newspaper article.,Many glasses hadn't examined this newspaper article.,syntax,s-selection,animate_subject_trans,True,False,True,False,325,-60.92536926269531,-63.86045837402344,1
Meredith conceals Curtis.,This sketch conceals Curtis.,syntax,s-selection,animate_subject_trans,True,False,True,False,326,-49.28224182128906,-46.838287353515625,0
George isn't running around a lot of malls.,A glove isn't running around a lot of malls.,syntax,s-selection,animate_subject_trans,True,False,True,False,327,-46.562232971191406,-57.792110443115234,1
Dawn wouldn't describe Sabrina.,Every skateboard wouldn't describe Sabrina.,syntax,s-selection,animate_subject_trans,True,False,True,False,328,-55.11238098144531,-65.89358520507812,1
Paul did examine some play.,Every university did examine some play.,syntax,s-selection,animate_subject_trans,True,False,True,False,329,-33.446964263916016,-48.62266540527344,1
Martha cured Gregory.,The shoe cured Gregory.,syntax,s-selection,animate_subject_trans,True,False,True,False,330,-37.81031799316406,-38.252777099609375,1
Many people could argue about Homer.,All essays could argue about Homer.,syntax,s-selection,animate_subject_trans,True,False,True,False,331,-41.40559387207031,-48.21603775024414,1
James isn't exiting hills.,This movie theater isn't exiting hills.,syntax,s-selection,animate_subject_trans,True,False,True,False,332,-36.49373245239258,-55.515357971191406,1
Kirsten had kissed the Borgias.,This report had kissed the Borgias.,syntax,s-selection,animate_subject_trans,True,False,True,False,333,-60.05236053466797,-51.725189208984375,0
Alexander walks through some glaciers.,That candle walks through some glaciers.,syntax,s-selection,animate_subject_trans,True,False,True,False,334,-35.48870086669922,-47.1995849609375,1
Keith notices all unicycles.,The glacier notices all unicycles.,syntax,s-selection,animate_subject_trans,True,False,True,False,335,-50.28658676147461,-62.16088104248047,1
Lucille left Larry.,Every college campus left Larry.,syntax,s-selection,animate_subject_trans,True,False,True,False,336,-31.354412078857422,-42.98328399658203,1
Danielle hugged Kristen.,That screen hugged Kristen.,syntax,s-selection,animate_subject_trans,True,False,True,False,337,-35.26458740234375,-39.16817855834961,1
Homer helped Melanie.,A sketch helped Melanie.,syntax,s-selection,animate_subject_trans,True,False,True,False,338,-34.67412567138672,-37.347633361816406,1
Alice ran around some glacier.,An essay ran around some glacier.,syntax,s-selection,animate_subject_trans,True,False,True,False,339,-35.02228927612305,-46.789894104003906,1
George had described the drivers.,This box had described the drivers.,syntax,s-selection,animate_subject_trans,True,False,True,False,340,-30.296823501586914,-39.78649139404297,1
Tamara complains about those drivers.,Every carriage complains about those drivers.,syntax,s-selection,animate_subject_trans,True,False,True,False,341,-45.03281021118164,-49.06809997558594,1
The boy hadn't boasted about Andrea.,The documentary hadn't boasted about Andrea.,syntax,s-selection,animate_subject_trans,True,False,True,False,342,-53.25310516357422,-59.030723571777344,1
Teresa is running around a mall.,This library is running around a mall.,syntax,s-selection,animate_subject_trans,True,False,True,False,343,-45.518436431884766,-42.50257873535156,0
Robert explored these closets.,Every high school explored these closets.,syntax,s-selection,animate_subject_trans,True,False,True,False,344,-40.365455627441406,-55.80292892456055,1
Eric does appreciate Elaine.,Some college campus does appreciate Elaine.,syntax,s-selection,animate_subject_trans,True,False,True,False,345,-32.51447296142578,-53.5780029296875,1
Regina wasn't working with Renee.,A sock wasn't working with Renee.,syntax,s-selection,animate_subject_trans,True,False,True,False,346,-47.80963134765625,-52.00007629394531,1
Alan is wearing the shoe.,This ice is wearing the shoe.,syntax,s-selection,animate_subject_trans,True,False,True,False,347,-26.484153747558594,-33.843589782714844,1
Cynthia had all stairs.,Politics had all stairs.,syntax,s-selection,animate_subject_trans,True,False,True,False,348,-47.11225128173828,-25.225101470947266,0
Carrie hasn't talked to Sheila.,Every government hasn't talked to Sheila.,syntax,s-selection,animate_subject_trans,True,False,True,False,349,-44.38624954223633,-45.630035400390625,1
Kristen biked to a lot of movie theaters.,Some dress biked to a lot of movie theaters.,syntax,s-selection,animate_subject_trans,True,False,True,False,350,-63.294498443603516,-65.41015625,1
Colleen insulted Irene.,This college campus insulted Irene.,syntax,s-selection,animate_subject_trans,True,False,True,False,351,-45.90821838378906,-57.77055740356445,1
Naomi has escaped from Michelle.,Every candle has escaped from Michelle.,syntax,s-selection,animate_subject_trans,True,False,True,False,352,-41.35454559326172,-42.12755584716797,1
Rachel could criticize this documentary.,The mushroom could criticize this documentary.,syntax,s-selection,animate_subject_trans,True,False,True,False,353,-41.23072052001953,-51.62874221801758,1
Samuel hasn't gone to most closets.,A muffin hasn't gone to most closets.,syntax,s-selection,animate_subject_trans,True,False,True,False,354,-60.95535659790039,-67.56552124023438,1
That beef looks like the paintings.,Some wheelbarrow looks like the paintings.,syntax,s-selection,animate_subject_trans,True,False,True,False,355,-38.28783416748047,-53.906982421875,1
Wendy isn't approaching Todd.,Some spinach isn't approaching Todd.,syntax,s-selection,animate_subject_trans,True,False,True,False,356,-46.36699676513672,-46.69550704956055,1
The Lutherans can't remember the patient.,Commentaries can't remember the patient.,syntax,s-selection,animate_subject_trans,True,False,True,False,357,-49.78994369506836,-38.062339782714844,0
Alexander wasn't exploring some rivers.,The computer wasn't exploring some rivers.,syntax,s-selection,animate_subject_trans,True,False,True,False,358,-40.359710693359375,-50.06795883178711,1
Those cashiers were exiting all hospitals.,A lot of stairs were exiting all hospitals.,syntax,s-selection,animate_subject_trans,True,False,True,False,359,-60.45067596435547,-58.115264892578125,0
Melanie hadn't talked to Patrick.,Some mountain hadn't talked to Patrick.,syntax,s-selection,animate_subject_trans,True,False,True,False,360,-46.10540008544922,-45.78944778442383,0
Vanessa wasn't buying most libraries.,That government wasn't buying most libraries.,syntax,s-selection,animate_subject_trans,True,False,True,False,361,-51.142364501953125,-50.749298095703125,0
A guy conceals most waitresses.,This shawl conceals most waitresses.,syntax,s-selection,animate_subject_trans,True,False,True,False,362,-64.68026733398438,-72.99370574951172,1
Eric has escaped from Heather.,That icicle has escaped from Heather.,syntax,s-selection,animate_subject_trans,True,False,True,False,363,-33.123077392578125,-54.380760192871094,1
Ellen ran around that bank.,A legislature ran around that bank.,syntax,s-selection,animate_subject_trans,True,False,True,False,364,-38.795040130615234,-44.70732116699219,1
Lisa scans many plays.,The government scans many plays.,syntax,s-selection,animate_subject_trans,True,False,True,False,365,-35.07985305786133,-44.45746612548828,1
Melanie didn't clean many snakes.,Some hamster didn't clean many snakes.,syntax,s-selection,animate_subject_trans,True,False,True,False,366,-49.87730407714844,-57.681793212890625,1
Dan is scanning a commentary.,Every unicycle is scanning a commentary.,syntax,s-selection,animate_subject_trans,True,False,True,False,367,-34.30487060546875,-55.107749938964844,1
The dancers had these couches.,The couches had these couches.,syntax,s-selection,animate_subject_trans,True,False,True,False,368,-48.0467643737793,-55.864322662353516,1
Barbara helps that teacher.,A glacier helps that teacher.,syntax,s-selection,animate_subject_trans,True,False,True,False,369,-36.21228790283203,-40.278533935546875,1
The man could research most plays.,Some horse could research most plays.,syntax,s-selection,animate_subject_trans,True,False,True,False,370,-46.21395492553711,-49.27594757080078,1
Russell didn't fire those cashiers.,This rice didn't fire those cashiers.,syntax,s-selection,animate_subject_trans,True,False,True,False,371,-47.29314422607422,-59.542991638183594,1
Margaret is bringing many scarves.,The fish is bringing many scarves.,syntax,s-selection,animate_subject_trans,True,False,True,False,372,-53.10198974609375,-48.6258659362793,0
Claire has boycotted some university.,Some steak has boycotted some university.,syntax,s-selection,animate_subject_trans,True,False,True,False,373,-64.24856567382812,-66.53526306152344,1
Noah hadn't listened to Eva.,Some closet hadn't listened to Eva.,syntax,s-selection,animate_subject_trans,True,False,True,False,374,-44.77228546142578,-48.37785339355469,1
Tanya had fixed that fork.,That pie had fixed that fork.,syntax,s-selection,animate_subject_trans,True,False,True,False,375,-43.37199020385742,-43.69413375854492,1
Julie could question Benjamin.,That grocery store could question Benjamin.,syntax,s-selection,animate_subject_trans,True,False,True,False,376,-38.22317123413086,-54.68849182128906,1
Martha is insulting many guys.,Some bike is insulting many guys.,syntax,s-selection,animate_subject_trans,True,False,True,False,377,-44.147361755371094,-45.00569534301758,1
Rodney is driving to those lakes.,A committee is driving to those lakes.,syntax,s-selection,animate_subject_trans,True,False,True,False,378,-44.527381896972656,-46.769752502441406,1
Diana hasn't cared for Meredith.,Fish hasn't cared for Meredith.,syntax,s-selection,animate_subject_trans,True,False,True,False,379,-47.901405334472656,-38.186859130859375,0
Tiffany had healed Matt.,This door had healed Matt.,syntax,s-selection,animate_subject_trans,True,False,True,False,380,-53.92071533203125,-42.44768524169922,0
Bethany is discussing April.,Every mall is discussing April.,syntax,s-selection,animate_subject_trans,True,False,True,False,381,-48.21390151977539,-40.15911865234375,0
All senators kissed Holly.,The pies kissed Holly.,syntax,s-selection,animate_subject_trans,True,False,True,False,382,-38.261688232421875,-36.2762336730957,0
Teresa wasn't skated around that cafe.,A window wasn't skated around that cafe.,syntax,s-selection,animate_subject_trans,True,False,True,False,383,-65.84140014648438,-64.52140808105469,0
Every student might care for those girls.,That public park might care for those girls.,syntax,s-selection,animate_subject_trans,True,False,True,False,384,-43.497215270996094,-52.93986511230469,1
Teresa hadn't remembered Timothy.,The bicycle hadn't remembered Timothy.,syntax,s-selection,animate_subject_trans,True,False,True,False,385,-50.524906158447266,-49.752681732177734,0
The hospital was firing Mitchell.,The water was firing Mitchell.,syntax,s-selection,animate_subject_trans,True,False,True,False,386,-38.21830368041992,-36.569557189941406,0
Tamara will escape from Adam.,Music will escape from Adam.,syntax,s-selection,animate_subject_trans,True,False,True,False,387,-39.668487548828125,-30.065195083618164,0
The driver shouldn't examine a lot of plays.,The skirt shouldn't examine a lot of plays.,syntax,s-selection,animate_subject_trans,True,False,True,False,388,-51.5882568359375,-54.569679260253906,1
Valerie wasn't passing every mountain.,A mushroom wasn't passing every mountain.,syntax,s-selection,animate_subject_trans,True,False,True,False,389,-48.669097900390625,-49.60302734375,1
Mary fled from Becky.,A door fled from Becky.,syntax,s-selection,animate_subject_trans,True,False,True,False,390,-27.69114875793457,-37.48787307739258,1
Most actors skated around this library.,Many reports skated around this library.,syntax,s-selection,animate_subject_trans,True,False,True,False,391,-51.586578369140625,-51.7735481262207,1
Kayla would discuss Roger.,That plate would discuss Roger.,syntax,s-selection,animate_subject_trans,True,False,True,False,392,-37.86627197265625,-38.715824127197266,1
Every girl discovers Cynthia.,Some sweater discovers Cynthia.,syntax,s-selection,animate_subject_trans,True,False,True,False,393,-37.418209075927734,-40.8675537109375,1
Gerald ran around some movie theater.,The apple ran around some movie theater.,syntax,s-selection,animate_subject_trans,True,False,True,False,394,-53.500240325927734,-51.01523208618164,0
Susan is criticizing Guy.,The sock is criticizing Guy.,syntax,s-selection,animate_subject_trans,True,False,True,False,395,-31.38644790649414,-40.800994873046875,1
Melinda had scanned many stories.,A movie had scanned many stories.,syntax,s-selection,animate_subject_trans,True,False,True,False,396,-42.87640380859375,-43.6815185546875,1
Liam thought about some association.,The mushroom thought about some association.,syntax,s-selection,animate_subject_trans,True,False,True,False,397,-43.4103889465332,-43.73460388183594,1
Nina will notice those girls.,A sketch will notice those girls.,syntax,s-selection,animate_subject_trans,True,False,True,False,398,-38.26832962036133,-43.11398696899414,1
Gerald isn't biking to a grocery store.,That car isn't biking to a grocery store.,syntax,s-selection,animate_subject_trans,True,False,True,False,399,-60.67095184326172,-57.37672805786133,0
Leslie listens to Keith.,This story listens to Keith.,syntax,s-selection,animate_subject_trans,True,False,True,False,400,-37.23955535888672,-36.756900787353516,0
Rhonda will lift a tomato.,That movie will lift a tomato.,syntax,s-selection,animate_subject_trans,True,False,True,False,401,-43.28213119506836,-41.010154724121094,0
Kristen might bike to those libraries.,Some snake might bike to those libraries.,syntax,s-selection,animate_subject_trans,True,False,True,False,402,-51.951011657714844,-54.510066986083984,1
Diana broke this skateboard.,That cat broke this skateboard.,syntax,s-selection,animate_subject_trans,True,False,True,False,403,-45.37373352050781,-45.53956604003906,1
Karla notices Carolyn.,The college campus notices Carolyn.,syntax,s-selection,animate_subject_trans,True,False,True,False,404,-35.632850646972656,-46.63717269897461,1
Julia discusses a lot of dancers.,A muffin discusses a lot of dancers.,syntax,s-selection,animate_subject_trans,True,False,True,False,405,-46.415653228759766,-52.25115966796875,1
The students haven't cleaned some glasses.,Eggplants haven't cleaned some glasses.,syntax,s-selection,animate_subject_trans,True,False,True,False,406,-47.328704833984375,-63.871803283691406,1
Some ladies were exiting all high schools.,The Balkans were exiting all high schools.,syntax,s-selection,animate_subject_trans,True,False,True,False,407,-51.936500549316406,-54.8753776550293,1
John has healed a lot of actresses.,Music has healed a lot of actresses.,syntax,s-selection,animate_subject_trans,True,False,True,False,408,-43.83507537841797,-43.35890197753906,0
Tanya wouldn't conceal most socks.,A door wouldn't conceal most socks.,syntax,s-selection,animate_subject_trans,True,False,True,False,409,-51.81959533691406,-49.81101989746094,0
Becca might fix this dish.,Every ladder might fix this dish.,syntax,s-selection,animate_subject_trans,True,False,True,False,410,-45.07560348510742,-43.6031608581543,0
April sounded like Amelia.,The museum sounded like Amelia.,syntax,s-selection,animate_subject_trans,True,False,True,False,411,-30.97050666809082,-41.60311508178711,1
Christine hasn't watched Janet.,This plane hasn't watched Janet.,syntax,s-selection,animate_subject_trans,True,False,True,False,412,-39.850379943847656,-43.2774772644043,1
Jeffrey wasn't noticing Aaron.,The mouth wasn't noticing Aaron.,syntax,s-selection,animate_subject_trans,True,False,True,False,413,-44.41963577270508,-42.7830696105957,0
Rebecca has broken some computer.,A unicycle has broken some computer.,syntax,s-selection,animate_subject_trans,True,False,True,False,414,-41.123626708984375,-52.88434600830078,1
An actor discusses Tanya.,Art discusses Tanya.,syntax,s-selection,animate_subject_trans,True,False,True,False,415,-43.17579650878906,-31.268760681152344,0
Those women don't exit these glaciers.,A lot of mushrooms don't exit these glaciers.,syntax,s-selection,animate_subject_trans,True,False,True,False,416,-51.71359634399414,-64.72055053710938,1
Claire hasn't described this documentary.,That ladder hasn't described this documentary.,syntax,s-selection,animate_subject_trans,True,False,True,False,417,-50.825233459472656,-53.291866302490234,1
Nancy was bringing this wheelbarrow.,The wheelbarrow was bringing this wheelbarrow.,syntax,s-selection,animate_subject_trans,True,False,True,False,418,-58.880455017089844,-77.22271728515625,1
Douglas hasn't appreciated some doctor.,This rug hasn't appreciated some doctor.,syntax,s-selection,animate_subject_trans,True,False,True,False,419,-51.707916259765625,-49.86408233642578,0
Colleen cleans some dish.,Some eye cleans some dish.,syntax,s-selection,animate_subject_trans,True,False,True,False,420,-42.06239318847656,-40.269805908203125,0
Rose is touring all glaciers.,Art is touring all glaciers.,syntax,s-selection,animate_subject_trans,True,False,True,False,421,-37.06256103515625,-38.06203079223633,1
The student will examine the commentary.,This newspaper article will examine the commentary.,syntax,s-selection,animate_subject_trans,True,False,True,False,422,-40.36790466308594,-53.61800765991211,1
Sara exited that bank.,Every photograph exited that bank.,syntax,s-selection,animate_subject_trans,True,False,True,False,423,-40.49195861816406,-43.860450744628906,1
Marla hid Curtis.,A play hid Curtis.,syntax,s-selection,animate_subject_trans,True,False,True,False,424,-32.996368408203125,-33.43020248413086,1
Dawn wouldn't buy some rivers.,Every shawl wouldn't buy some rivers.,syntax,s-selection,animate_subject_trans,True,False,True,False,425,-42.02622604370117,-55.28122329711914,1
Cheryl isn't thinking about the print.,A gate isn't thinking about the print.,syntax,s-selection,animate_subject_trans,True,False,True,False,426,-55.439414978027344,-45.506011962890625,0
Mitchell had hugged Monica.,That university had hugged Monica.,syntax,s-selection,animate_subject_trans,True,False,True,False,427,-44.335941314697266,-43.49822998046875,0
John was observing Michelle.,This hat was observing Michelle.,syntax,s-selection,animate_subject_trans,True,False,True,False,428,-29.969890594482422,-38.57498550415039,1
Lawrence isn't appreciating Martin.,Every bike isn't appreciating Martin.,syntax,s-selection,animate_subject_trans,True,False,True,False,429,-52.44865417480469,-51.255149841308594,0
Some boy had exited the cafes.,Pork had exited the cafes.,syntax,s-selection,animate_subject_trans,True,False,True,False,430,-45.73887634277344,-49.64672088623047,1
Elizabeth isn't approaching Christopher.,Some bird isn't approaching Christopher.,syntax,s-selection,animate_subject_trans,True,False,True,False,431,-34.15233612060547,-41.21790313720703,1
Nancy is talking about Lucille.,This pie is talking about Lucille.,syntax,s-selection,animate_subject_trans,True,False,True,False,432,-43.196537017822266,-45.16461944580078,1
Charles exited those art galleries.,Every school exited those art galleries.,syntax,s-selection,animate_subject_trans,True,False,True,False,433,-44.92887878417969,-53.1209602355957,1
Dan hadn't dropped by many libraries.,That steak hadn't dropped by many libraries.,syntax,s-selection,animate_subject_trans,True,False,True,False,434,-43.886051177978516,-57.1246337890625,1
Sara was working with Deborah.,This cucumber was working with Deborah.,syntax,s-selection,animate_subject_trans,True,False,True,False,435,-37.67669677734375,-53.283382415771484,1
Kristin sounds like Rachel.,This fish sounds like Rachel.,syntax,s-selection,animate_subject_trans,True,False,True,False,436,-31.98001480102539,-34.51088333129883,1
Most pedestrians wouldn't hug Patrick.,All legislatures wouldn't hug Patrick.,syntax,s-selection,animate_subject_trans,True,False,True,False,437,-48.20511245727539,-50.24147415161133,1
Jane won't appreciate Candice.,Every skateboard won't appreciate Candice.,syntax,s-selection,animate_subject_trans,True,False,True,False,438,-39.14552307128906,-58.640342712402344,1
Kenneth hated Curtis.,Some bank hated Curtis.,syntax,s-selection,animate_subject_trans,True,False,True,False,439,-34.61043930053711,-37.46578598022461,1
Jesus boasted about a lot of newspaper articles.,This spinach boasted about a lot of newspaper articles.,syntax,s-selection,animate_subject_trans,True,False,True,False,440,-51.25251770019531,-64.67948150634766,1
Melissa watched Ella.,Some vase watched Ella.,syntax,s-selection,animate_subject_trans,True,False,True,False,441,-37.38362121582031,-46.02837371826172,1
Tiffany should lift cups.,This glove should lift cups.,syntax,s-selection,animate_subject_trans,True,False,True,False,442,-48.174171447753906,-40.986915588378906,0
Dennis scares patients.,The jacket scares patients.,syntax,s-selection,animate_subject_trans,True,False,True,False,443,-35.829917907714844,-35.538883209228516,0
Kathleen is talking about a guy.,The skateboard is talking about a guy.,syntax,s-selection,animate_subject_trans,True,False,True,False,444,-45.916263580322266,-47.3109016418457,1
Roger isn't researching a story.,Some jacket isn't researching a story.,syntax,s-selection,animate_subject_trans,True,False,True,False,445,-34.961822509765625,-45.56928253173828,1
Most committees haven't talked about Maria.,Some glasses haven't talked about Maria.,syntax,s-selection,animate_subject_trans,True,False,True,False,446,-46.0252799987793,-44.830936431884766,0
Douglas respects that doctor.,This cucumber respects that doctor.,syntax,s-selection,animate_subject_trans,True,False,True,False,447,-39.735252380371094,-49.03520965576172,1
Scott resembles some photographs.,That light resembles some photographs.,syntax,s-selection,animate_subject_trans,True,False,True,False,448,-31.261245727539062,-39.945587158203125,1
Pamela had broken these cups.,Some unicycle had broken these cups.,syntax,s-selection,animate_subject_trans,True,False,True,False,449,-50.810489654541016,-53.03154754638672,1
The ice cream looks like these drawings.,This photograph looks like these drawings.,syntax,s-selection,animate_subject_trans,True,False,True,False,450,-45.063636779785156,-43.124900817871094,0
Elaine drives to most art galleries.,This dish drives to most art galleries.,syntax,s-selection,animate_subject_trans,True,False,True,False,451,-55.165924072265625,-57.39996337890625,1
Carmen arrived at some public park.,Literature arrived at some public park.,syntax,s-selection,animate_subject_trans,True,False,True,False,452,-52.50000762939453,-49.37367630004883,0
Raymond has seen Eva.,A documentary has seen Eva.,syntax,s-selection,animate_subject_trans,True,False,True,False,453,-36.675235748291016,-37.0316162109375,1
Becky didn't reveal Marla.,Some truck didn't reveal Marla.,syntax,s-selection,animate_subject_trans,True,False,True,False,454,-44.126407623291016,-47.73450469970703,1
Those organizations had sold all photographs.,Carriages had sold all photographs.,syntax,s-selection,animate_subject_trans,True,False,True,False,455,-44.528812408447266,-43.62289047241211,0
People cleaned the pork.,Most cats cleaned the pork.,syntax,s-selection,animate_subject_trans,True,False,True,False,456,-28.005035400390625,-38.122894287109375,1
Linda wasn't breaking some car.,The cake wasn't breaking some car.,syntax,s-selection,animate_subject_trans,True,False,True,False,457,-41.72554397583008,-42.88135528564453,1
Eric might heal Winston Churchill.,This nose might heal Winston Churchill.,syntax,s-selection,animate_subject_trans,True,False,True,False,458,-46.58484649658203,-55.199546813964844,1
Naomi hasn't sounded like Jennifer.,The bank hasn't sounded like Jennifer.,syntax,s-selection,animate_subject_trans,True,False,True,False,459,-46.55303955078125,-48.681678771972656,1
A cashier fixed those windows.,The lake fixed those windows.,syntax,s-selection,animate_subject_trans,True,False,True,False,460,-49.04768371582031,-36.6972770690918,0
Derek criticizes Julie.,Some fish criticizes Julie.,syntax,s-selection,animate_subject_trans,True,False,True,False,461,-46.225730895996094,-43.78232955932617,0
Elaine examines documentaries.,The dish examines documentaries.,syntax,s-selection,animate_subject_trans,True,False,True,False,462,-36.41422653198242,-36.056640625,0
Stacy criticizes Carmen.,That fish criticizes Carmen.,syntax,s-selection,animate_subject_trans,True,False,True,False,463,-45.56511688232422,-45.05813217163086,0
Heather has criticized Dana.,Every unicycle has criticized Dana.,syntax,s-selection,animate_subject_trans,True,False,True,False,464,-44.97221374511719,-53.2241096496582,1
Curtis can talk about Donna.,The cilantro can talk about Donna.,syntax,s-selection,animate_subject_trans,True,False,True,False,465,-46.353668212890625,-51.17106246948242,1
Travis hadn't listened to Gregory.,This plane hadn't listened to Gregory.,syntax,s-selection,animate_subject_trans,True,False,True,False,466,-48.328330993652344,-47.605438232421875,0
The Borgias are selling a plate.,Most photographs are selling a plate.,syntax,s-selection,animate_subject_trans,True,False,True,False,467,-49.862754821777344,-39.236061096191406,0
Theresa wouldn't praise Carlos.,Every lake wouldn't praise Carlos.,syntax,s-selection,animate_subject_trans,True,False,True,False,468,-47.91901779174805,-47.45044708251953,0
Those waitresses hadn't fled from Jesus.,All projectors hadn't fled from Jesus.,syntax,s-selection,animate_subject_trans,True,False,True,False,469,-59.53791427612305,-59.24443817138672,0
Tina heals Russell.,The hair heals Russell.,syntax,s-selection,animate_subject_trans,True,False,True,False,470,-35.26093292236328,-37.3905143737793,1
Kayla arrived at these cafes.,That documentary arrived at these cafes.,syntax,s-selection,animate_subject_trans,True,False,True,False,471,-43.48381042480469,-48.15467834472656,1
Sara can't examine most newspaper articles.,This movie theater can't examine most newspaper articles.,syntax,s-selection,animate_subject_trans,True,False,True,False,472,-58.087310791015625,-69.75093078613281,1
Some committee helped Vanessa.,A couch helped Vanessa.,syntax,s-selection,animate_subject_trans,True,False,True,False,473,-35.034423828125,-36.385406494140625,1
Sara can't scan that story.,Music can't scan that story.,syntax,s-selection,animate_subject_trans,True,False,True,False,474,-43.76799011230469,-35.690650939941406,0
Russell hates Cynthia.,That movie hates Cynthia.,syntax,s-selection,animate_subject_trans,True,False,True,False,475,-26.987632751464844,-35.8155632019043,1
Helen climbs down these hills.,The skirt climbs down these hills.,syntax,s-selection,animate_subject_trans,True,False,True,False,476,-41.22608947753906,-45.97062683105469,1
Derek should dislike Amelia.,A restaurant should dislike Amelia.,syntax,s-selection,animate_subject_trans,True,False,True,False,477,-46.46373748779297,-44.760986328125,0
April is going to that museum.,The rug is going to that museum.,syntax,s-selection,animate_subject_trans,True,False,True,False,478,-32.39726638793945,-39.815284729003906,1
Laurie flees from Deborah.,A restaurant flees from Deborah.,syntax,s-selection,animate_subject_trans,True,False,True,False,479,-53.73717498779297,-49.29120635986328,0
Robert visits the teachers.,Steak visits the teachers.,syntax,s-selection,animate_subject_trans,True,False,True,False,480,-27.10071563720703,-35.51861572265625,1
Candice had some eyes.,A coat had some eyes.,syntax,s-selection,animate_subject_trans,True,False,True,False,481,-29.91803550720215,-29.881946563720703,0
Randolf exits most glaciers.,A screen exits most glaciers.,syntax,s-selection,animate_subject_trans,True,False,True,False,482,-46.29804229736328,-46.15681457519531,0
A wheelbarrow resembles that painting.,Every tomato resembles that painting.,syntax,s-selection,animate_subject_trans,True,False,True,False,483,-56.772071838378906,-41.09839630126953,0
Marie wasn't discussing books.,The university wasn't discussing books.,syntax,s-selection,animate_subject_trans,True,False,True,False,484,-30.89722442626953,-42.16437911987305,1
Erin had sold all candles.,This closet had sold all candles.,syntax,s-selection,animate_subject_trans,True,False,True,False,485,-42.03046798706055,-43.29827117919922,1
Patricia isn't driving to most high schools.,This chicken isn't driving to most high schools.,syntax,s-selection,animate_subject_trans,True,False,True,False,486,-61.27246856689453,-56.852752685546875,0
George isn't discovering Marla.,Some essay isn't discovering Marla.,syntax,s-selection,animate_subject_trans,True,False,True,False,487,-40.78388977050781,-53.09929656982422,1
Russell was hiding a woman.,That glacier was hiding a woman.,syntax,s-selection,animate_subject_trans,True,False,True,False,488,-25.415977478027344,-39.582237243652344,1
Tamara scanned this story.,Every turtle scanned this story.,syntax,s-selection,animate_subject_trans,True,False,True,False,489,-35.31201934814453,-37.85533905029297,1
Randolf didn't fix the plate.,Every popsicle didn't fix the plate.,syntax,s-selection,animate_subject_trans,True,False,True,False,490,-40.500953674316406,-49.46970748901367,1
Mitchell cleans this college campus.,That unicycle cleans this college campus.,syntax,s-selection,animate_subject_trans,True,False,True,False,491,-55.18224334716797,-62.167015075683594,1
Pamela hadn't seen all computers.,Every report hadn't seen all computers.,syntax,s-selection,animate_subject_trans,True,False,True,False,492,-53.73493194580078,-48.16743469238281,0
Elaine hasn't concealed Aaron.,The horse hasn't concealed Aaron.,syntax,s-selection,animate_subject_trans,True,False,True,False,493,-46.01870346069336,-44.00048828125,0
Caroline had kissed Carrie.,A cafe had kissed Carrie.,syntax,s-selection,animate_subject_trans,True,False,True,False,494,-41.14191436767578,-41.46088409423828,1
Tammy has skated around every art gallery.,That chicken has skated around every art gallery.,syntax,s-selection,animate_subject_trans,True,False,True,False,495,-68.26515197753906,-71.7467269897461,1
The Clintons are boasting about Stephen.,Those pictures are boasting about Stephen.,syntax,s-selection,animate_subject_trans,True,False,True,False,496,-52.42249298095703,-47.21936798095703,0
Valerie explored some mall.,Every lamp explored some mall.,syntax,s-selection,animate_subject_trans,True,False,True,False,497,-43.46184539794922,-43.83562469482422,1
Barbara won't conceal Julia.,A university won't conceal Julia.,syntax,s-selection,animate_subject_trans,True,False,True,False,498,-43.412227630615234,-46.88874816894531,1
Marie cured Linda.,This tomato cured Linda.,syntax,s-selection,animate_subject_trans,True,False,True,False,499,-26.37636947631836,-37.80817794799805,1
Tracy hadn't hugged Emily.,This sweater hadn't hugged Emily.,syntax,s-selection,animate_subject_trans,True,False,True,False,500,-45.03644943237305,-47.75587463378906,1
Rachel discovered this library.,Every committee discovered this library.,syntax,s-selection,animate_subject_trans,True,False,True,False,501,-26.896224975585938,-36.74767303466797,1
James explores grocery stores.,A government explores grocery stores.,syntax,s-selection,animate_subject_trans,True,False,True,False,502,-37.74782180786133,-48.08195114135742,1
Raymond is attacking Douglas.,That restaurant is attacking Douglas.,syntax,s-selection,animate_subject_trans,True,False,True,False,503,-37.110687255859375,-37.095664978027344,0
Brian hasn't talked to Steve.,This eggplant hasn't talked to Steve.,syntax,s-selection,animate_subject_trans,True,False,True,False,504,-31.278766632080078,-55.66035842895508,1
Linda runs around those art galleries.,A spotlight runs around those art galleries.,syntax,s-selection,animate_subject_trans,True,False,True,False,505,-53.50958251953125,-59.17365264892578,1
Erin had cleaned those public parks.,That door had cleaned those public parks.,syntax,s-selection,animate_subject_trans,True,False,True,False,506,-54.684329986572266,-54.58881759643555,0
Laura is touring many hospitals.,The computer is touring many hospitals.,syntax,s-selection,animate_subject_trans,True,False,True,False,507,-36.34041213989258,-45.422386169433594,1
Regina will discuss Carolyn.,The muffin will discuss Carolyn.,syntax,s-selection,animate_subject_trans,True,False,True,False,508,-36.458152770996094,-45.79901885986328,1
Laura climbs up the hills.,Art climbs up the hills.,syntax,s-selection,animate_subject_trans,True,False,True,False,509,-28.264751434326172,-28.068300247192383,0
Marcus did praise Stephanie.,This cart did praise Stephanie.,syntax,s-selection,animate_subject_trans,True,False,True,False,510,-35.63700866699219,-44.01972961425781,1
Mary could escape from Meredith.,Every muffin could escape from Meredith.,syntax,s-selection,animate_subject_trans,True,False,True,False,511,-33.77330780029297,-52.47418975830078,1
Margaret would love Kayla.,The shawl would love Kayla.,syntax,s-selection,animate_subject_trans,True,False,True,False,512,-47.496063232421875,-59.628517150878906,1
Tonya was talking about Brian.,Some cake was talking about Brian.,syntax,s-selection,animate_subject_trans,True,False,True,False,513,-32.506011962890625,-35.55956268310547,1
Thomas fires the waitresses.,Some sock fires the waitresses.,syntax,s-selection,animate_subject_trans,True,False,True,False,514,-40.784732818603516,-51.96014404296875,1
Patients were firing guys.,Many planes were firing guys.,syntax,s-selection,animate_subject_trans,True,False,True,False,515,-42.14567184448242,-38.982601165771484,0
Amanda can't visit Jason.,Some mall can't visit Jason.,syntax,s-selection,animate_subject_trans,True,False,True,False,516,-38.43328857421875,-40.619354248046875,1
Diane hasn't attacked Charles.,A university hasn't attacked Charles.,syntax,s-selection,animate_subject_trans,True,False,True,False,517,-45.333526611328125,-45.948585510253906,1
Diana hadn't dropped by rivers.,That ladder hadn't dropped by rivers.,syntax,s-selection,animate_subject_trans,True,False,True,False,518,-47.27496337890625,-49.73141098022461,1
Lisa wasn't dropping by every mall.,Every eggplant wasn't dropping by every mall.,syntax,s-selection,animate_subject_trans,True,False,True,False,519,-44.04383087158203,-67.38259887695312,1
Cynthia wouldn't think about most glasses.,Every cart wouldn't think about most glasses.,syntax,s-selection,animate_subject_trans,True,False,True,False,520,-62.1361083984375,-47.08849334716797,0
Barbara examines every essay.,That candle examines every essay.,syntax,s-selection,animate_subject_trans,True,False,True,False,521,-43.07466506958008,-44.612060546875,1
Timothy messed up the high schools.,Every photograph messed up the high schools.,syntax,s-selection,animate_subject_trans,True,False,True,False,522,-47.834205627441406,-48.897254943847656,1
Dana sees Rodney.,The rug sees Rodney.,syntax,s-selection,animate_subject_trans,True,False,True,False,523,-31.3653507232666,-34.71031188964844,1
Derek hasn't hated Teresa.,Spain hasn't hated Teresa.,syntax,s-selection,animate_subject_trans,True,False,True,False,524,-46.81404495239258,-37.020835876464844,0
Every waitress was driving to that hill.,Every car was driving to that hill.,syntax,s-selection,animate_subject_trans,True,False,True,False,525,-47.10930252075195,-43.58979797363281,0
Leslie should take this mirror.,That screen should take this mirror.,syntax,s-selection,animate_subject_trans,True,False,True,False,526,-39.19291687011719,-39.80119323730469,1
Scott did discuss Richard.,That pasta did discuss Richard.,syntax,s-selection,animate_subject_trans,True,False,True,False,527,-30.047752380371094,-41.70406723022461,1
Edward toured Spain.,The book toured Spain.,syntax,s-selection,animate_subject_trans,True,False,True,False,528,-25.562076568603516,-33.7188720703125,1
Customers shouldn't heal Catherine.,Bananas shouldn't heal Catherine.,syntax,s-selection,animate_subject_trans,True,False,True,False,529,-41.933414459228516,-46.41944885253906,1
A legislature described Cheryl.,Some skateboard described Cheryl.,syntax,s-selection,animate_subject_trans,True,False,True,False,530,-37.32403564453125,-46.8238525390625,1
Curtis resembles many pictures.,Every bird resembles many pictures.,syntax,s-selection,animate_subject_trans,True,False,True,False,531,-45.62645721435547,-39.74392318725586,0
Curtis didn't break the chair.,Every muffin didn't break the chair.,syntax,s-selection,animate_subject_trans,True,False,True,False,532,-41.99121856689453,-42.17534637451172,1
Most children had attacked Sheila.,All pictures had attacked Sheila.,syntax,s-selection,animate_subject_trans,True,False,True,False,533,-38.02440643310547,-41.16440200805664,1
Donna questions Elizabeth.,Some school questions Elizabeth.,syntax,s-selection,animate_subject_trans,True,False,True,False,534,-32.89748001098633,-31.080921173095703,0
Jane hasn't lifted that truck.,That glove hasn't lifted that truck.,syntax,s-selection,animate_subject_trans,True,False,True,False,535,-36.613712310791016,-49.78293991088867,1
Sandra hadn't talked to Judy.,The muffin hadn't talked to Judy.,syntax,s-selection,animate_subject_trans,True,False,True,False,536,-43.56242370605469,-50.54240798950195,1
Brenda has brought this window.,The book has brought this window.,syntax,s-selection,animate_subject_trans,True,False,True,False,537,-33.466796875,-35.80462646484375,1
Caroline isn't exploring closets.,Some fish isn't exploring closets.,syntax,s-selection,animate_subject_trans,True,False,True,False,538,-54.40351867675781,-51.25369644165039,0
Carol isn't observing Jessica.,Some company isn't observing Jessica.,syntax,s-selection,animate_subject_trans,True,False,True,False,539,-44.640647888183594,-44.89692687988281,1
The Clintons haven't explored some cafes.,Some schools haven't explored some cafes.,syntax,s-selection,animate_subject_trans,True,False,True,False,540,-57.05486297607422,-53.98197937011719,0
That doctor hid Victoria.,Every icicle hid Victoria.,syntax,s-selection,animate_subject_trans,True,False,True,False,541,-34.907291412353516,-46.87318801879883,1
Some mushroom disturbs Ellen.,That nose disturbs Ellen.,syntax,s-selection,animate_subject_trans,True,False,True,False,542,-49.91438293457031,-47.357215881347656,0
Florence won't exit this hospital.,Every shawl won't exit this hospital.,syntax,s-selection,animate_subject_trans,True,False,True,False,543,-54.52851104736328,-59.053916931152344,1
Diane doesn't hate Sabrina.,Every government doesn't hate Sabrina.,syntax,s-selection,animate_subject_trans,True,False,True,False,544,-53.91840362548828,-54.37340545654297,1
Tara hasn't helped Maria.,This company hasn't helped Maria.,syntax,s-selection,animate_subject_trans,True,False,True,False,545,-40.10218048095703,-43.55522918701172,1
Donna dislikes some restaurant.,The pasta dislikes some restaurant.,syntax,s-selection,animate_subject_trans,True,False,True,False,546,-49.68358612060547,-53.89420700073242,1
Dan messed up this couch.,This sketch messed up this couch.,syntax,s-selection,animate_subject_trans,True,False,True,False,547,-32.50788116455078,-43.40495300292969,1
Tanya couldn't take these bikes.,That steak couldn't take these bikes.,syntax,s-selection,animate_subject_trans,True,False,True,False,548,-45.4166259765625,-47.391822814941406,1
Gina brought some mouth.,That pie brought some mouth.,syntax,s-selection,animate_subject_trans,True,False,True,False,549,-29.960304260253906,-33.404052734375,1
Amelia references that book.,The pepper references that book.,syntax,s-selection,animate_subject_trans,True,False,True,False,550,-38.47264862060547,-37.10098648071289,0
Connie appreciated Steve.,That hamster appreciated Steve.,syntax,s-selection,animate_subject_trans,True,False,True,False,551,-33.66656494140625,-45.1905403137207,1
Every dancer cleaned the lights.,That rabbit cleaned the lights.,syntax,s-selection,animate_subject_trans,True,False,True,False,552,-35.253360748291016,-34.68386459350586,0
Eva fixed the carts.,That association fixed the carts.,syntax,s-selection,animate_subject_trans,True,False,True,False,553,-27.270017623901367,-39.4783935546875,1
Irene hadn't fled from Laurie.,This drawing hadn't fled from Laurie.,syntax,s-selection,animate_subject_trans,True,False,True,False,554,-52.485198974609375,-52.37410354614258,0
Every library respected Travis.,Every shirt respected Travis.,syntax,s-selection,animate_subject_trans,True,False,True,False,555,-39.51768493652344,-39.099037170410156,0
All doctors had respected Donna.,A lot of lakes had respected Donna.,syntax,s-selection,animate_subject_trans,True,False,True,False,556,-42.109806060791016,-52.65538787841797,1
Frank was attacking all waitresses.,The river was attacking all waitresses.,syntax,s-selection,animate_subject_trans,True,False,True,False,557,-44.678985595703125,-51.308597564697266,1
Sarah biked to these high schools.,Some casserole biked to these high schools.,syntax,s-selection,animate_subject_trans,True,False,True,False,558,-47.53337860107422,-74.86308288574219,1
Rebecca wasn't bringing some shirts.,Every fish wasn't bringing some shirts.,syntax,s-selection,animate_subject_trans,True,False,True,False,559,-48.62860870361328,-46.947105407714844,0
Karla discussed Caroline.,Every college campus discussed Caroline.,syntax,s-selection,animate_subject_trans,True,False,True,False,560,-35.47686004638672,-47.22156524658203,1
Marcus researched all college campuses.,The cafe researched all college campuses.,syntax,s-selection,animate_subject_trans,True,False,True,False,561,-45.332862854003906,-57.2475471496582,1
Kristin went to these malls.,This essay went to these malls.,syntax,s-selection,animate_subject_trans,True,False,True,False,562,-40.96394348144531,-45.53408432006836,1
Tammy isn't biking to that closet.,The cake isn't biking to that closet.,syntax,s-selection,animate_subject_trans,True,False,True,False,563,-54.22875213623047,-54.86502456665039,1
Edward talked to a girl.,Every legislature talked to a girl.,syntax,s-selection,animate_subject_trans,True,False,True,False,564,-23.118179321289062,-38.44947052001953,1
Katherine won't watch Dan.,Every association won't watch Dan.,syntax,s-selection,animate_subject_trans,True,False,True,False,565,-41.681121826171875,-45.34029006958008,1
Emily had fired Tiffany.,Some movie had fired Tiffany.,syntax,s-selection,animate_subject_trans,True,False,True,False,566,-30.510868072509766,-40.305816650390625,1
This patient concealed this hamster.,That high school concealed this hamster.,syntax,s-selection,animate_subject_trans,True,False,True,False,567,-47.78682327270508,-53.74546432495117,1
Patrick revealed Monet.,Some banana revealed Monet.,syntax,s-selection,animate_subject_trans,True,False,True,False,568,-32.16545867919922,-43.629791259765625,1
Amy was concealing Bethany.,That high school was concealing Bethany.,syntax,s-selection,animate_subject_trans,True,False,True,False,569,-51.715274810791016,-66.37890625,1
Valerie can research some book.,A wheelbarrow can research some book.,syntax,s-selection,animate_subject_trans,True,False,True,False,570,-46.83003616333008,-65.06674194335938,1
Holly helps the drivers.,A rug helps the drivers.,syntax,s-selection,animate_subject_trans,True,False,True,False,571,-33.717811584472656,-36.2154426574707,1
Homer is fixing some car.,That window is fixing some car.,syntax,s-selection,animate_subject_trans,True,False,True,False,572,-39.61687088012695,-38.80117416381836,0
Ruth runs around every museum.,This glacier runs around every museum.,syntax,s-selection,animate_subject_trans,True,False,True,False,573,-42.9165153503418,-47.9974250793457,1
Colleen investigates Veronica.,Politics investigates Veronica.,syntax,s-selection,animate_subject_trans,True,False,True,False,574,-39.37821960449219,-29.144376754760742,0
Frank hasn't discussed Jodi.,This government hasn't discussed Jodi.,syntax,s-selection,animate_subject_trans,True,False,True,False,575,-43.667755126953125,-53.79370880126953,1
The drivers will talk to Jerry.,All museums will talk to Jerry.,syntax,s-selection,animate_subject_trans,True,False,True,False,576,-37.82725524902344,-40.56172561645508,1
Roger arrived at the public park.,The newspaper article arrived at the public park.,syntax,s-selection,animate_subject_trans,True,False,True,False,577,-33.01482009887695,-53.37916564941406,1
Judy hadn't cleaned a mall.,The mall hadn't cleaned a mall.,syntax,s-selection,animate_subject_trans,True,False,True,False,578,-41.34528350830078,-49.22328567504883,1
Emily was criticizing Michael.,This broccoli was criticizing Michael.,syntax,s-selection,animate_subject_trans,True,False,True,False,579,-32.25862121582031,-45.267982482910156,1
Jacqueline drove to a lot of mountains.,The art gallery drove to a lot of mountains.,syntax,s-selection,animate_subject_trans,True,False,True,False,580,-51.77677917480469,-55.640628814697266,1
Craig questions Bradley.,Every movie questions Bradley.,syntax,s-selection,animate_subject_trans,True,False,True,False,581,-26.64254379272461,-36.56343078613281,1
Carmen left Kayla.,Some skateboard left Kayla.,syntax,s-selection,animate_subject_trans,True,False,True,False,582,-48.8729248046875,-52.38825988769531,1
James questioned Lissa.,A committee questioned Lissa.,syntax,s-selection,animate_subject_trans,True,False,True,False,583,-30.79509735107422,-42.04827880859375,1
Janice watched Randolf.,This drawing watched Randolf.,syntax,s-selection,animate_subject_trans,True,False,True,False,584,-47.792213439941406,-48.35450744628906,1
Stacey didn't escape from Cynthia.,That glass didn't escape from Cynthia.,syntax,s-selection,animate_subject_trans,True,False,True,False,585,-48.1643180847168,-49.669517517089844,1
Gerald hadn't lifted this cart.,The truck hadn't lifted this cart.,syntax,s-selection,animate_subject_trans,True,False,True,False,586,-51.6854248046875,-48.84837341308594,0
Melanie breaks most glasses.,The shawl breaks most glasses.,syntax,s-selection,animate_subject_trans,True,False,True,False,587,-41.324790954589844,-51.99069595336914,1
Some organizations sold these sweaters.,All muffins sold these sweaters.,syntax,s-selection,animate_subject_trans,True,False,True,False,588,-52.423614501953125,-58.40815734863281,1
These teenagers weren't walking through Harvard University.,All organizations weren't walking through Harvard University.,syntax,s-selection,animate_subject_trans,True,False,True,False,589,-59.72663879394531,-59.142459869384766,0
Kathleen hadn't hired Keith.,Some glove hadn't hired Keith.,syntax,s-selection,animate_subject_trans,True,False,True,False,590,-54.067195892333984,-48.43501281738281,0
Linda has fixed all bikes.,Some gate has fixed all bikes.,syntax,s-selection,animate_subject_trans,True,False,True,False,591,-44.14426040649414,-45.68842315673828,1
Melinda hasn't sounded like Florence.,Some painting hasn't sounded like Florence.,syntax,s-selection,animate_subject_trans,True,False,True,False,592,-45.63889694213867,-47.53350067138672,1
April is talking to April.,Every essay is talking to April.,syntax,s-selection,animate_subject_trans,True,False,True,False,593,-30.67952537536621,-38.96297836303711,1
Irene had some glove.,Some spotlight had some glove.,syntax,s-selection,animate_subject_trans,True,False,True,False,594,-37.73563003540039,-36.732818603515625,0
Andrea is observing Pamela.,This lake is observing Pamela.,syntax,s-selection,animate_subject_trans,True,False,True,False,595,-43.7913818359375,-40.746246337890625,0
Carolyn fixed some carts.,Every bird fixed some carts.,syntax,s-selection,animate_subject_trans,True,False,True,False,596,-43.74515151977539,-39.09711456298828,0
Frank hasn't cured April.,Ice cream hasn't cured April.,syntax,s-selection,animate_subject_trans,True,False,True,False,597,-36.3652458190918,-45.86689376831055,1
Sally wasn't listening to Cheryl.,The dress wasn't listening to Cheryl.,syntax,s-selection,animate_subject_trans,True,False,True,False,598,-43.48815155029297,-45.07915115356445,1
Nancy hasn't approached Amelia.,Some mushroom hasn't approached Amelia.,syntax,s-selection,animate_subject_trans,True,False,True,False,599,-45.37907028198242,-50.10322189331055,1
Judy talks about Rose.,Some ladder talks about Rose.,syntax,s-selection,animate_subject_trans,True,False,True,False,600,-32.88637924194336,-38.441749572753906,1
Theresa wore those shawls.,The organization wore those shawls.,syntax,s-selection,animate_subject_trans,True,False,True,False,601,-57.57584762573242,-56.83106994628906,0
Theodore cures Christina.,Some broccoli cures Christina.,syntax,s-selection,animate_subject_trans,True,False,True,False,602,-41.69330978393555,-42.66851043701172,1
Christine hadn't talked to Helen.,Some painting hadn't talked to Helen.,syntax,s-selection,animate_subject_trans,True,False,True,False,603,-38.618072509765625,-43.77193832397461,1
Those pedestrians do take this library.,Most books do take this library.,syntax,s-selection,animate_subject_trans,True,False,True,False,604,-44.541595458984375,-39.186363220214844,0
Every guy watches this senator.,The ice watches this senator.,syntax,s-selection,animate_subject_trans,True,False,True,False,605,-40.14434051513672,-36.55829620361328,0
Cheryl was praising Larry.,That plate was praising Larry.,syntax,s-selection,animate_subject_trans,True,False,True,False,606,-51.409812927246094,-40.717811584472656,0
Rodney finds unicycles.,The dress finds unicycles.,syntax,s-selection,animate_subject_trans,True,False,True,False,607,-51.27940368652344,-51.921634674072266,1
Janet bikes to every school.,This window bikes to every school.,syntax,s-selection,animate_subject_trans,True,False,True,False,608,-39.40662384033203,-41.646461486816406,1
Theresa hadn't explored these libraries.,Some box hadn't explored these libraries.,syntax,s-selection,animate_subject_trans,True,False,True,False,609,-57.690284729003906,-53.37696075439453,0
Kayla shouldn't pass a lot of movie theaters.,Every public park shouldn't pass a lot of movie theaters.,syntax,s-selection,animate_subject_trans,True,False,True,False,610,-58.93122100830078,-71.03128814697266,1
Emily walks through the mall.,Every painting walks through the mall.,syntax,s-selection,animate_subject_trans,True,False,True,False,611,-29.286828994750977,-40.702491760253906,1
Ellen notices all cakes.,A bicycle notices all cakes.,syntax,s-selection,animate_subject_trans,True,False,True,False,612,-36.49136734008789,-41.22541046142578,1
Anna might hug Tonya.,That steak might hug Tonya.,syntax,s-selection,animate_subject_trans,True,False,True,False,613,-36.94375991821289,-51.456695556640625,1
James wasn't cleaning some chicken.,That window wasn't cleaning some chicken.,syntax,s-selection,animate_subject_trans,True,False,True,False,614,-34.76338577270508,-45.79862976074219,1
Linda could know Holly.,Every bicycle could know Holly.,syntax,s-selection,animate_subject_trans,True,False,True,False,615,-36.94538497924805,-38.64423370361328,1
Raymond had cleaned the book.,This mirror had cleaned the book.,syntax,s-selection,animate_subject_trans,True,False,True,False,616,-38.528175354003906,-36.39411926269531,0
Donna was questioning Douglas.,The bank was questioning Douglas.,syntax,s-selection,animate_subject_trans,True,False,True,False,617,-37.36998748779297,-37.64446258544922,1
Irene hugs Tracy.,This hospital hugs Tracy.,syntax,s-selection,animate_subject_trans,True,False,True,False,618,-39.061851501464844,-37.61855697631836,0
Susan won't care for Adam.,Some fork won't care for Adam.,syntax,s-selection,animate_subject_trans,True,False,True,False,619,-28.838165283203125,-40.39515686035156,1
April visits Theodore.,Every sock visits Theodore.,syntax,s-selection,animate_subject_trans,True,False,True,False,620,-26.868724822998047,-39.9677734375,1
Sara hadn't approached Janet.,This eggplant hadn't approached Janet.,syntax,s-selection,animate_subject_trans,True,False,True,False,621,-45.06159973144531,-58.68880844116211,1
Some drivers can't discuss Julie.,Some apples can't discuss Julie.,syntax,s-selection,animate_subject_trans,True,False,True,False,622,-41.46096420288086,-40.7883186340332,0
David hasn't complained about Bruce.,A mouth hasn't complained about Bruce.,syntax,s-selection,animate_subject_trans,True,False,True,False,623,-39.633148193359375,-50.048439025878906,1
Jill approaches Lawrence.,The truck approaches Lawrence.,syntax,s-selection,animate_subject_trans,True,False,True,False,624,-32.720340728759766,-34.155792236328125,1
The Clintons hid a high school.,Most cars hid a high school.,syntax,s-selection,animate_subject_trans,True,False,True,False,625,-43.042457580566406,-39.86750793457031,0
Meredith boycotted these college campuses.,The high school boycotted these college campuses.,syntax,s-selection,animate_subject_trans,True,False,True,False,626,-76.70242309570312,-76.1641845703125,0
The Impressionists have cared for George.,A lot of planes have cared for George.,syntax,s-selection,animate_subject_trans,True,False,True,False,627,-60.79962921142578,-50.5199089050293,0
Elaine sees John.,Science sees John.,syntax,s-selection,animate_subject_trans,True,False,True,False,628,-31.004226684570312,-21.13693618774414,0
Denise hadn't listened to the guys.,Every blouse hadn't listened to the guys.,syntax,s-selection,animate_subject_trans,True,False,True,False,629,-44.692935943603516,-56.824378967285156,1
Alan hadn't insulted a customer.,The spinach hadn't insulted a customer.,syntax,s-selection,animate_subject_trans,True,False,True,False,630,-37.86369323730469,-51.29527282714844,1
James lifts some truck.,Some glacier lifts some truck.,syntax,s-selection,animate_subject_trans,True,False,True,False,631,-25.048234939575195,-40.053245544433594,1
Caroline hasn't healed Gregory.,Every hamster hasn't healed Gregory.,syntax,s-selection,animate_subject_trans,True,False,True,False,632,-48.551082611083984,-57.05958938598633,1
Tamara does run around the libraries.,This pepper does run around the libraries.,syntax,s-selection,animate_subject_trans,True,False,True,False,633,-44.19352722167969,-46.87079620361328,1
Rebecca had talked to Sheila.,The sketch had talked to Sheila.,syntax,s-selection,animate_subject_trans,True,False,True,False,634,-41.06410217285156,-42.903987884521484,1
Curtis approached Wendy.,Some college campus approached Wendy.,syntax,s-selection,animate_subject_trans,True,False,True,False,635,-40.18221664428711,-46.56452178955078,1
The patients have worked with Walter.,Spotlights have worked with Walter.,syntax,s-selection,animate_subject_trans,True,False,True,False,636,-42.2038459777832,-42.43705368041992,1
Stacy was arriving at many libraries.,A book was arriving at many libraries.,syntax,s-selection,animate_subject_trans,True,False,True,False,637,-48.621917724609375,-49.50155258178711,1
Leslie has observed Kenneth.,That shoe has observed Kenneth.,syntax,s-selection,animate_subject_trans,True,False,True,False,638,-41.58803176879883,-41.44672393798828,0
Sally doesn't reference John.,Science doesn't reference John.,syntax,s-selection,animate_subject_trans,True,False,True,False,639,-40.341651916503906,-32.7576904296875,0
Every patient should know Brian.,That cat should know Brian.,syntax,s-selection,animate_subject_trans,True,False,True,False,640,-35.37561798095703,-34.09442138671875,0
Michael hadn't known Samuel.,A cat hadn't known Samuel.,syntax,s-selection,animate_subject_trans,True,False,True,False,641,-31.58180046081543,-43.192604064941406,1
David hasn't known this child.,A high school hasn't known this child.,syntax,s-selection,animate_subject_trans,True,False,True,False,642,-32.61549377441406,-48.99456024169922,1
Jerry hid many turtles.,The couch hid many turtles.,syntax,s-selection,animate_subject_trans,True,False,True,False,643,-31.598716735839844,-42.390899658203125,1
Many women fled from Matt.,Tomatoes fled from Matt.,syntax,s-selection,animate_subject_trans,True,False,True,False,644,-38.49524688720703,-42.32768630981445,1
A waiter praised Rachelle.,The box praised Rachelle.,syntax,s-selection,animate_subject_trans,True,False,True,False,645,-47.67729187011719,-41.932830810546875,0
These men can't hate Lawrence.,Some shoes can't hate Lawrence.,syntax,s-selection,animate_subject_trans,True,False,True,False,646,-37.80012512207031,-38.08836364746094,1
Caroline remembers most lakes.,A rabbit remembers most lakes.,syntax,s-selection,animate_subject_trans,True,False,True,False,647,-43.980133056640625,-43.65666580200195,0
Some senators fired Carl.,Those mushrooms fired Carl.,syntax,s-selection,animate_subject_trans,True,False,True,False,648,-36.075382232666016,-35.51755905151367,0
Kimberley cared for Anne.,The ice cream cared for Anne.,syntax,s-selection,animate_subject_trans,True,False,True,False,649,-40.37605285644531,-42.33160400390625,1
Thomas attacks Todd.,Some company attacks Todd.,syntax,s-selection,animate_subject_trans,True,False,True,False,650,-25.0640811920166,-34.0638313293457,1
Bruce has cleaned this truck.,That mall has cleaned this truck.,syntax,s-selection,animate_subject_trans,True,False,True,False,651,-31.27596664428711,-43.378509521484375,1
A waitress has broken some vases.,The truck has broken some vases.,syntax,s-selection,animate_subject_trans,True,False,True,False,652,-52.859195709228516,-49.562744140625,0
Jesus hires Clyde.,Every cart hires Clyde.,syntax,s-selection,animate_subject_trans,True,False,True,False,653,-28.08773422241211,-38.20893096923828,1
Paul did watch Peter.,Some chicken did watch Peter.,syntax,s-selection,animate_subject_trans,True,False,True,False,654,-26.006610870361328,-36.24485397338867,1
Christopher didn't talk about Vanessa.,Some rice didn't talk about Vanessa.,syntax,s-selection,animate_subject_trans,True,False,True,False,655,-31.663196563720703,-42.50221252441406,1
Edward is going to this high school.,That pork is going to this high school.,syntax,s-selection,animate_subject_trans,True,False,True,False,656,-31.57082748413086,-41.81427764892578,1
Ann didn't care for David.,Literature didn't care for David.,syntax,s-selection,animate_subject_trans,True,False,True,False,657,-27.518089294433594,-39.64595031738281,1
Tonya isn't curing Barbara.,This sketch isn't curing Barbara.,syntax,s-selection,animate_subject_trans,True,False,True,False,658,-41.65050506591797,-48.45868682861328,1
Matt had taken the cup.,Every wheelbarrow had taken the cup.,syntax,s-selection,animate_subject_trans,True,False,True,False,659,-25.112201690673828,-52.67204284667969,1
Vincent hasn't researched a lot of books.,Some library hasn't researched a lot of books.,syntax,s-selection,animate_subject_trans,True,False,True,False,660,-55.95808410644531,-53.165470123291016,0
Martha hasn't fixed most unicycles.,Travel hasn't fixed most unicycles.,syntax,s-selection,animate_subject_trans,True,False,True,False,661,-69.68980407714844,-61.570770263671875,0
Leslie noticed Omar.,The face noticed Omar.,syntax,s-selection,animate_subject_trans,True,False,True,False,662,-36.26234436035156,-35.085784912109375,0
Brenda is escaping from all lakes.,That plane is escaping from all lakes.,syntax,s-selection,animate_subject_trans,True,False,True,False,663,-43.1973876953125,-47.77947235107422,1
Benjamin was going to the Great Lakes.,Some high school was going to the Great Lakes.,syntax,s-selection,animate_subject_trans,True,False,True,False,664,-45.85400390625,-49.4249382019043,1
Bruce was talking to Samantha.,The window was talking to Samantha.,syntax,s-selection,animate_subject_trans,True,False,True,False,665,-27.589860916137695,-37.54621505737305,1
Michelle observes Gregory.,That mirror observes Gregory.,syntax,s-selection,animate_subject_trans,True,False,True,False,666,-28.836021423339844,-39.897003173828125,1
Stacy had appreciated Colleen.,Some glove had appreciated Colleen.,syntax,s-selection,animate_subject_trans,True,False,True,False,667,-51.42018508911133,-51.773319244384766,1
Holly isn't cleaning a lot of restaurants.,That popsicle isn't cleaning a lot of restaurants.,syntax,s-selection,animate_subject_trans,True,False,True,False,668,-48.778629302978516,-60.974853515625,1
Caroline isn't thinking about Cindy.,This ice cream isn't thinking about Cindy.,syntax,s-selection,animate_subject_trans,True,False,True,False,669,-45.29827880859375,-47.435394287109375,1
This patient hasn't boycotted the organization.,The mall hasn't boycotted the organization.,syntax,s-selection,animate_subject_trans,True,False,True,False,670,-62.263362884521484,-65.49067687988281,1
Katherine disliked some libraries.,This screen disliked some libraries.,syntax,s-selection,animate_subject_trans,True,False,True,False,671,-43.15769958496094,-43.582977294921875,1
Most doctors had some water.,Those glasses had some water.,syntax,s-selection,animate_subject_trans,True,False,True,False,672,-30.904836654663086,-28.738067626953125,0
Randolf referenced Travis.,That shoe referenced Travis.,syntax,s-selection,animate_subject_trans,True,False,True,False,673,-40.85342025756836,-41.14198303222656,1
Harvard University hasn't bought the muffins.,Some bike hasn't bought the muffins.,syntax,s-selection,animate_subject_trans,True,False,True,False,674,-62.785980224609375,-49.139225006103516,0
Some waitress is healing Carmen.,That broccoli is healing Carmen.,syntax,s-selection,animate_subject_trans,True,False,True,False,675,-43.41901779174805,-43.282447814941406,0
Mitchell hasn't investigated many dancers.,That lamp hasn't investigated many dancers.,syntax,s-selection,animate_subject_trans,True,False,True,False,676,-57.041603088378906,-56.916839599609375,0
A lot of patients haven't hired Jessica.,A lot of bicycles haven't hired Jessica.,syntax,s-selection,animate_subject_trans,True,False,True,False,677,-55.585235595703125,-57.708709716796875,1
Dana can attack Aaron.,A dress can attack Aaron.,syntax,s-selection,animate_subject_trans,True,False,True,False,678,-38.150062561035156,-41.49866485595703,1
Amelia hadn't escaped from Daniel.,The steak hadn't escaped from Daniel.,syntax,s-selection,animate_subject_trans,True,False,True,False,679,-48.069236755371094,-51.18290710449219,1
Tara discussed Christopher.,Some sock discussed Christopher.,syntax,s-selection,animate_subject_trans,True,False,True,False,680,-34.290809631347656,-37.992862701416016,1
Carmen skates around a lot of banks.,Every fish skates around a lot of banks.,syntax,s-selection,animate_subject_trans,True,False,True,False,681,-61.063201904296875,-54.58891677856445,0
Jeffrey fires Bradley.,Spain fires Bradley.,syntax,s-selection,animate_subject_trans,True,False,True,False,682,-37.71950912475586,-27.801380157470703,0
Bradley isn't hiring Joel.,Some candle isn't hiring Joel.,syntax,s-selection,animate_subject_trans,True,False,True,False,683,-45.11608123779297,-46.494136810302734,1
This guest watches Bradley.,Every museum watches Bradley.,syntax,s-selection,animate_subject_trans,True,False,True,False,684,-37.03723907470703,-36.915767669677734,0
Kevin doesn't mess up many shoes.,Some restaurant doesn't mess up many shoes.,syntax,s-selection,animate_subject_trans,True,False,True,False,685,-40.34514617919922,-50.64410400390625,1
That committee did fire Gina.,That ice cream did fire Gina.,syntax,s-selection,animate_subject_trans,True,False,True,False,686,-41.05252456665039,-44.79014587402344,1
Alicia is exiting those art galleries.,That movie is exiting those art galleries.,syntax,s-selection,animate_subject_trans,True,False,True,False,687,-64.2063217163086,-57.198883056640625,0
Susan is criticizing Dawn.,The sock is criticizing Dawn.,syntax,s-selection,animate_subject_trans,True,False,True,False,688,-32.13935089111328,-42.01544952392578,1
Charles would kiss Renee.,The plane would kiss Renee.,syntax,s-selection,animate_subject_trans,True,False,True,False,689,-35.520179748535156,-45.057701110839844,1
Benjamin was describing Charles.,That light was describing Charles.,syntax,s-selection,animate_subject_trans,True,False,True,False,690,-42.215179443359375,-38.8297004699707,0
Vanessa drops by those rivers.,Some wheelbarrow drops by those rivers.,syntax,s-selection,animate_subject_trans,True,False,True,False,691,-43.5633430480957,-58.9284553527832,1
This teacher praises Edward.,The water praises Edward.,syntax,s-selection,animate_subject_trans,True,False,True,False,692,-37.80336380004883,-34.791988372802734,0
Tiffany knew Mary.,Some window knew Mary.,syntax,s-selection,animate_subject_trans,True,False,True,False,693,-39.043521881103516,-31.504283905029297,0
Heidi hadn't admired Samuel.,This couch hadn't admired Samuel.,syntax,s-selection,animate_subject_trans,True,False,True,False,694,-47.82414627075195,-48.172813415527344,1
Travis wasn't referencing Natalie.,Every mall wasn't referencing Natalie.,syntax,s-selection,animate_subject_trans,True,False,True,False,695,-49.696041107177734,-50.50299072265625,1
Every customer hasn't described Scott.,A chair hasn't described Scott.,syntax,s-selection,animate_subject_trans,True,False,True,False,696,-46.95420455932617,-43.46623992919922,0
Elaine can't remember Lawrence.,The newspaper article can't remember Lawrence.,syntax,s-selection,animate_subject_trans,True,False,True,False,697,-37.853816986083984,-51.410736083984375,1
David hasn't talked about every commentary.,The movie hasn't talked about every commentary.,syntax,s-selection,animate_subject_trans,True,False,True,False,698,-41.69282913208008,-50.43977355957031,1
Tonya escapes from Christopher.,This dog escapes from Christopher.,syntax,s-selection,animate_subject_trans,True,False,True,False,699,-34.820377349853516,-40.166351318359375,1
Sonia knows Laura.,Every turtle knows Laura.,syntax,s-selection,animate_subject_trans,True,False,True,False,700,-30.4869441986084,-31.955875396728516,1
Dan dropped by some mountain.,The sock dropped by some mountain.,syntax,s-selection,animate_subject_trans,True,False,True,False,701,-29.952360153198242,-39.917659759521484,1
These actresses aren't kissing Eva.,All socks aren't kissing Eva.,syntax,s-selection,animate_subject_trans,True,False,True,False,702,-47.02147674560547,-45.13172149658203,0
Wendy wasn't messing up every rug.,Travel wasn't messing up every rug.,syntax,s-selection,animate_subject_trans,True,False,True,False,703,-56.53319549560547,-44.497554779052734,0
Gregory argued about Deanna.,Some report argued about Deanna.,syntax,s-selection,animate_subject_trans,True,False,True,False,704,-48.010475158691406,-48.43059158325195,1
Patrick had passed a mountain.,The scarf had passed a mountain.,syntax,s-selection,animate_subject_trans,True,False,True,False,705,-27.242202758789062,-37.840843200683594,1
April investigated those boys.,A hamster investigated those boys.,syntax,s-selection,animate_subject_trans,True,False,True,False,706,-31.138877868652344,-51.702484130859375,1
Kendra didn't clean that mouth.,That eye didn't clean that mouth.,syntax,s-selection,animate_subject_trans,True,False,True,False,707,-45.066654205322266,-42.564823150634766,0
Nina referenced Marcus.,Every report referenced Marcus.,syntax,s-selection,animate_subject_trans,True,False,True,False,708,-34.66042709350586,-38.66773986816406,1
Deborah arrives at this cafe.,Ice cream arrives at this cafe.,syntax,s-selection,animate_subject_trans,True,False,True,False,709,-47.58509063720703,-44.93368911743164,0
All legislatures sold a shoe.,Many art galleries sold a shoe.,syntax,s-selection,animate_subject_trans,True,False,True,False,710,-40.983558654785156,-47.3019905090332,1
Waiters don't skate around Spain.,The drawings don't skate around Spain.,syntax,s-selection,animate_subject_trans,True,False,True,False,711,-46.26898193359375,-51.312110900878906,1
Samantha would take the sock.,Some pasta would take the sock.,syntax,s-selection,animate_subject_trans,True,False,True,False,712,-47.271305084228516,-36.439613342285156,0
Jodi shouldn't arrive at every library.,The shirt shouldn't arrive at every library.,syntax,s-selection,animate_subject_trans,True,False,True,False,713,-52.6929817199707,-51.909523010253906,0
David discovered this ice cream.,Every hospital discovered this ice cream.,syntax,s-selection,animate_subject_trans,True,False,True,False,714,-30.044822692871094,-40.48615264892578,1
Brad hadn't worn the coat.,A hamster hadn't worn the coat.,syntax,s-selection,animate_subject_trans,True,False,True,False,715,-39.610836029052734,-57.1887321472168,1
John was wearing every shawl.,This wheelbarrow was wearing every shawl.,syntax,s-selection,animate_subject_trans,True,False,True,False,716,-47.356903076171875,-74.59487915039062,1
Matt skates around that high school.,Some computer skates around that high school.,syntax,s-selection,animate_subject_trans,True,False,True,False,717,-45.46964645385742,-53.52619934082031,1
Patricia sold some apples.,That dish sold some apples.,syntax,s-selection,animate_subject_trans,True,False,True,False,718,-41.797828674316406,-37.803123474121094,0
The Lutherans weren't kissing Marie.,A lot of dishes weren't kissing Marie.,syntax,s-selection,animate_subject_trans,True,False,True,False,719,-54.93828201293945,-55.089073181152344,1
Mary hasn't revealed some computers.,The screen hasn't revealed some computers.,syntax,s-selection,animate_subject_trans,True,False,True,False,720,-39.197471618652344,-49.2626953125,1
The student sounds like Cheryl.,Every wheelbarrow sounds like Cheryl.,syntax,s-selection,animate_subject_trans,True,False,True,False,721,-40.49594497680664,-57.94853591918945,1
Michelle researched these newspaper articles.,Politics researched these newspaper articles.,syntax,s-selection,animate_subject_trans,True,False,True,False,722,-43.6636962890625,-42.99505615234375,0
John wouldn't approach Carrie.,The couch wouldn't approach Carrie.,syntax,s-selection,animate_subject_trans,True,False,True,False,723,-35.44074249267578,-46.44270706176758,1
Amelia was walking through some art gallery.,The hair was walking through some art gallery.,syntax,s-selection,animate_subject_trans,True,False,True,False,724,-56.164955139160156,-54.555824279785156,0
The pedestrian brought those art galleries.,A turtle brought those art galleries.,syntax,s-selection,animate_subject_trans,True,False,True,False,725,-51.01276397705078,-50.342594146728516,0
A lot of senators weren't fleeing from Leslie.,Some rugs weren't fleeing from Leslie.,syntax,s-selection,animate_subject_trans,True,False,True,False,726,-63.492088317871094,-60.49732971191406,0
This cashier does clean every cup.,That eggplant does clean every cup.,syntax,s-selection,animate_subject_trans,True,False,True,False,727,-54.799072265625,-56.64508056640625,1
Carolyn hadn't respected Heidi.,Some vase hadn't respected Heidi.,syntax,s-selection,animate_subject_trans,True,False,True,False,728,-52.98048400878906,-56.36012649536133,1
Most governments do talk about Ellen.,Some cakes do talk about Ellen.,syntax,s-selection,animate_subject_trans,True,False,True,False,729,-42.188209533691406,-38.97011184692383,0
Julia cleans most movie theaters.,The door cleans most movie theaters.,syntax,s-selection,animate_subject_trans,True,False,True,False,730,-50.232627868652344,-50.745567321777344,1
Nina couldn't escape from Christina.,A book couldn't escape from Christina.,syntax,s-selection,animate_subject_trans,True,False,True,False,731,-45.73808288574219,-49.35920715332031,1
A library had helped Melanie.,The broccoli had helped Melanie.,syntax,s-selection,animate_subject_trans,True,False,True,False,732,-39.409339904785156,-40.88361358642578,1
Richard was kissing Candice.,Some school was kissing Candice.,syntax,s-selection,animate_subject_trans,True,False,True,False,733,-35.979270935058594,-44.417091369628906,1
Russell was arguing about many books.,A spotlight was arguing about many books.,syntax,s-selection,animate_subject_trans,True,False,True,False,734,-37.11122131347656,-47.798065185546875,1
Omar isn't examining some book.,Some apple isn't examining some book.,syntax,s-selection,animate_subject_trans,True,False,True,False,735,-45.57261657714844,-41.57124328613281,0
Pamela might wear all blouses.,A pepper might wear all blouses.,syntax,s-selection,animate_subject_trans,True,False,True,False,736,-61.72605895996094,-53.26605224609375,0
Alexander has known Sarah.,This cafe has known Sarah.,syntax,s-selection,animate_subject_trans,True,False,True,False,737,-23.98363494873047,-35.438636779785156,1
The Clintons left the dancers.,A lot of boxes left the dancers.,syntax,s-selection,animate_subject_trans,True,False,True,False,738,-38.08454513549805,-43.90161895751953,1
Tara isn't concealing Mitchell.,Pork isn't concealing Mitchell.,syntax,s-selection,animate_subject_trans,True,False,True,False,739,-51.10326385498047,-54.8077507019043,1
The Borgias were listening to Stephanie.,Some malls were listening to Stephanie.,syntax,s-selection,animate_subject_trans,True,False,True,False,740,-51.31070327758789,-44.22080612182617,0
Naomi remembered Cheryl.,This screen remembered Cheryl.,syntax,s-selection,animate_subject_trans,True,False,True,False,741,-36.816436767578125,-38.253204345703125,1
Denise describes Judy.,This high school describes Judy.,syntax,s-selection,animate_subject_trans,True,False,True,False,742,-31.103269577026367,-40.66300582885742,1
Suzanne could return to that grocery store.,A carriage could return to that grocery store.,syntax,s-selection,animate_subject_trans,True,False,True,False,743,-59.00694274902344,-55.708251953125,0
Omar respects Raymond.,That lamp respects Raymond.,syntax,s-selection,animate_subject_trans,True,False,True,False,744,-36.88474655151367,-39.03602600097656,1
Douglas appreciated this person.,Some documentary appreciated this person.,syntax,s-selection,animate_subject_trans,True,False,True,False,745,-39.043949127197266,-38.833431243896484,0
The child should argue about Cynthia.,The sketch should argue about Cynthia.,syntax,s-selection,animate_subject_trans,True,False,True,False,746,-44.78824996948242,-49.304840087890625,1
Veronica has brought many bicycles.,The eye has brought many bicycles.,syntax,s-selection,animate_subject_trans,True,False,True,False,747,-46.57146453857422,-41.61009216308594,0
Scott could mess up those cars.,Every sketch could mess up those cars.,syntax,s-selection,animate_subject_trans,True,False,True,False,748,-39.79389572143555,-52.443397521972656,1
Linda couldn't kiss Brenda.,That company couldn't kiss Brenda.,syntax,s-selection,animate_subject_trans,True,False,True,False,749,-41.36838150024414,-42.87458038330078,1
Valerie couldn't skate around some hill.,Some movie theater couldn't skate around some hill.,syntax,s-selection,animate_subject_trans,True,False,True,False,750,-56.43500518798828,-68.04324340820312,1
Beverly has revealed this window.,Some organization has revealed this window.,syntax,s-selection,animate_subject_trans,True,False,True,False,751,-47.42646789550781,-42.985992431640625,0
Allison was returning to Steven.,This cilantro was returning to Steven.,syntax,s-selection,animate_subject_trans,True,False,True,False,752,-38.967063903808594,-51.2369499206543,1
Tamara might appreciate every boy.,The mirror might appreciate every boy.,syntax,s-selection,animate_subject_trans,True,False,True,False,753,-42.452919006347656,-41.84111785888672,0
This person hadn't helped Winston Churchill.,Every public park hadn't helped Winston Churchill.,syntax,s-selection,animate_subject_trans,True,False,True,False,754,-56.73491668701172,-69.17436218261719,1
Irene hasn't researched Monet.,Every hospital hasn't researched Monet.,syntax,s-selection,animate_subject_trans,True,False,True,False,755,-57.70207214355469,-54.62348175048828,0
Diane was fixing most bikes.,That public park was fixing most bikes.,syntax,s-selection,animate_subject_trans,True,False,True,False,756,-47.08367919921875,-56.1167106628418,1
Andrew wasn't questioning Randolf.,Some hair wasn't questioning Randolf.,syntax,s-selection,animate_subject_trans,True,False,True,False,757,-49.000553131103516,-58.35666275024414,1
Julia hired Melissa.,That sweater hired Melissa.,syntax,s-selection,animate_subject_trans,True,False,True,False,758,-32.48834991455078,-38.25430679321289,1
Kayla escapes from Melanie.,Some rice escapes from Melanie.,syntax,s-selection,animate_subject_trans,True,False,True,False,759,-39.93785858154297,-42.136924743652344,1
This committee disliked Lissa.,The company disliked Lissa.,syntax,s-selection,animate_subject_trans,True,False,True,False,760,-44.01739501953125,-40.29441833496094,0
Jane will see Becca.,Some drawing will see Becca.,syntax,s-selection,animate_subject_trans,True,False,True,False,761,-33.53395080566406,-44.430389404296875,1
Kevin wasn't helping a lot of patients.,The nose wasn't helping a lot of patients.,syntax,s-selection,animate_subject_trans,True,False,True,False,762,-37.4020881652832,-47.98698425292969,1
Debra has explored the lake.,A screen has explored the lake.,syntax,s-selection,animate_subject_trans,True,False,True,False,763,-37.8591194152832,-39.47105407714844,1
Michelle criticizes Peter.,This skirt criticizes Peter.,syntax,s-selection,animate_subject_trans,True,False,True,False,764,-34.10234451293945,-46.24555206298828,1
Rachel climbs up some ladder.,Some lamp climbs up some ladder.,syntax,s-selection,animate_subject_trans,True,False,True,False,765,-32.950523376464844,-42.564701080322266,1
Marla questioned many waitresses.,This convertible questioned many waitresses.,syntax,s-selection,animate_subject_trans,True,False,True,False,766,-48.14292907714844,-53.90536117553711,1
Nancy ran around the malls.,That popsicle ran around the malls.,syntax,s-selection,animate_subject_trans,True,False,True,False,767,-42.39457321166992,-52.51491928100586,1
The teenagers have talked about Steven.,The cars have talked about Steven.,syntax,s-selection,animate_subject_trans,True,False,True,False,768,-43.03466033935547,-39.8187255859375,0
Thomas listened to Michael.,Every cup listened to Michael.,syntax,s-selection,animate_subject_trans,True,False,True,False,769,-26.619632720947266,-34.194976806640625,1
John would fix some screens.,Pork would fix some screens.,syntax,s-selection,animate_subject_trans,True,False,True,False,770,-32.603919982910156,-44.777774810791016,1
Amanda passes some school.,That projector passes some school.,syntax,s-selection,animate_subject_trans,True,False,True,False,771,-34.475440979003906,-39.55161666870117,1
Linda had researched that glacier.,This hair had researched that glacier.,syntax,s-selection,animate_subject_trans,True,False,True,False,772,-49.24467468261719,-49.764713287353516,1
Every driver visited Gary.,Every glass visited Gary.,syntax,s-selection,animate_subject_trans,True,False,True,False,773,-36.320228576660156,-35.305999755859375,0
This hospital isn't admiring those actors.,This pie isn't admiring those actors.,syntax,s-selection,animate_subject_trans,True,False,True,False,774,-57.52535629272461,-57.235599517822266,0
Tammy isn't praising Tina.,The unicycle isn't praising Tina.,syntax,s-selection,animate_subject_trans,True,False,True,False,775,-45.26473617553711,-57.81813430786133,1
Susan hadn't concealed this hamster.,This hill hadn't concealed this hamster.,syntax,s-selection,animate_subject_trans,True,False,True,False,776,-49.18340301513672,-59.86175537109375,1
John hasn't sounded like Grace.,Literature hasn't sounded like Grace.,syntax,s-selection,animate_subject_trans,True,False,True,False,777,-37.759521484375,-49.78495788574219,1
Marie had described Winston Churchill.,Some restaurant had described Winston Churchill.,syntax,s-selection,animate_subject_trans,True,False,True,False,778,-41.659793853759766,-51.20478820800781,1
Every man could hate Vincent.,A mouth could hate Vincent.,syntax,s-selection,animate_subject_trans,True,False,True,False,779,-36.65550231933594,-40.32293701171875,1
Andrew references Guy.,That report references Guy.,syntax,s-selection,animate_subject_trans,True,False,True,False,780,-26.039546966552734,-36.48719024658203,1
A lot of guests are listening to Cheryl.,Many cars are listening to Cheryl.,syntax,s-selection,animate_subject_trans,True,False,True,False,781,-49.04652786254883,-40.05364227294922,0
Anna is messing up some high school.,Some popsicle is messing up some high school.,syntax,s-selection,animate_subject_trans,True,False,True,False,782,-40.90008544921875,-61.46879577636719,1
Becca hasn't brought every tomato.,That popsicle hasn't brought every tomato.,syntax,s-selection,animate_subject_trans,True,False,True,False,783,-49.17424011230469,-58.83256530761719,1
Jennifer has discussed that commentary.,The photograph has discussed that commentary.,syntax,s-selection,animate_subject_trans,True,False,True,False,784,-34.14830017089844,-45.68345642089844,1
Gary has worked with Mary.,This art gallery has worked with Mary.,syntax,s-selection,animate_subject_trans,True,False,True,False,785,-28.645811080932617,-50.29400634765625,1
Maria reveals some carts.,This fork reveals some carts.,syntax,s-selection,animate_subject_trans,True,False,True,False,786,-33.18456268310547,-42.9304084777832,1
William buys a book.,The cup buys a book.,syntax,s-selection,animate_subject_trans,True,False,True,False,787,-23.4447078704834,-33.24602508544922,1
Jessica observed Meredith.,Every dog observed Meredith.,syntax,s-selection,animate_subject_trans,True,False,True,False,788,-27.362449645996094,-34.832359313964844,1
A lot of waiters weren't helping Beverly.,Many spotlights weren't helping Beverly.,syntax,s-selection,animate_subject_trans,True,False,True,False,789,-63.94420623779297,-58.38618087768555,0
Stacy hasn't researched every restaurant.,Some box hasn't researched every restaurant.,syntax,s-selection,animate_subject_trans,True,False,True,False,790,-51.936370849609375,-50.24346923828125,0
Robert left most closets.,This cat left most closets.,syntax,s-selection,animate_subject_trans,True,False,True,False,791,-36.19227600097656,-45.89410400390625,1
Marie couldn't drive to these hills.,The wheelbarrow couldn't drive to these hills.,syntax,s-selection,animate_subject_trans,True,False,True,False,792,-38.3238639831543,-66.97772216796875,1
Some boy hasn't fixed every couch.,The cat hasn't fixed every couch.,syntax,s-selection,animate_subject_trans,True,False,True,False,793,-44.922786712646484,-46.199462890625,1
Brett isn't going to every restaurant.,A hamster isn't going to every restaurant.,syntax,s-selection,animate_subject_trans,True,False,True,False,794,-46.86705017089844,-54.39411926269531,1
Dan has sold this horse.,Science has sold this horse.,syntax,s-selection,animate_subject_trans,True,False,True,False,795,-30.115346908569336,-30.604843139648438,1
A lot of waitresses hadn't brought many snakes.,Most cups hadn't brought many snakes.,syntax,s-selection,animate_subject_trans,True,False,True,False,796,-72.85139465332031,-50.671592712402344,0
Andrea reveals these screens.,That screen reveals these screens.,syntax,s-selection,animate_subject_trans,True,False,True,False,797,-45.82081985473633,-45.18321228027344,0
Many drivers were discussing Russell.,The stairs were discussing Russell.,syntax,s-selection,animate_subject_trans,True,False,True,False,798,-39.21575164794922,-38.722190856933594,0
Kristen respects Vanessa.,This movie theater respects Vanessa.,syntax,s-selection,animate_subject_trans,True,False,True,False,799,-35.06010437011719,-48.32146453857422,1
Vincent remembers Adam.,A convertible remembers Adam.,syntax,s-selection,animate_subject_trans,True,False,True,False,800,-36.203094482421875,-37.389617919921875,1
Joel hugs Guy.,This cilantro hugs Guy.,syntax,s-selection,animate_subject_trans,True,False,True,False,801,-33.39905548095703,-47.861602783203125,1
Tara isn't hiding a bicycle.,A banana isn't hiding a bicycle.,syntax,s-selection,animate_subject_trans,True,False,True,False,802,-38.68351364135742,-40.340415954589844,1
Curtis did observe a doctor.,That candle did observe a doctor.,syntax,s-selection,animate_subject_trans,True,False,True,False,803,-46.911827087402344,-42.35938262939453,0
Timothy boycotted a lot of companies.,The picture boycotted a lot of companies.,syntax,s-selection,animate_subject_trans,True,False,True,False,804,-62.744537353515625,-58.90178680419922,0
Kathleen sells every face.,This car sells every face.,syntax,s-selection,animate_subject_trans,True,False,True,False,805,-47.29871368408203,-36.70649337768555,0
Actors can heal Travis.,Some glaciers can heal Travis.,syntax,s-selection,animate_subject_trans,True,False,True,False,806,-45.419761657714844,-46.14013671875,1
Sherry hasn't questioned Mark.,That lamp hasn't questioned Mark.,syntax,s-selection,animate_subject_trans,True,False,True,False,807,-44.34941101074219,-46.137428283691406,1
Benjamin had walked through all cafes.,Some ice cream had walked through all cafes.,syntax,s-selection,animate_subject_trans,True,False,True,False,808,-51.302101135253906,-55.517330169677734,1
Leslie disagrees with Monet.,The water disagrees with Monet.,syntax,s-selection,animate_subject_trans,True,False,True,False,809,-46.507896423339844,-46.189735412597656,0
A doctor passes these schools.,This cucumber passes these schools.,syntax,s-selection,animate_subject_trans,True,False,True,False,810,-38.64461898803711,-50.993995666503906,1
Beth investigates Joseph.,That essay investigates Joseph.,syntax,s-selection,animate_subject_trans,True,False,True,False,811,-37.23804473876953,-38.6032829284668,1
Meredith fired Mark.,Some bicycle fired Mark.,syntax,s-selection,animate_subject_trans,True,False,True,False,812,-36.58867263793945,-34.36661148071289,0
Allison talked to Kristin.,A mountain talked to Kristin.,syntax,s-selection,animate_subject_trans,True,False,True,False,813,-46.47010803222656,-45.51776885986328,0
The Lutherans praised Christopher.,Universities praised Christopher.,syntax,s-selection,animate_subject_trans,True,False,True,False,814,-46.47776412963867,-47.36174011230469,1
Caroline isn't approaching Nicole.,That documentary isn't approaching Nicole.,syntax,s-selection,animate_subject_trans,True,False,True,False,815,-43.987449645996094,-47.411827087402344,1
That lady hadn't discussed Rachel.,This painting hadn't discussed Rachel.,syntax,s-selection,animate_subject_trans,True,False,True,False,816,-44.58100509643555,-45.726810455322266,1
Donna insults Marla.,That dog insults Marla.,syntax,s-selection,animate_subject_trans,True,False,True,False,817,-43.07716751098633,-44.45676040649414,1
Heather forgot Gary.,Some convertible forgot Gary.,syntax,s-selection,animate_subject_trans,True,False,True,False,818,-36.95858383178711,-38.673892974853516,1
That actress was discovering the people.,The closet was discovering the people.,syntax,s-selection,animate_subject_trans,True,False,True,False,819,-39.805335998535156,-38.44975662231445,0
Many men aren't arriving at the bank.,Hospitals aren't arriving at the bank.,syntax,s-selection,animate_subject_trans,True,False,True,False,820,-45.088436126708984,-60.80111312866211,1
Bethany can discuss Nicole.,That hair can discuss Nicole.,syntax,s-selection,animate_subject_trans,True,False,True,False,821,-51.778656005859375,-38.602867126464844,0
Helen forgot some woman.,A turtle forgot some woman.,syntax,s-selection,animate_subject_trans,True,False,True,False,822,-32.31043243408203,-36.780879974365234,1
Jeffrey fixes these screens.,The art gallery fixes these screens.,syntax,s-selection,animate_subject_trans,True,False,True,False,823,-44.16561508178711,-54.97874069213867,1
Spain knows Eva.,Every pie knows Eva.,syntax,s-selection,animate_subject_trans,True,False,True,False,824,-23.532512664794922,-33.9210090637207,1
Every man had cured all teachers.,This skateboard had cured all teachers.,syntax,s-selection,animate_subject_trans,True,False,True,False,825,-41.01091766357422,-56.063663482666016,1
Tanya has thought about Wayne.,A mirror has thought about Wayne.,syntax,s-selection,animate_subject_trans,True,False,True,False,826,-42.366729736328125,-42.631752014160156,1
Regina could walk through that river.,That eye could walk through that river.,syntax,s-selection,animate_subject_trans,True,False,True,False,827,-41.58988571166992,-44.262062072753906,1
Nancy helps Brett.,The university helps Brett.,syntax,s-selection,animate_subject_trans,True,False,True,False,828,-33.77973937988281,-34.674049377441406,1
Keith will cure Danielle.,Music will cure Danielle.,syntax,s-selection,animate_subject_trans,True,False,True,False,829,-31.501054763793945,-31.49696159362793,0
Keith wouldn't hate Jerry.,Some commentary wouldn't hate Jerry.,syntax,s-selection,animate_subject_trans,True,False,True,False,830,-29.54694366455078,-44.25149154663086,1
Melanie hasn't complained about Marcus.,The screen hasn't complained about Marcus.,syntax,s-selection,animate_subject_trans,True,False,True,False,831,-52.43305969238281,-50.61152267456055,0
Angela boycotted the public parks.,That mirror boycotted the public parks.,syntax,s-selection,animate_subject_trans,True,False,True,False,832,-63.95381164550781,-63.253108978271484,0
Anne could go to many college campuses.,Some mushroom could go to many college campuses.,syntax,s-selection,animate_subject_trans,True,False,True,False,833,-47.06578826904297,-59.011070251464844,1
George talked about Jesus.,Some bank talked about Jesus.,syntax,s-selection,animate_subject_trans,True,False,True,False,834,-25.882312774658203,-36.57050704956055,1
Debra boasts about Paul.,That mouth boasts about Paul.,syntax,s-selection,animate_subject_trans,True,False,True,False,835,-40.00988006591797,-42.43491744995117,1
Gerald sounds like Andrea.,Every nose sounds like Andrea.,syntax,s-selection,animate_subject_trans,True,False,True,False,836,-42.04668426513672,-40.246002197265625,0
Monica talked to Adam.,A snake talked to Adam.,syntax,s-selection,animate_subject_trans,True,False,True,False,837,-33.5457649230957,-35.59489440917969,1
Cindy couldn't scan a story.,This newspaper article couldn't scan a story.,syntax,s-selection,animate_subject_trans,True,False,True,False,838,-48.99530792236328,-60.12315368652344,1
Anna buys many rabbits.,This candle buys many rabbits.,syntax,s-selection,animate_subject_trans,True,False,True,False,839,-31.142364501953125,-42.65509033203125,1
Sabrina isn't helping a lot of drivers.,That broccoli isn't helping a lot of drivers.,syntax,s-selection,animate_subject_trans,True,False,True,False,840,-50.66197204589844,-51.0608024597168,1
Every teacher talks about that documentary.,This college campus talks about that documentary.,syntax,s-selection,animate_subject_trans,True,False,True,False,841,-43.44116973876953,-56.36015319824219,1
Patricia hasn't returned to Charles.,A restaurant hasn't returned to Charles.,syntax,s-selection,animate_subject_trans,True,False,True,False,842,-49.24603271484375,-45.979427337646484,0
Patricia wasn't curing Ellen.,A story wasn't curing Ellen.,syntax,s-selection,animate_subject_trans,True,False,True,False,843,-51.355751037597656,-45.96150207519531,0
Derek ascends every hill.,Every projector ascends every hill.,syntax,s-selection,animate_subject_trans,True,False,True,False,844,-50.679603576660156,-53.23915100097656,1
Valerie sells the pasta.,That bicycle sells the pasta.,syntax,s-selection,animate_subject_trans,True,False,True,False,845,-39.506492614746094,-41.05104064941406,1
Jodi had cared for Michael.,Some broccoli had cared for Michael.,syntax,s-selection,animate_subject_trans,True,False,True,False,846,-42.14849853515625,-42.209049224853516,1
Chad has hugged Marie.,This glove has hugged Marie.,syntax,s-selection,animate_subject_trans,True,False,True,False,847,-39.36497497558594,-42.830806732177734,1
Natalie is listening to Dan.,This apple is listening to Dan.,syntax,s-selection,animate_subject_trans,True,False,True,False,848,-38.335533142089844,-35.43329620361328,0
This guest isn't hugging Homer.,The organization isn't hugging Homer.,syntax,s-selection,animate_subject_trans,True,False,True,False,849,-45.15175247192383,-44.762908935546875,0
Homer isn't noticing Larry.,A spotlight isn't noticing Larry.,syntax,s-selection,animate_subject_trans,True,False,True,False,850,-43.33210372924805,-47.025474548339844,1
Vincent runs around a lot of cafes.,This story runs around a lot of cafes.,syntax,s-selection,animate_subject_trans,True,False,True,False,851,-50.51599884033203,-47.749698638916016,0
Tiffany fired Lissa.,Every car fired Lissa.,syntax,s-selection,animate_subject_trans,True,False,True,False,852,-49.66496276855469,-41.506134033203125,0
Eric messes up this shirt.,That restaurant messes up this shirt.,syntax,s-selection,animate_subject_trans,True,False,True,False,853,-41.257869720458984,-50.75792694091797,1
Bruce has returned to Naomi.,The movie has returned to Naomi.,syntax,s-selection,animate_subject_trans,True,False,True,False,854,-30.555736541748047,-37.81237030029297,1
Larry observes Scott.,That photograph observes Scott.,syntax,s-selection,animate_subject_trans,True,False,True,False,855,-27.065887451171875,-39.36652374267578,1
This girl might listen to Katherine.,A drawing might listen to Katherine.,syntax,s-selection,animate_subject_trans,True,False,True,False,856,-39.272682189941406,-43.02861785888672,1
The teachers don't help Sally.,Some associations don't help Sally.,syntax,s-selection,animate_subject_trans,True,False,True,False,857,-37.48667907714844,-41.41315460205078,1
Bruce knows Marla.,The horse knows Marla.,syntax,s-selection,animate_subject_trans,True,False,True,False,858,-29.776226043701172,-38.54402160644531,1
Donald is noticing Aaron.,This art gallery is noticing Aaron.,syntax,s-selection,animate_subject_trans,True,False,True,False,859,-29.710159301757812,-52.1533203125,1
Janet was hiring the actor.,A dish was hiring the actor.,syntax,s-selection,animate_subject_trans,True,False,True,False,860,-41.13291931152344,-42.869346618652344,1
Jane hadn't examined some movies.,Travel hadn't examined some movies.,syntax,s-selection,animate_subject_trans,True,False,True,False,861,-39.348236083984375,-41.69556427001953,1
Sheila hadn't messed up every library.,The shirt hadn't messed up every library.,syntax,s-selection,animate_subject_trans,True,False,True,False,862,-51.47478485107422,-52.19774627685547,1
Becca isn't cleaning these newspaper articles.,That story isn't cleaning these newspaper articles.,syntax,s-selection,animate_subject_trans,True,False,True,False,863,-61.623695373535156,-58.038238525390625,0
Cindy wasn't talking to Denise.,Every vase wasn't talking to Denise.,syntax,s-selection,animate_subject_trans,True,False,True,False,864,-48.90870666503906,-52.98247146606445,1
Florence isn't firing Tamara.,This university isn't firing Tamara.,syntax,s-selection,animate_subject_trans,True,False,True,False,865,-59.47639465332031,-52.90412139892578,0
Spain hired a lot of dancers.,Every cake hired a lot of dancers.,syntax,s-selection,animate_subject_trans,True,False,True,False,866,-33.683876037597656,-44.29475402832031,1
Carl hasn't sounded like all men.,The box hasn't sounded like all men.,syntax,s-selection,animate_subject_trans,True,False,True,False,867,-40.32406997680664,-48.62571716308594,1
Julie observes Lori.,That gate observes Lori.,syntax,s-selection,animate_subject_trans,True,False,True,False,868,-34.52555847167969,-41.47690200805664,1
Heidi arrives at a lake.,The water arrives at a lake.,syntax,s-selection,animate_subject_trans,True,False,True,False,869,-39.978736877441406,-37.15363311767578,0
Donna flees from some hills.,That print flees from some hills.,syntax,s-selection,animate_subject_trans,True,False,True,False,870,-46.51438522338867,-51.805641174316406,1
Debra hasn't examined that newspaper article.,This snake hasn't examined that newspaper article.,syntax,s-selection,animate_subject_trans,True,False,True,False,871,-58.139671325683594,-58.370506286621094,1
Dan can praise Carl.,This ice cream can praise Carl.,syntax,s-selection,animate_subject_trans,True,False,True,False,872,-30.77570343017578,-45.767662048339844,1
Cheryl shouldn't help Stacey.,Every restaurant shouldn't help Stacey.,syntax,s-selection,animate_subject_trans,True,False,True,False,873,-57.48243713378906,-50.580169677734375,0
The woman is exiting that high school.,Every face is exiting that high school.,syntax,s-selection,animate_subject_trans,True,False,True,False,874,-46.82987976074219,-46.9225959777832,1
This actor hasn't cured those students.,A commentary hasn't cured those students.,syntax,s-selection,animate_subject_trans,True,False,True,False,875,-52.147159576416016,-54.280799865722656,1
Naomi could dislike Cheryl.,A glacier could dislike Cheryl.,syntax,s-selection,animate_subject_trans,True,False,True,False,876,-45.78662872314453,-48.511173248291016,1
That pedestrian hadn't questioned Emily.,A spotlight hadn't questioned Emily.,syntax,s-selection,animate_subject_trans,True,False,True,False,877,-50.75959396362305,-49.60250473022461,0
Carla references some cashier.,The closet references some cashier.,syntax,s-selection,animate_subject_trans,True,False,True,False,878,-50.14345169067383,-51.524017333984375,1
This government wouldn't talk about Jerry.,The apple wouldn't talk about Jerry.,syntax,s-selection,animate_subject_trans,True,False,True,False,879,-41.3350944519043,-39.675601959228516,0
All waiters weren't cleaning some eye.,Many couches weren't cleaning some eye.,syntax,s-selection,animate_subject_trans,True,False,True,False,880,-53.674278259277344,-56.91938781738281,1
All adults fled from those grocery stores.,These books fled from those grocery stores.,syntax,s-selection,animate_subject_trans,True,False,True,False,881,-56.50041961669922,-54.99352264404297,0
Kendra should wear some blouse.,A wheelbarrow should wear some blouse.,syntax,s-selection,animate_subject_trans,True,False,True,False,882,-51.479820251464844,-67.35682678222656,1
Angela skates around some cafe.,Some computer skates around some cafe.,syntax,s-selection,animate_subject_trans,True,False,True,False,883,-54.797630310058594,-52.87478256225586,0
Cynthia respects Jeffrey.,That couch respects Jeffrey.,syntax,s-selection,animate_subject_trans,True,False,True,False,884,-51.640052795410156,-39.73541259765625,0
William talks about the grocery stores.,That school talks about the grocery stores.,syntax,s-selection,animate_subject_trans,True,False,True,False,885,-38.2070198059082,-45.72445297241211,1
Peter wasn't curing drivers.,A drawing wasn't curing drivers.,syntax,s-selection,animate_subject_trans,True,False,True,False,886,-36.548988342285156,-48.363563537597656,1
A teenager heals Bethany.,A glove heals Bethany.,syntax,s-selection,animate_subject_trans,True,False,True,False,887,-52.221649169921875,-50.685768127441406,0
Vincent respected Mary.,A light respected Mary.,syntax,s-selection,animate_subject_trans,True,False,True,False,888,-36.79454040527344,-34.33396911621094,0
Stacy observed James.,That bicycle observed James.,syntax,s-selection,animate_subject_trans,True,False,True,False,889,-32.88332748413086,-35.333377838134766,1
The actresses cleaned the schools.,These cars cleaned the schools.,syntax,s-selection,animate_subject_trans,True,False,True,False,890,-37.80188751220703,-37.094566345214844,0
A lot of pedestrians haven't boycotted the public park.,Many college campuses haven't boycotted the public park.,syntax,s-selection,animate_subject_trans,True,False,True,False,891,-85.04046630859375,-86.13363647460938,1
Benjamin kissed Alicia.,Some painting kissed Alicia.,syntax,s-selection,animate_subject_trans,True,False,True,False,892,-38.64387130737305,-37.1342887878418,0
Carlos has observed Clyde.,The pepper has observed Clyde.,syntax,s-selection,animate_subject_trans,True,False,True,False,893,-38.37307357788086,-40.9561653137207,1
Tracy kisses Deanna.,This cafe kisses Deanna.,syntax,s-selection,animate_subject_trans,True,False,True,False,894,-41.88963317871094,-44.08460235595703,1
Irene hugged Grace.,Some sock hugged Grace.,syntax,s-selection,animate_subject_trans,True,False,True,False,895,-38.229209899902344,-35.91802215576172,0
Many actresses can't dislike every woman.,Most high schools can't dislike every woman.,syntax,s-selection,animate_subject_trans,True,False,True,False,896,-50.2615852355957,-53.206336975097656,1
Some actor won't describe Karen.,Some movie theater won't describe Karen.,syntax,s-selection,animate_subject_trans,True,False,True,False,897,-43.53423309326172,-52.841209411621094,1
Samantha would remember Alan.,The casserole would remember Alan.,syntax,s-selection,animate_subject_trans,True,False,True,False,898,-47.58614730834961,-54.507774353027344,1
Stacey was cleaning these cars.,Some spotlight was cleaning these cars.,syntax,s-selection,animate_subject_trans,True,False,True,False,899,-43.1632080078125,-44.70161437988281,1
Danielle hasn't cleaned these candles.,The horse hasn't cleaned these candles.,syntax,s-selection,animate_subject_trans,True,False,True,False,900,-49.01793670654297,-49.29091262817383,1
Allison concealed Matt.,Water concealed Matt.,syntax,s-selection,animate_subject_trans,True,False,True,False,901,-37.321895599365234,-26.22088623046875,0
The legislature wasn't concealing Samantha.,This glove wasn't concealing Samantha.,syntax,s-selection,animate_subject_trans,True,False,True,False,902,-57.363868713378906,-57.12268829345703,0
Edward had hated a patient.,Every movie had hated a patient.,syntax,s-selection,animate_subject_trans,True,False,True,False,903,-29.01193618774414,-41.05767059326172,1
Carl hadn't approached Lucille.,An eggplant hadn't approached Lucille.,syntax,s-selection,animate_subject_trans,True,False,True,False,904,-43.12110900878906,-66.84994506835938,1
Deborah won't care for Roger.,Every library won't care for Roger.,syntax,s-selection,animate_subject_trans,True,False,True,False,905,-43.00614929199219,-39.89874267578125,0
People hadn't escaped from Erin.,Most chairs hadn't escaped from Erin.,syntax,s-selection,animate_subject_trans,True,False,True,False,906,-36.921302795410156,-50.704830169677734,1
Naomi could work with that teacher.,That fish could work with that teacher.,syntax,s-selection,animate_subject_trans,True,False,True,False,907,-42.425621032714844,-40.21116256713867,0
All children can't sell a lot of computers.,A lot of cars can't sell a lot of computers.,syntax,s-selection,animate_subject_trans,True,False,True,False,908,-43.923583984375,-53.02418518066406,1
Most customers forgot Michelle.,Many paintings forgot Michelle.,syntax,s-selection,animate_subject_trans,True,False,True,False,909,-36.6668586730957,-36.47200012207031,0
Todd talks to Rachel.,Some university talks to Rachel.,syntax,s-selection,animate_subject_trans,True,False,True,False,910,-24.290712356567383,-36.347938537597656,1
David talks to Nicole.,That library talks to Nicole.,syntax,s-selection,animate_subject_trans,True,False,True,False,911,-23.47020721435547,-35.569190979003906,1
People concealed a lot of essays.,These unicycles concealed a lot of essays.,syntax,s-selection,animate_subject_trans,True,False,True,False,912,-35.35179138183594,-67.03598022460938,1
Amelia admires Curtis.,Some skirt admires Curtis.,syntax,s-selection,animate_subject_trans,True,False,True,False,913,-45.84356689453125,-46.401397705078125,1
Bradley does clean this sketch.,This shoe does clean this sketch.,syntax,s-selection,animate_subject_trans,True,False,True,False,914,-44.797855377197266,-46.09347915649414,1
Most actresses didn't boycott the Clintons.,Many high schools didn't boycott the Clintons.,syntax,s-selection,animate_subject_trans,True,False,True,False,915,-58.858619689941406,-60.768287658691406,1
This teacher is fleeing from Jill.,Science is fleeing from Jill.,syntax,s-selection,animate_subject_trans,True,False,True,False,916,-43.69383239746094,-34.29500198364258,0
Every dancer wasn't going to some river.,A book wasn't going to some river.,syntax,s-selection,animate_subject_trans,True,False,True,False,917,-45.135902404785156,-42.001243591308594,0
Heather hadn't forgotten those newspaper articles.,A projector hadn't forgotten those newspaper articles.,syntax,s-selection,animate_subject_trans,True,False,True,False,918,-59.84062576293945,-63.23432922363281,1
April isn't going to a closet.,The ice cream isn't going to a closet.,syntax,s-selection,animate_subject_trans,True,False,True,False,919,-32.32049560546875,-46.186973571777344,1
Mitchell is appreciating Daniel.,The spotlight is appreciating Daniel.,syntax,s-selection,animate_subject_trans,True,False,True,False,920,-50.73052978515625,-49.63206481933594,0
Brian has boycotted the Clintons.,That book has boycotted the Clintons.,syntax,s-selection,animate_subject_trans,True,False,True,False,921,-55.470333099365234,-62.59122085571289,1
Daniel kissed Kendra.,Science kissed Kendra.,syntax,s-selection,animate_subject_trans,True,False,True,False,922,-35.34562301635742,-36.747772216796875,1
Alan might love Veronica.,The unicycle might love Veronica.,syntax,s-selection,animate_subject_trans,True,False,True,False,923,-30.24468231201172,-52.08951950073242,1
This girl hires teachers.,The cucumber hires teachers.,syntax,s-selection,animate_subject_trans,True,False,True,False,924,-35.976646423339844,-46.2046012878418,1
Winston Churchill descends some steps.,A shoe descends some steps.,syntax,s-selection,animate_subject_trans,True,False,True,False,925,-62.691917419433594,-50.870819091796875,0
Phillip passes every high school.,That drawing passes every high school.,syntax,s-selection,animate_subject_trans,True,False,True,False,926,-41.79018020629883,-43.905677795410156,1
Randolf isn't arguing about some actors.,This hospital isn't arguing about some actors.,syntax,s-selection,animate_subject_trans,True,False,True,False,927,-53.72740173339844,-50.33036804199219,0
Kirsten fixes the vases.,This rug fixes the vases.,syntax,s-selection,animate_subject_trans,True,False,True,False,928,-52.1407470703125,-48.318023681640625,0
Sherry isn't researching those pictures.,This pie isn't researching those pictures.,syntax,s-selection,animate_subject_trans,True,False,True,False,929,-50.33148193359375,-47.69468688964844,0
Rhonda hid Katherine.,The ladder hid Katherine.,syntax,s-selection,animate_subject_trans,True,False,True,False,930,-37.030723571777344,-36.4598388671875,0
Homer isn't watching Dana.,The picture isn't watching Dana.,syntax,s-selection,animate_subject_trans,True,False,True,False,931,-42.5262565612793,-41.44639587402344,0
Some girl wasn't helping Theodore.,That organization wasn't helping Theodore.,syntax,s-selection,animate_subject_trans,True,False,True,False,932,-40.179649353027344,-44.72918701171875,1
Jessica escapes from Eva.,This tomato escapes from Eva.,syntax,s-selection,animate_subject_trans,True,False,True,False,933,-30.24911880493164,-43.10919189453125,1
Melinda hasn't driven to that movie theater.,Art hasn't driven to that movie theater.,syntax,s-selection,animate_subject_trans,True,False,True,False,934,-61.598358154296875,-53.48455047607422,0
Sherry did return to Steve.,The door did return to Steve.,syntax,s-selection,animate_subject_trans,True,False,True,False,935,-43.28927993774414,-39.04075622558594,0
Some drivers should tour these museums.,Most rugs should tour these museums.,syntax,s-selection,animate_subject_trans,True,False,True,False,936,-51.8573112487793,-60.11410903930664,1
James hasn't worked with Amanda.,Every mushroom hasn't worked with Amanda.,syntax,s-selection,animate_subject_trans,True,False,True,False,937,-34.63060760498047,-48.162235260009766,1
Lisa approaches Monica.,That screen approaches Monica.,syntax,s-selection,animate_subject_trans,True,False,True,False,938,-26.81741714477539,-36.95802307128906,1
Curtis investigates Michelle.,That glacier investigates Michelle.,syntax,s-selection,animate_subject_trans,True,False,True,False,939,-40.72743225097656,-40.79385757446289,1
Douglas attacked Phillip.,The hair attacked Phillip.,syntax,s-selection,animate_subject_trans,True,False,True,False,940,-37.82526397705078,-35.91985321044922,0
Some waiter remembers Ruth.,Every fork remembers Ruth.,syntax,s-selection,animate_subject_trans,True,False,True,False,941,-37.241207122802734,-37.28694152832031,1
Laura isn't hugging Judy.,That eggplant isn't hugging Judy.,syntax,s-selection,animate_subject_trans,True,False,True,False,942,-33.736289978027344,-56.41273498535156,1
Theodore messes up some plates.,This car messes up some plates.,syntax,s-selection,animate_subject_trans,True,False,True,False,943,-54.6705436706543,-48.53779220581055,0
Todd broke the window.,Some skirt broke the window.,syntax,s-selection,animate_subject_trans,True,False,True,False,944,-18.23256492614746,-31.457271575927734,1
Walter is questioning Dawn.,Some company is questioning Dawn.,syntax,s-selection,animate_subject_trans,True,False,True,False,945,-37.4381103515625,-38.497657775878906,1
Jason boycotted most art galleries.,Some spotlight boycotted most art galleries.,syntax,s-selection,animate_subject_trans,True,False,True,False,946,-61.363121032714844,-72.2460708618164,1
Craig will drive to this hospital.,A photograph will drive to this hospital.,syntax,s-selection,animate_subject_trans,True,False,True,False,947,-32.598114013671875,-43.304927825927734,1
Cindy insulted Sarah.,Some cilantro insulted Sarah.,syntax,s-selection,animate_subject_trans,True,False,True,False,948,-39.59233093261719,-46.94402313232422,1
Benjamin should lift many malls.,That rug should lift many malls.,syntax,s-selection,animate_subject_trans,True,False,True,False,949,-51.818790435791016,-51.88628005981445,1
William escaped from all dancers.,Some cilantro escaped from all dancers.,syntax,s-selection,animate_subject_trans,True,False,True,False,950,-34.38933563232422,-55.367454528808594,1
Nancy has kissed Craig.,The library has kissed Craig.,syntax,s-selection,animate_subject_trans,True,False,True,False,951,-39.56227111816406,-37.62812042236328,0
Donald does arrive at this museum.,This library does arrive at this museum.,syntax,s-selection,animate_subject_trans,True,False,True,False,952,-38.87991714477539,-47.589019775390625,1
Susan hadn't cared for Christina.,Spain hadn't cared for Christina.,syntax,s-selection,animate_subject_trans,True,False,True,False,953,-40.305946350097656,-39.421356201171875,0
Keith thought about Laurie.,Art thought about Laurie.,syntax,s-selection,animate_subject_trans,True,False,True,False,954,-27.107961654663086,-28.907917022705078,1
Wendy sounds like most glaciers.,A coat sounds like most glaciers.,syntax,s-selection,animate_subject_trans,True,False,True,False,955,-48.86020278930664,-46.71086502075195,0
Grace wasn't walking through public parks.,That computer wasn't walking through public parks.,syntax,s-selection,animate_subject_trans,True,False,True,False,956,-54.19404220581055,-57.03801727294922,1
Noah respected Rodney.,A screen respected Rodney.,syntax,s-selection,animate_subject_trans,True,False,True,False,957,-37.07710266113281,-38.0195198059082,1
Rebecca does visit Susan.,The pie does visit Susan.,syntax,s-selection,animate_subject_trans,True,False,True,False,958,-41.4206657409668,-40.844688415527344,0
Carmen heals Brett.,That rug heals Brett.,syntax,s-selection,animate_subject_trans,True,False,True,False,959,-43.89396667480469,-42.31597900390625,0
Monica isn't praising Monet.,Every painting isn't praising Monet.,syntax,s-selection,animate_subject_trans,True,False,True,False,960,-50.627830505371094,-51.54786682128906,1
Nina hasn't observed Paula.,Politics hasn't observed Paula.,syntax,s-selection,animate_subject_trans,True,False,True,False,961,-41.98766326904297,-37.4168586730957,0
Beverly is talking about Erin.,The mushroom is talking about Erin.,syntax,s-selection,animate_subject_trans,True,False,True,False,962,-43.99430847167969,-38.22899627685547,0
Those children have forgotten Michael.,The movies have forgotten Michael.,syntax,s-selection,animate_subject_trans,True,False,True,False,963,-34.84675598144531,-38.16615295410156,1
The company shouldn't dislike Valerie.,Some shirt shouldn't dislike Valerie.,syntax,s-selection,animate_subject_trans,True,False,True,False,964,-50.83134460449219,-49.9373893737793,0
Theodore was praising Andrea.,That rug was praising Andrea.,syntax,s-selection,animate_subject_trans,True,False,True,False,965,-44.65618896484375,-45.2677116394043,1
Sherry has sold a river.,The rug has sold a river.,syntax,s-selection,animate_subject_trans,True,False,True,False,966,-39.23942565917969,-37.11017608642578,0
Heather hates Todd.,Every movie hates Todd.,syntax,s-selection,animate_subject_trans,True,False,True,False,967,-36.12937545776367,-34.554725646972656,0
Julia explored those museums.,Some restaurant explored those museums.,syntax,s-selection,animate_subject_trans,True,False,True,False,968,-40.055564880371094,-43.081626892089844,1
Meredith flees from Carolyn.,That hamster flees from Carolyn.,syntax,s-selection,animate_subject_trans,True,False,True,False,969,-49.5500373840332,-54.99249267578125,1
Barbara hadn't remembered Carlos.,The water hadn't remembered Carlos.,syntax,s-selection,animate_subject_trans,True,False,True,False,970,-45.353553771972656,-43.64147186279297,0
Samantha hates Valerie.,A mushroom hates Valerie.,syntax,s-selection,animate_subject_trans,True,False,True,False,971,-46.266544342041016,-38.71284103393555,0
Children could know Samuel.,Those shirts could know Samuel.,syntax,s-selection,animate_subject_trans,True,False,True,False,972,-26.82175064086914,-39.69306182861328,1
Every boy isn't watching Janice.,Every association isn't watching Janice.,syntax,s-selection,animate_subject_trans,True,False,True,False,973,-45.897579193115234,-51.762596130371094,1
A lot of children don't pass this mall.,A lot of organizations don't pass this mall.,syntax,s-selection,animate_subject_trans,True,False,True,False,974,-50.85683059692383,-55.2927360534668,1
Karla is concealing that customer.,That pork is concealing that customer.,syntax,s-selection,animate_subject_trans,True,False,True,False,975,-55.639862060546875,-56.00902557373047,1
Bethany couldn't discover the rabbit.,The face couldn't discover the rabbit.,syntax,s-selection,animate_subject_trans,True,False,True,False,976,-57.14875793457031,-42.60236740112305,0
Sonia hasn't discovered Denise.,A glacier hasn't discovered Denise.,syntax,s-selection,animate_subject_trans,True,False,True,False,977,-45.676326751708984,-50.254112243652344,1
William observed Christina.,A story observed Christina.,syntax,s-selection,animate_subject_trans,True,False,True,False,978,-26.95632553100586,-35.06840515136719,1
Samuel was questioning Alan.,Every spotlight was questioning Alan.,syntax,s-selection,animate_subject_trans,True,False,True,False,979,-40.46099090576172,-43.091644287109375,1
The libraries weren't referencing Bethany.,Those steps weren't referencing Bethany.,syntax,s-selection,animate_subject_trans,True,False,True,False,980,-63.074031829833984,-59.781227111816406,0
Edward hadn't discussed Jeffrey.,A bike hadn't discussed Jeffrey.,syntax,s-selection,animate_subject_trans,True,False,True,False,981,-38.80332946777344,-49.01087951660156,1
Cheryl has questioned Beth.,Every blouse has questioned Beth.,syntax,s-selection,animate_subject_trans,True,False,True,False,982,-51.22460174560547,-47.989349365234375,0
Mitchell couldn't investigate Jennifer.,The snake couldn't investigate Jennifer.,syntax,s-selection,animate_subject_trans,True,False,True,False,983,-47.796085357666016,-45.49866485595703,0
A lot of patients couldn't approach Roger.,All shoes couldn't approach Roger.,syntax,s-selection,animate_subject_trans,True,False,True,False,984,-53.50470733642578,-44.29767990112305,0
The teenager was returning to patients.,Every glacier was returning to patients.,syntax,s-selection,animate_subject_trans,True,False,True,False,985,-40.605918884277344,-41.69451141357422,1
Anna described the closets.,The fish described the closets.,syntax,s-selection,animate_subject_trans,True,False,True,False,986,-33.73817443847656,-41.55297088623047,1
Vincent wasn't walking through the restaurant.,A school wasn't walking through the restaurant.,syntax,s-selection,animate_subject_trans,True,False,True,False,987,-49.107948303222656,-44.959964752197266,0
Douglas should complain about Craig.,That water should complain about Craig.,syntax,s-selection,animate_subject_trans,True,False,True,False,988,-49.11137390136719,-45.75465774536133,0
This student hired Deanna.,Every report hired Deanna.,syntax,s-selection,animate_subject_trans,True,False,True,False,989,-42.640113830566406,-42.11383819580078,0
Every pedestrian hasn't revealed a pepper.,Every chair hasn't revealed a pepper.,syntax,s-selection,animate_subject_trans,True,False,True,False,990,-52.80772399902344,-46.76149368286133,0
Deanna couldn't watch Jennifer.,Some light couldn't watch Jennifer.,syntax,s-selection,animate_subject_trans,True,False,True,False,991,-41.97145080566406,-42.482826232910156,1
These actors should boast about Keith.,Many hills should boast about Keith.,syntax,s-selection,animate_subject_trans,True,False,True,False,992,-49.93402862548828,-48.53236389160156,0
Tara loves the report.,Some lake loves the report.,syntax,s-selection,animate_subject_trans,True,False,True,False,993,-32.27195739746094,-34.322566986083984,1
Robert attacked some driver.,Every print attacked some driver.,syntax,s-selection,animate_subject_trans,True,False,True,False,994,-26.98237419128418,-39.576133728027344,1
Gregory climbs down a ladder.,Some pork climbs down a ladder.,syntax,s-selection,animate_subject_trans,True,False,True,False,995,-38.555030822753906,-41.34465789794922,1
That actress won't discuss Nina.,This glove won't discuss Nina.,syntax,s-selection,animate_subject_trans,True,False,True,False,996,-45.24992370605469,-43.68363952636719,0
Sally walked through those glaciers.,That candle walked through those glaciers.,syntax,s-selection,animate_subject_trans,True,False,True,False,997,-45.01569747924805,-46.67523193359375,1
Dana had worn many socks.,A projector had worn many socks.,syntax,s-selection,animate_subject_trans,True,False,True,False,998,-42.636558532714844,-46.68397521972656,1
Lisa wasn't going to that high school.,This candle wasn't going to that high school.,syntax,s-selection,animate_subject_trans,True,False,True,False,999,-36.58720397949219,-48.267250061035156,1
