sentence_good,sentence_bad,field,linguistics_term,UID,simple_LM_method,one_prefix_method,two_prefix_method,lexically_identical,pair_id,good_prob,bad_prob,correct
Irene had messed up whose rug?,Whose had Irene messed up rug?,syntax,island_effects,left_branch_island_echo_question,True,False,True,True,0,-62.46512985229492,-64.74172973632812,1
Edward has returned to which customers?,Which has Edward returned to customers?,syntax,island_effects,left_branch_island_echo_question,True,False,True,True,1,-40.51679229736328,-47.283843994140625,1
Holly is taking which blouse?,Which is Holly taking blouse?,syntax,island_effects,left_branch_island_echo_question,True,False,True,True,2,-49.63212585449219,-45.799110412597656,0
All women had known what teachers?,What had all women known teachers?,syntax,island_effects,left_branch_island_echo_question,True,False,True,True,3,-42.929290771484375,-41.322593688964844,0
That truck will hurt which senator?,Which will that truck hurt senator?,syntax,island_effects,left_branch_island_echo_question,True,False,True,True,4,-53.7557258605957,-55.06047821044922,1
Helen did drive to whose glacier?,Whose did Helen drive to glacier?,syntax,island_effects,left_branch_island_echo_question,True,False,True,True,5,-59.03474044799805,-61.117042541503906,1
Some documentary has disagreed with what commentaries?,What has some documentary disagreed with commentaries?,syntax,island_effects,left_branch_island_echo_question,True,False,True,True,6,-52.72856521606445,-54.869056701660156,1
Cheryl is selling what malls?,What is Cheryl selling malls?,syntax,island_effects,left_branch_island_echo_question,True,False,True,True,7,-61.44786071777344,-44.32622146606445,0
David would cure what snake?,What would David cure snake?,syntax,island_effects,left_branch_island_echo_question,True,False,True,True,8,-42.21388244628906,-45.31121826171875,1
Theresa did scare which men?,Which did Theresa scare men?,syntax,island_effects,left_branch_island_echo_question,True,False,True,True,9,-54.2337532043457,-42.66134262084961,0
Some chairs should embarrass what guys?,What should some chairs embarrass guys?,syntax,island_effects,left_branch_island_echo_question,True,False,True,True,10,-52.68437194824219,-53.01465606689453,1
This committee can shock which student?,Which can this committee shock student?,syntax,island_effects,left_branch_island_echo_question,True,False,True,True,11,-57.06006622314453,-54.388240814208984,0
Jane can discover whose dogs?,Whose can Jane discover dogs?,syntax,island_effects,left_branch_island_echo_question,True,False,True,True,12,-39.07118225097656,-54.16071701049805,1
Julia is boycotting what mountain?,What is Julia boycotting mountain?,syntax,island_effects,left_branch_island_echo_question,True,False,True,True,13,-43.3636589050293,-49.18841552734375,1
Carla had argued about what series?,What had Carla argued about series?,syntax,island_effects,left_branch_island_echo_question,True,False,True,True,14,-54.94097900390625,-58.80863952636719,1
Amanda was investigating whose hospitals?,Whose was Amanda investigating hospitals?,syntax,island_effects,left_branch_island_echo_question,True,False,True,True,15,-49.70423126220703,-61.82024002075195,1
All actresses are exploring which college campus?,Which are all actresses exploring college campus?,syntax,island_effects,left_branch_island_echo_question,True,False,True,True,16,-58.49750900268555,-51.3349723815918,0
Most schools have looked like what drawings?,What have most schools looked like drawings?,syntax,island_effects,left_branch_island_echo_question,True,False,True,True,17,-47.36785888671875,-54.0828857421875,1
April is talking about which movies?,Which is April talking about movies?,syntax,island_effects,left_branch_island_echo_question,True,False,True,True,18,-37.196529388427734,-39.674171447753906,1
Tara will fix whose skateboards?,Whose will Tara fix skateboards?,syntax,island_effects,left_branch_island_echo_question,True,False,True,True,19,-60.340126037597656,-63.04703140258789,1
Carla was lifting which pamphlet?,Which was Carla lifting pamphlet?,syntax,island_effects,left_branch_island_echo_question,True,False,True,True,20,-57.58396911621094,-54.38154602050781,0
A lot of hats do confuse whose committees?,Whose do a lot of hats confuse committees?,syntax,island_effects,left_branch_island_echo_question,True,False,True,True,21,-72.30754089355469,-69.16421508789062,0
Tina might boast about whose bases?,Whose might Tina boast about bases?,syntax,island_effects,left_branch_island_echo_question,True,False,True,True,22,-55.2623405456543,-69.06533813476562,1
A woman had concealed whose skateboards?,Whose had a woman concealed skateboards?,syntax,island_effects,left_branch_island_echo_question,True,False,True,True,23,-59.05371856689453,-59.82642364501953,1
Caroline has worried what people?,What has Caroline worried people?,syntax,island_effects,left_branch_island_echo_question,True,False,True,True,24,-43.05230712890625,-41.93475341796875,0
Galileo will sound like which woman?,Which will Galileo sound like woman?,syntax,island_effects,left_branch_island_echo_question,True,False,True,True,25,-57.02552032470703,-50.259613037109375,0
Those actresses will love which movies?,Which will those actresses love movies?,syntax,island_effects,left_branch_island_echo_question,True,False,True,True,26,-45.36150360107422,-42.08560562133789,0
Peter did run around whose museum?,Whose did Peter run around museum?,syntax,island_effects,left_branch_island_echo_question,True,False,True,True,27,-50.715694427490234,-60.53886032104492,1
Lucille was wearing which scarf?,Which was Lucille wearing scarf?,syntax,island_effects,left_branch_island_echo_question,True,False,True,True,28,-46.294368743896484,-49.1633415222168,1
Monet has aggravated what waitresses?,What has Monet aggravated waitresses?,syntax,island_effects,left_branch_island_echo_question,True,False,True,True,29,-60.03263854980469,-59.378910064697266,0
Most gloves might disturb what women?,What might most gloves disturb women?,syntax,island_effects,left_branch_island_echo_question,True,False,True,True,30,-50.92490768432617,-50.18559646606445,0
Kayla has attacked which patients?,Which has Kayla attacked patients?,syntax,island_effects,left_branch_island_echo_question,True,False,True,True,31,-50.995201110839844,-49.303585052490234,0
Spain had worked with what doctors?,What had Spain worked with doctors?,syntax,island_effects,left_branch_island_echo_question,True,False,True,True,32,-41.14790344238281,-46.93202590942383,1
Guy should explore which oasis?,Which should Guy explore oasis?,syntax,island_effects,left_branch_island_echo_question,True,False,True,True,33,-44.047584533691406,-47.356903076171875,1
The Lutherans do boast about what person?,What do the Lutherans boast about person?,syntax,island_effects,left_branch_island_echo_question,True,False,True,True,34,-56.011810302734375,-54.65852355957031,0
A waiter was thinking about which horses?,Which was a waiter thinking about horses?,syntax,island_effects,left_branch_island_echo_question,True,False,True,True,35,-53.6336669921875,-45.41121292114258,0
The Balkans could shock what doctors?,What could the Balkans shock doctors?,syntax,island_effects,left_branch_island_echo_question,True,False,True,True,36,-54.533531188964844,-52.28046798706055,0
Many children can annoy what children?,What can many children annoy children?,syntax,island_effects,left_branch_island_echo_question,True,False,True,True,37,-41.08235168457031,-39.44763946533203,0
Laurie might criticize what brochures?,What might Laurie criticize brochures?,syntax,island_effects,left_branch_island_echo_question,True,False,True,True,38,-58.43389892578125,-52.136817932128906,0
Denise had known what boy?,What had Denise known boy?,syntax,island_effects,left_branch_island_echo_question,True,False,True,True,39,-43.07962417602539,-44.30078887939453,1
Deanna has hidden which lamp?,Which has Deanna hidden lamp?,syntax,island_effects,left_branch_island_echo_question,True,False,True,True,40,-49.12031173706055,-54.460113525390625,1
Most cakes should upset what school?,What should most cakes upset school?,syntax,island_effects,left_branch_island_echo_question,True,False,True,True,41,-52.7507438659668,-55.684165954589844,1
A movie could disagree with which lady?,Which could a movie disagree with lady?,syntax,island_effects,left_branch_island_echo_question,True,False,True,True,42,-53.50183868408203,-49.75664520263672,0
This student had investigated which guest?,Which had this student investigated guest?,syntax,island_effects,left_branch_island_echo_question,True,False,True,True,43,-52.447715759277344,-54.50442886352539,1
Deborah would impress which senator?,Which would Deborah impress senator?,syntax,island_effects,left_branch_island_echo_question,True,False,True,True,44,-54.40874099731445,-52.05029296875,0
Todd was complaining about which guy?,Which was Todd complaining about guy?,syntax,island_effects,left_branch_island_echo_question,True,False,True,True,45,-37.1693000793457,-46.49795150756836,1
Curtis has dropped by whose mountains?,Whose has Curtis dropped by mountains?,syntax,island_effects,left_branch_island_echo_question,True,False,True,True,46,-62.062225341796875,-64.23551177978516,1
Bradley is hiding which lights?,Which is Bradley hiding lights?,syntax,island_effects,left_branch_island_echo_question,True,False,True,True,47,-45.932098388671875,-43.75352478027344,0
A lot of grocery stores could disgust what patients?,What could a lot of grocery stores disgust patients?,syntax,island_effects,left_branch_island_echo_question,True,False,True,True,48,-66.147705078125,-59.247806549072266,0
Those dancers can disagree with what newspaper article?,What can those dancers disagree with newspaper article?,syntax,island_effects,left_branch_island_echo_question,True,False,True,True,49,-58.25275421142578,-57.858612060546875,0
Lisa can love which dancers?,Which can Lisa love dancers?,syntax,island_effects,left_branch_island_echo_question,True,False,True,True,50,-39.857154846191406,-42.785484313964844,1
Catherine should hate which synopsis?,Which should Catherine hate synopsis?,syntax,island_effects,left_branch_island_echo_question,True,False,True,True,51,-55.795936584472656,-49.03970718383789,0
Richard was buying whose octopus?,Whose was Richard buying octopus?,syntax,island_effects,left_branch_island_echo_question,True,False,True,True,52,-47.539642333984375,-59.26068878173828,1
Julie is disturbing what cashiers?,What is Julie disturbing cashiers?,syntax,island_effects,left_branch_island_echo_question,True,False,True,True,53,-49.90966796875,-51.720062255859375,1
Every waiter was arriving at whose hill?,Whose was every waiter arriving at hill?,syntax,island_effects,left_branch_island_echo_question,True,False,True,True,54,-54.24739074707031,-66.19915008544922,1
Some bicycles were confusing which senator?,Which were some bicycles confusing senator?,syntax,island_effects,left_branch_island_echo_question,True,False,True,True,55,-58.06116485595703,-63.085880279541016,1
Debra was examining whose books?,Whose was Debra examining books?,syntax,island_effects,left_branch_island_echo_question,True,False,True,True,56,-49.60084533691406,-60.77952194213867,1
Brett has investigated which customer?,Which has Brett investigated customer?,syntax,island_effects,left_branch_island_echo_question,True,False,True,True,57,-56.261627197265625,-54.10855484008789,0
Victoria has cleaned what candles?,What has Victoria cleaned candles?,syntax,island_effects,left_branch_island_echo_question,True,False,True,True,58,-41.32581329345703,-45.48089599609375,1
Bill should dislike what pedestrians?,What should Bill dislike pedestrians?,syntax,island_effects,left_branch_island_echo_question,True,False,True,True,59,-43.46818161010742,-49.40299987792969,1
Marla has brought what lake?,What has Marla brought lake?,syntax,island_effects,left_branch_island_echo_question,True,False,True,True,60,-44.13483428955078,-49.12317657470703,1
Thomas does exit whose public park?,Whose does Thomas exit public park?,syntax,island_effects,left_branch_island_echo_question,True,False,True,True,61,-51.45225524902344,-59.862762451171875,1
Christine might observe which doctor?,Which might Christine observe doctor?,syntax,island_effects,left_branch_island_echo_question,True,False,True,True,62,-50.33787536621094,-53.35514831542969,1
Claire was visiting which doctor?,Which was Claire visiting doctor?,syntax,island_effects,left_branch_island_echo_question,True,False,True,True,63,-45.667884826660156,-46.86634063720703,1
Linda has thought about what mushrooms?,What has Linda thought about mushrooms?,syntax,island_effects,left_branch_island_echo_question,True,False,True,True,64,-46.31957244873047,-49.98720932006836,1
Tina can stun what men?,What can Tina stun men?,syntax,island_effects,left_branch_island_echo_question,True,False,True,True,65,-47.20294952392578,-41.43408966064453,0
Edward could kiss which actress?,Which could Edward kiss actress?,syntax,island_effects,left_branch_island_echo_question,True,False,True,True,66,-44.475318908691406,-46.402278900146484,1
Caroline is praising which alumnus?,Which is Caroline praising alumnus?,syntax,island_effects,left_branch_island_echo_question,True,False,True,True,67,-55.95603942871094,-48.49714660644531,0
Candice will run around which schools?,Which will Candice run around schools?,syntax,island_effects,left_branch_island_echo_question,True,False,True,True,68,-50.19281768798828,-55.22364807128906,1
Sabrina had dropped by what high schools?,What had Sabrina dropped by high schools?,syntax,island_effects,left_branch_island_echo_question,True,False,True,True,69,-58.55047607421875,-56.902427673339844,0
The museums are stunning whose universities?,Whose are the museums stunning universities?,syntax,island_effects,left_branch_island_echo_question,True,False,True,True,70,-52.01005172729492,-61.366180419921875,1
Some doctor is selling whose tomato?,Whose is some doctor selling tomato?,syntax,island_effects,left_branch_island_echo_question,True,False,True,True,71,-54.58107376098633,-58.925907135009766,1
Bradley is thinking about what box?,What is Bradley thinking about box?,syntax,island_effects,left_branch_island_echo_question,True,False,True,True,72,-41.75470733642578,-47.93217849731445,1
The books had worried what teacher?,What had the books worried teacher?,syntax,island_effects,left_branch_island_echo_question,True,False,True,True,73,-52.30658721923828,-44.96268081665039,0
Kenneth has attacked which alumni?,Which has Kenneth attacked alumni?,syntax,island_effects,left_branch_island_echo_question,True,False,True,True,74,-52.422508239746094,-49.173866271972656,0
A boy might run around whose oases?,Whose might a boy run around oases?,syntax,island_effects,left_branch_island_echo_question,True,False,True,True,75,-65.29061889648438,-66.84902954101562,1
Diane has worn whose shawls?,Whose has Diane worn shawls?,syntax,island_effects,left_branch_island_echo_question,True,False,True,True,76,-58.049560546875,-67.57954406738281,1
Marla has noticed which bread?,Which has Marla noticed bread?,syntax,island_effects,left_branch_island_echo_question,True,False,True,True,77,-48.98011016845703,-52.12125778198242,1
Caroline is arguing about which customer?,Which is Caroline arguing about customer?,syntax,island_effects,left_branch_island_echo_question,True,False,True,True,78,-54.93193817138672,-48.7815055847168,0
Marla might hug which woman?,Which might Marla hug woman?,syntax,island_effects,left_branch_island_echo_question,True,False,True,True,79,-49.666526794433594,-55.33927917480469,1
Those dancers had respected what art galleries?,What had those dancers respected art galleries?,syntax,island_effects,left_branch_island_echo_question,True,False,True,True,80,-58.5352668762207,-54.59678649902344,0
Benjamin was researching whose books?,Whose was Benjamin researching books?,syntax,island_effects,left_branch_island_echo_question,True,False,True,True,81,-49.02719497680664,-55.37242126464844,1
Phillip will watch what waitresses?,What will Phillip watch waitresses?,syntax,island_effects,left_branch_island_echo_question,True,False,True,True,82,-52.672950744628906,-54.68342590332031,1
Paula can bike to which schools?,Which can Paula bike to schools?,syntax,island_effects,left_branch_island_echo_question,True,False,True,True,83,-56.50458526611328,-49.673667907714844,0
Monet does take what deer?,What does Monet take deer?,syntax,island_effects,left_branch_island_echo_question,True,False,True,True,84,-45.93778610229492,-51.98274230957031,1
Melanie was skated around what closet?,What was Melanie skated around closet?,syntax,island_effects,left_branch_island_echo_question,True,False,True,True,85,-58.23199462890625,-54.239524841308594,0
Lucille had arrived at whose movie theater?,Whose had Lucille arrived at movie theater?,syntax,island_effects,left_branch_island_echo_question,True,False,True,True,86,-59.472755432128906,-69.51710510253906,1
This actor is touring what oasis?,What is this actor touring oasis?,syntax,island_effects,left_branch_island_echo_question,True,False,True,True,87,-51.88775634765625,-50.48191833496094,0
Kayla has remembered which brochure?,Which has Kayla remembered brochure?,syntax,island_effects,left_branch_island_echo_question,True,False,True,True,88,-54.94253921508789,-57.12017822265625,1
Victoria could talk to which doctor?,Which could Victoria talk to doctor?,syntax,island_effects,left_branch_island_echo_question,True,False,True,True,89,-41.27146530151367,-45.94732666015625,1
That teacher will aggravate what alumnus?,What will that teacher aggravate alumnus?,syntax,island_effects,left_branch_island_echo_question,True,False,True,True,90,-56.76197814941406,-56.87228012084961,1
Carol had listened to which students?,Which had Carol listened to students?,syntax,island_effects,left_branch_island_echo_question,True,False,True,True,91,-49.488014221191406,-44.1298828125,0
Larry is observing which woman?,Which is Larry observing woman?,syntax,island_effects,left_branch_island_echo_question,True,False,True,True,92,-37.765480041503906,-45.07341766357422,1
April will climb up which slope?,Which will April climb up slope?,syntax,island_effects,left_branch_island_echo_question,True,False,True,True,93,-40.342369079589844,-50.77183532714844,1
Jacqueline might astound what government?,What might Jacqueline astound government?,syntax,island_effects,left_branch_island_echo_question,True,False,True,True,94,-60.076324462890625,-57.58699035644531,0
Diane has known what guys?,What has Diane known guys?,syntax,island_effects,left_branch_island_echo_question,True,False,True,True,95,-43.02043533325195,-46.189353942871094,1
Some men were revealing what children?,What were some men revealing children?,syntax,island_effects,left_branch_island_echo_question,True,False,True,True,96,-41.589759826660156,-39.93379211425781,0
Rodney has hidden which actors?,Which has Rodney hidden actors?,syntax,island_effects,left_branch_island_echo_question,True,False,True,True,97,-52.62098693847656,-45.4121208190918,0
Every window would bother what committees?,What would every window bother committees?,syntax,island_effects,left_branch_island_echo_question,True,False,True,True,98,-53.22697448730469,-54.26819610595703,1
George is scanning what essay?,What is George scanning essay?,syntax,island_effects,left_branch_island_echo_question,True,False,True,True,99,-39.975494384765625,-43.31703567504883,1
Daniel was observing what men?,What was Daniel observing men?,syntax,island_effects,left_branch_island_echo_question,True,False,True,True,100,-35.33549499511719,-43.114295959472656,1
The Clintons have talked to what men?,What have the Clintons talked to men?,syntax,island_effects,left_branch_island_echo_question,True,False,True,True,101,-46.40428924560547,-44.15016174316406,0
Some libraries could praise what play?,What could some libraries praise play?,syntax,island_effects,left_branch_island_echo_question,True,False,True,True,102,-48.12227249145508,-52.63356399536133,1
Claire might hide whose rivers?,Whose might Claire hide rivers?,syntax,island_effects,left_branch_island_echo_question,True,False,True,True,103,-52.91905212402344,-63.59619140625,1
Kimberley might disgust whose committee?,Whose might Kimberley disgust committee?,syntax,island_effects,left_branch_island_echo_question,True,False,True,True,104,-62.722286224365234,-67.0405044555664,1
Joel was descending what steps?,What was Joel descending steps?,syntax,island_effects,left_branch_island_echo_question,True,False,True,True,105,-46.77349090576172,-47.58111572265625,1
Benjamin has remembered whose lake?,Whose has Benjamin remembered lake?,syntax,island_effects,left_branch_island_echo_question,True,False,True,True,106,-55.55229187011719,-61.62187576293945,1
Danielle might fire what children?,What might Danielle fire children?,syntax,island_effects,left_branch_island_echo_question,True,False,True,True,107,-48.86583709716797,-47.73509979248047,0
Scott has cared for which student?,Which has Scott cared for student?,syntax,island_effects,left_branch_island_echo_question,True,False,True,True,108,-40.51556396484375,-50.19183349609375,1
Carl might hide what newspaper article?,What might Carl hide newspaper article?,syntax,island_effects,left_branch_island_echo_question,True,False,True,True,109,-46.473445892333984,-55.82701110839844,1
These mushrooms had looked like whose prints?,Whose had these mushrooms looked like prints?,syntax,island_effects,left_branch_island_echo_question,True,False,True,True,110,-55.98116683959961,-62.9286003112793,1
Tina was describing which boys?,Which was Tina describing boys?,syntax,island_effects,left_branch_island_echo_question,True,False,True,True,111,-48.74971008300781,-44.42912292480469,0
Diana had lifted which shawl?,Which had Diana lifted shawl?,syntax,island_effects,left_branch_island_echo_question,True,False,True,True,112,-55.979270935058594,-55.42900848388672,0
A lot of trucks do embarrass which cashiers?,Which do a lot of trucks embarrass cashiers?,syntax,island_effects,left_branch_island_echo_question,True,False,True,True,113,-69.627685546875,-58.68256378173828,0
Candice would boast about what waitresses?,What would Candice boast about waitresses?,syntax,island_effects,left_branch_island_echo_question,True,False,True,True,114,-58.35032272338867,-64.39793395996094,1
Skateboards did upset what organization?,What did skateboards upset organization?,syntax,island_effects,left_branch_island_echo_question,True,False,True,True,115,-63.5234489440918,-50.80089569091797,0
Lisa did kiss what guys?,What did Lisa kiss guys?,syntax,island_effects,left_branch_island_echo_question,True,False,True,True,116,-42.751949310302734,-39.80732345581055,0
Carl is thinking about whose apples?,Whose is Carl thinking about apples?,syntax,island_effects,left_branch_island_echo_question,True,False,True,True,117,-42.71098709106445,-56.15703582763672,1
Nina should visit what cafe?,What should Nina visit cafe?,syntax,island_effects,left_branch_island_echo_question,True,False,True,True,118,-45.95958709716797,-47.72686767578125,1
These dresses are astounding which guest?,Which are these dresses astounding guest?,syntax,island_effects,left_branch_island_echo_question,True,False,True,True,119,-50.26201629638672,-55.137699127197266,1
Sara has climbed up which ladders?,Which has Sara climbed up ladders?,syntax,island_effects,left_branch_island_echo_question,True,False,True,True,120,-57.489593505859375,-57.66254425048828,1
Every waitress has astounded what drivers?,What has every waitress astounded drivers?,syntax,island_effects,left_branch_island_echo_question,True,False,True,True,121,-57.592742919921875,-59.14413833618164,1
Alan is talking about whose essay?,Whose is Alan talking about essay?,syntax,island_effects,left_branch_island_echo_question,True,False,True,True,122,-36.49441909790039,-53.500667572021484,1
Caroline had brought what gloves?,What had Caroline brought gloves?,syntax,island_effects,left_branch_island_echo_question,True,False,True,True,123,-49.068389892578125,-45.13679504394531,0
Deborah should see which movie theater?,Which should Deborah see movie theater?,syntax,island_effects,left_branch_island_echo_question,True,False,True,True,124,-50.562767028808594,-50.862579345703125,1
Tiffany can investigate which museums?,Which can Tiffany investigate museums?,syntax,island_effects,left_branch_island_echo_question,True,False,True,True,125,-61.1754035949707,-50.909793853759766,0
Frank would cure which rabbits?,Which would Frank cure rabbits?,syntax,island_effects,left_branch_island_echo_question,True,False,True,True,126,-43.80610275268555,-46.006893157958984,1
This committee had bothered what hospitals?,What had this committee bothered hospitals?,syntax,island_effects,left_branch_island_echo_question,True,False,True,True,127,-51.909934997558594,-54.04425048828125,1
Theresa does wear which sweaters?,Which does Theresa wear sweaters?,syntax,island_effects,left_branch_island_echo_question,True,False,True,True,128,-57.258872985839844,-45.87228775024414,0
Sally is fleeing from what waitress?,What is Sally fleeing from waitress?,syntax,island_effects,left_branch_island_echo_question,True,False,True,True,129,-57.92964553833008,-54.416629791259766,0
Sherry was looking like whose sketch?,Whose was Sherry looking like sketch?,syntax,island_effects,left_branch_island_echo_question,True,False,True,True,130,-56.495269775390625,-62.235191345214844,1
Amelia was looking like which photographs?,Which was Amelia looking like photographs?,syntax,island_effects,left_branch_island_echo_question,True,False,True,True,131,-53.401065826416016,-47.94978332519531,0
Ann was thinking about what customer?,What was Ann thinking about customer?,syntax,island_effects,left_branch_island_echo_question,True,False,True,True,132,-34.23493957519531,-48.62131881713867,1
Some customer can scan what essays?,What can some customer scan essays?,syntax,island_effects,left_branch_island_echo_question,True,False,True,True,133,-45.93730926513672,-44.347198486328125,0
Valerie has passed whose river?,Whose has Valerie passed river?,syntax,island_effects,left_branch_island_echo_question,True,False,True,True,134,-50.1671257019043,-57.401729583740234,1
Brett is disgusting what pedestrians?,What is Brett disgusting pedestrians?,syntax,island_effects,left_branch_island_echo_question,True,False,True,True,135,-55.575340270996094,-52.079063415527344,0
Paul has toured whose restaurants?,Whose has Paul toured restaurants?,syntax,island_effects,left_branch_island_echo_question,True,False,True,True,136,-44.665306091308594,-60.42469024658203,1
Some cakes are impressing whose government?,Whose are some cakes impressing government?,syntax,island_effects,left_branch_island_echo_question,True,False,True,True,137,-61.71051025390625,-71.80513000488281,1
Frank did fire which ladies?,Which did Frank fire ladies?,syntax,island_effects,left_branch_island_echo_question,True,False,True,True,138,-45.41682815551758,-44.285743713378906,0
These ladies had cared for which driver?,Which had these ladies cared for driver?,syntax,island_effects,left_branch_island_echo_question,True,False,True,True,139,-54.65911102294922,-52.61246871948242,0
April will complain about which means?,Which will April complain about means?,syntax,island_effects,left_branch_island_echo_question,True,False,True,True,140,-38.20707702636719,-50.00682830810547,1
Kristen had thought about which convertibles?,Which had Kristen thought about convertibles?,syntax,island_effects,left_branch_island_echo_question,True,False,True,True,141,-56.04637908935547,-58.54804229736328,1
Carl has cleaned whose museum?,Whose has Carl cleaned museum?,syntax,island_effects,left_branch_island_echo_question,True,False,True,True,142,-49.967918395996094,-64.47062683105469,1
Regina had investigated what driver?,What had Regina investigated driver?,syntax,island_effects,left_branch_island_echo_question,True,False,True,True,143,-47.28876876831055,-50.71973419189453,1
Suzanne was watching what actresses?,What was Suzanne watching actresses?,syntax,island_effects,left_branch_island_echo_question,True,False,True,True,144,-48.06245422363281,-45.22843933105469,0
Melissa is describing whose essay?,Whose is Melissa describing essay?,syntax,island_effects,left_branch_island_echo_question,True,False,True,True,145,-43.722625732421875,-56.11537170410156,1
Scott would flee from what lady?,What would Scott flee from lady?,syntax,island_effects,left_branch_island_echo_question,True,False,True,True,146,-42.8208122253418,-47.54106140136719,1
Joseph was lifting what coat?,What was Joseph lifting coat?,syntax,island_effects,left_branch_island_echo_question,True,False,True,True,147,-41.765010833740234,-46.864898681640625,1
Lucille was cleaning which dishes?,Which was Lucille cleaning dishes?,syntax,island_effects,left_branch_island_echo_question,True,False,True,True,148,-49.96814727783203,-49.41161346435547,0
That glacier is alarming which alumni?,Which is that glacier alarming alumni?,syntax,island_effects,left_branch_island_echo_question,True,False,True,True,149,-54.712608337402344,-55.866355895996094,1
Stephanie had criticized what senators?,What had Stephanie criticized senators?,syntax,island_effects,left_branch_island_echo_question,True,False,True,True,150,-56.418704986572266,-49.904640197753906,0
Tammy had lifted whose pamphlet?,Whose had Tammy lifted pamphlet?,syntax,island_effects,left_branch_island_echo_question,True,False,True,True,151,-58.27309036254883,-65.46053314208984,1
Noah was talking about what banks?,What was Noah talking about banks?,syntax,island_effects,left_branch_island_echo_question,True,False,True,True,152,-43.26140594482422,-42.86267852783203,0
Lucille can observe what waiters?,What can Lucille observe waiters?,syntax,island_effects,left_branch_island_echo_question,True,False,True,True,153,-48.14942169189453,-55.99857711791992,1
Craig was descending which ladders?,Which was Craig descending ladders?,syntax,island_effects,left_branch_island_echo_question,True,False,True,True,154,-47.22072219848633,-54.60398483276367,1
Tina would complain about what plays?,What would Tina complain about plays?,syntax,island_effects,left_branch_island_echo_question,True,False,True,True,155,-48.663856506347656,-46.109344482421875,0
Richard was breaking what skateboards?,What was Richard breaking skateboards?,syntax,island_effects,left_branch_island_echo_question,True,False,True,True,156,-46.302433013916016,-51.9843864440918,1
Danielle had broken whose couches?,Whose had Danielle broken couches?,syntax,island_effects,left_branch_island_echo_question,True,False,True,True,157,-53.483482360839844,-61.7381591796875,1
Most horses were embarrassing which patients?,Which were most horses embarrassing patients?,syntax,island_effects,left_branch_island_echo_question,True,False,True,True,158,-51.44573211669922,-52.647369384765625,1
This broccoli is stunning which offspring?,Which is this broccoli stunning offspring?,syntax,island_effects,left_branch_island_echo_question,True,False,True,True,159,-58.25912094116211,-54.42609786987305,0
Nancy does hug which people?,Which does Nancy hug people?,syntax,island_effects,left_branch_island_echo_question,True,False,True,True,160,-54.04011154174805,-39.084228515625,0
Every man had toured whose cafe?,Whose had every man toured cafe?,syntax,island_effects,left_branch_island_echo_question,True,False,True,True,161,-55.28602600097656,-67.17802429199219,1
Some bread was worrying which alumni?,Which was some bread worrying alumni?,syntax,island_effects,left_branch_island_echo_question,True,False,True,True,162,-54.579410552978516,-55.60360336303711,1
Anna was astounding which men?,Which was Anna astounding men?,syntax,island_effects,left_branch_island_echo_question,True,False,True,True,163,-41.36052703857422,-44.80076599121094,1
That car had confused what governments?,What had that car confused governments?,syntax,island_effects,left_branch_island_echo_question,True,False,True,True,164,-52.40431594848633,-48.73729705810547,0
Sara was dropping by which library?,Which was Sara dropping by library?,syntax,island_effects,left_branch_island_echo_question,True,False,True,True,165,-56.9549446105957,-52.7314338684082,0
Travis is finding what senators?,What is Travis finding senators?,syntax,island_effects,left_branch_island_echo_question,True,False,True,True,166,-48.03098678588867,-46.276248931884766,0
Homer does descend what ladders?,What does Homer descend ladders?,syntax,island_effects,left_branch_island_echo_question,True,False,True,True,167,-58.3199577331543,-49.66596221923828,0
Those movie theaters were scaring whose library?,Whose were those movie theaters scaring library?,syntax,island_effects,left_branch_island_echo_question,True,False,True,True,168,-60.77457809448242,-75.8448257446289,1
Laurie had concealed whose brochures?,Whose had Laurie concealed brochures?,syntax,island_effects,left_branch_island_echo_question,True,False,True,True,169,-64.44622039794922,-63.81732940673828,0
Margaret was approaching which waiter?,Which was Margaret approaching waiter?,syntax,island_effects,left_branch_island_echo_question,True,False,True,True,170,-55.47319793701172,-50.16944122314453,0
Monica did fire what customer?,What did Monica fire customer?,syntax,island_effects,left_branch_island_echo_question,True,False,True,True,171,-50.31863021850586,-48.079017639160156,0
The rabbits had distracted which actresses?,Which had the rabbits distracted actresses?,syntax,island_effects,left_branch_island_echo_question,True,False,True,True,172,-59.672096252441406,-52.071922302246094,0
Tiffany did drop by whose cafe?,Whose did Tiffany drop by cafe?,syntax,island_effects,left_branch_island_echo_question,True,False,True,True,173,-71.29386901855469,-62.89748764038086,0
The patients are worrying which students?,Which are the patients worrying students?,syntax,island_effects,left_branch_island_echo_question,True,False,True,True,174,-45.98136901855469,-44.601593017578125,0
All teachers did appreciate what men?,What did all teachers appreciate men?,syntax,island_effects,left_branch_island_echo_question,True,False,True,True,175,-47.65489959716797,-42.183738708496094,0
John would love what essays?,What would John love essays?,syntax,island_effects,left_branch_island_echo_question,True,False,True,True,176,-35.35426330566406,-39.36961364746094,1
This boy has discovered which icicle?,Which has this boy discovered icicle?,syntax,island_effects,left_branch_island_echo_question,True,False,True,True,177,-55.42499923706055,-56.812294006347656,1
Brad has astounded which patients?,Which has Brad astounded patients?,syntax,island_effects,left_branch_island_echo_question,True,False,True,True,178,-47.328338623046875,-49.86341857910156,1
Most rabbits have confused what men?,What have most rabbits confused men?,syntax,island_effects,left_branch_island_echo_question,True,False,True,True,179,-46.10786819458008,-47.404022216796875,1
Dawn could visit which art galleries?,Which could Dawn visit art galleries?,syntax,island_effects,left_branch_island_echo_question,True,False,True,True,180,-55.316734313964844,-49.34734344482422,0
Steve would appreciate what museums?,What would Steve appreciate museums?,syntax,island_effects,left_branch_island_echo_question,True,False,True,True,181,-38.67360305786133,-46.58350372314453,1
Clyde would think about what hill?,What would Clyde think about hill?,syntax,island_effects,left_branch_island_echo_question,True,False,True,True,182,-54.088401794433594,-49.72966003417969,0
Colleen had returned to what patients?,What had Colleen returned to patients?,syntax,island_effects,left_branch_island_echo_question,True,False,True,True,183,-49.146873474121094,-46.856163024902344,0
Craig had fired which guest?,Which had Craig fired guest?,syntax,island_effects,left_branch_island_echo_question,True,False,True,True,184,-44.00235366821289,-49.012962341308594,1
That drawing has looked like what stimuli?,What has that drawing looked like stimuli?,syntax,island_effects,left_branch_island_echo_question,True,False,True,True,185,-51.17213821411133,-54.053565979003906,1
Mark will lift which glove?,Which will Mark lift glove?,syntax,island_effects,left_branch_island_echo_question,True,False,True,True,186,-43.59032440185547,-46.19009780883789,1
Some woman could criticize what person?,What could some woman criticize person?,syntax,island_effects,left_branch_island_echo_question,True,False,True,True,187,-45.49949264526367,-44.974369049072266,0
Kenneth is talking about whose commentaries?,Whose is Kenneth talking about commentaries?,syntax,island_effects,left_branch_island_echo_question,True,False,True,True,188,-50.984397888183594,-60.550811767578125,1
Galileo could dislike which movie theaters?,Which could Galileo dislike movie theaters?,syntax,island_effects,left_branch_island_echo_question,True,False,True,True,189,-65.12472534179688,-49.91579055786133,0
Deanna did aggravate what doctor?,What did Deanna aggravate doctor?,syntax,island_effects,left_branch_island_echo_question,True,False,True,True,190,-51.62207794189453,-54.261680603027344,1
Winston Churchill would upset what women?,What would Winston Churchill upset women?,syntax,island_effects,left_branch_island_echo_question,True,False,True,True,191,-56.77861022949219,-47.51496124267578,0
Winston Churchill can kiss what child?,What can Winston Churchill kiss child?,syntax,island_effects,left_branch_island_echo_question,True,False,True,True,192,-59.89449691772461,-49.92473602294922,0
Samantha is curing what men?,What is Samantha curing men?,syntax,island_effects,left_branch_island_echo_question,True,False,True,True,193,-55.568485260009766,-45.56603240966797,0
Susan is concealing which child?,Which is Susan concealing child?,syntax,island_effects,left_branch_island_echo_question,True,False,True,True,194,-44.43013000488281,-42.04916763305664,0
A lake did disgust which dancers?,Which did a lake disgust dancers?,syntax,island_effects,left_branch_island_echo_question,True,False,True,True,195,-64.08586120605469,-53.84803009033203,0
Adam does drive to what mountains?,What does Adam drive to mountains?,syntax,island_effects,left_branch_island_echo_question,True,False,True,True,196,-42.391754150390625,-45.34233474731445,1
A lot of hamsters are impressing what drivers?,What are a lot of hamsters impressing drivers?,syntax,island_effects,left_branch_island_echo_question,True,False,True,True,197,-65.65532684326172,-59.29097366333008,0
Debra had listened to what waitress?,What had Debra listened to waitress?,syntax,island_effects,left_branch_island_echo_question,True,False,True,True,198,-49.8902587890625,-55.3052978515625,1
Kathleen was wearing what skirts?,What was Kathleen wearing skirts?,syntax,island_effects,left_branch_island_echo_question,True,False,True,True,199,-53.180152893066406,-46.47381591796875,0
A lot of women do sound like which alumnus?,Which do a lot of women sound like alumnus?,syntax,island_effects,left_branch_island_echo_question,True,False,True,True,200,-61.799957275390625,-47.89796447753906,0
That waitress might criticize which students?,Which might that waitress criticize students?,syntax,island_effects,left_branch_island_echo_question,True,False,True,True,201,-57.62842559814453,-53.04561233520508,0
Stephanie was questioning which cashier?,Which was Stephanie questioning cashier?,syntax,island_effects,left_branch_island_echo_question,True,False,True,True,202,-59.84491729736328,-53.162540435791016,0
A lot of screens are alarming what actresses?,What are a lot of screens alarming actresses?,syntax,island_effects,left_branch_island_echo_question,True,False,True,True,203,-64.5035629272461,-57.3935432434082,0
Every lady has discovered whose committees?,Whose has every lady discovered committees?,syntax,island_effects,left_branch_island_echo_question,True,False,True,True,204,-55.501163482666016,-67.79852294921875,1
Lucille had messed up what gloves?,What had Lucille messed up gloves?,syntax,island_effects,left_branch_island_echo_question,True,False,True,True,205,-50.09724426269531,-54.17157745361328,1
Laura is passing whose restaurant?,Whose is Laura passing restaurant?,syntax,island_effects,left_branch_island_echo_question,True,False,True,True,206,-45.165401458740234,-58.579490661621094,1
Every lady had seen which octopus?,Which had every lady seen octopus?,syntax,island_effects,left_branch_island_echo_question,True,False,True,True,207,-52.20771789550781,-51.90043258666992,0
Cindy is boring what men?,What is Cindy boring men?,syntax,island_effects,left_branch_island_echo_question,True,False,True,True,208,-54.10369873046875,-43.652652740478516,0
Some government was insulting which child?,Which was some government insulting child?,syntax,island_effects,left_branch_island_echo_question,True,False,True,True,209,-50.750450134277344,-47.92713165283203,0
Winston Churchill can question what dancer?,What can Winston Churchill question dancer?,syntax,island_effects,left_branch_island_echo_question,True,False,True,True,210,-61.59151840209961,-55.165382385253906,0
Kenneth should wear whose skirts?,Whose should Kenneth wear skirts?,syntax,island_effects,left_branch_island_echo_question,True,False,True,True,211,-52.90184020996094,-55.39400863647461,1
Homer was complaining about which commentaries?,Which was Homer complaining about commentaries?,syntax,island_effects,left_branch_island_echo_question,True,False,True,True,212,-58.41498565673828,-51.819454193115234,0
A dancer had looked like whose drawings?,Whose had a dancer looked like drawings?,syntax,island_effects,left_branch_island_echo_question,True,False,True,True,213,-58.29267883300781,-63.244632720947266,1
These paintings should look like what waiters?,What should these paintings look like waiters?,syntax,island_effects,left_branch_island_echo_question,True,False,True,True,214,-49.527130126953125,-50.26737976074219,1
Theresa had run around whose banks?,Whose had Theresa run around banks?,syntax,island_effects,left_branch_island_echo_question,True,False,True,True,215,-61.41527557373047,-65.26298522949219,1
Samantha is boasting about what men?,What is Samantha boasting about men?,syntax,island_effects,left_branch_island_echo_question,True,False,True,True,216,-52.70927429199219,-48.45771026611328,0
Elaine has admired which peppers?,Which has Elaine admired peppers?,syntax,island_effects,left_branch_island_echo_question,True,False,True,True,217,-55.789466857910156,-54.15001678466797,0
Linda is talking to which guy?,Which is Linda talking to guy?,syntax,island_effects,left_branch_island_echo_question,True,False,True,True,218,-41.44882583618164,-42.184669494628906,1
Some pedestrian could conceal which customers?,Which could some pedestrian conceal customers?,syntax,island_effects,left_branch_island_echo_question,True,False,True,True,219,-58.651432037353516,-52.416259765625,0
Theresa could climb up what slope?,What could Theresa climb up slope?,syntax,island_effects,left_branch_island_echo_question,True,False,True,True,220,-55.849239349365234,-53.16947555541992,0
Christina has ascended whose slopes?,Whose has Christina ascended slopes?,syntax,island_effects,left_branch_island_echo_question,True,False,True,True,221,-56.26972579956055,-65.43563079833984,1
Guy has walked through which closet?,Which has Guy walked through closet?,syntax,island_effects,left_branch_island_echo_question,True,False,True,True,222,-46.298255920410156,-50.44694519042969,1
Regina was approaching what girl?,What was Regina approaching girl?,syntax,island_effects,left_branch_island_echo_question,True,False,True,True,223,-45.720523834228516,-45.57038116455078,0
A print was looking like what pamphlet?,What was a print looking like pamphlet?,syntax,island_effects,left_branch_island_echo_question,True,False,True,True,224,-54.038185119628906,-50.32865905761719,0
Liam was scanning whose report?,Whose was Liam scanning report?,syntax,island_effects,left_branch_island_echo_question,True,False,True,True,225,-58.39699172973633,-62.639854431152344,1
Diane had astounded which doctor?,Which had Diane astounded doctor?,syntax,island_effects,left_branch_island_echo_question,True,False,True,True,226,-56.235198974609375,-55.126441955566406,0
Kirsten had listened to which alumnus?,Which had Kirsten listened to alumnus?,syntax,island_effects,left_branch_island_echo_question,True,False,True,True,227,-65.22816467285156,-53.00520324707031,0
Some guy was taking which sock?,Which was some guy taking sock?,syntax,island_effects,left_branch_island_echo_question,True,False,True,True,228,-50.14824295043945,-46.312164306640625,0
Mark had observed what pedestrian?,What had Mark observed pedestrian?,syntax,island_effects,left_branch_island_echo_question,True,False,True,True,229,-41.64850997924805,-49.032493591308594,1
Laura has sounded like what plays?,What has Laura sounded like plays?,syntax,island_effects,left_branch_island_echo_question,True,False,True,True,230,-37.866363525390625,-50.72583770751953,1
That hospital was boasting about what child?,What was that hospital boasting about child?,syntax,island_effects,left_branch_island_echo_question,True,False,True,True,231,-53.9585075378418,-56.961143493652344,1
The cashier might disturb which organization?,Which might the cashier disturb organization?,syntax,island_effects,left_branch_island_echo_question,True,False,True,True,232,-58.324642181396484,-54.83392333984375,0
Sheila was dropping by which mall?,Which was Sheila dropping by mall?,syntax,island_effects,left_branch_island_echo_question,True,False,True,True,233,-54.57932662963867,-54.85580825805664,1
Diane does forget whose story?,Whose does Diane forget story?,syntax,island_effects,left_branch_island_echo_question,True,False,True,True,234,-49.668426513671875,-53.519447326660156,1
Timothy can shock which library?,Which can Timothy shock library?,syntax,island_effects,left_branch_island_echo_question,True,False,True,True,235,-57.00717544555664,-46.65540313720703,0
Omar might hug which alumnus?,Which might Omar hug alumnus?,syntax,island_effects,left_branch_island_echo_question,True,False,True,True,236,-58.55714416503906,-49.78492736816406,0
Joel has attacked which senator?,Which has Joel attacked senator?,syntax,island_effects,left_branch_island_echo_question,True,False,True,True,237,-49.142120361328125,-49.352439880371094,1
Larry will skate around what mountains?,What will Larry skate around mountains?,syntax,island_effects,left_branch_island_echo_question,True,False,True,True,238,-44.27592468261719,-51.501800537109375,1
Stacey will alarm what waitresses?,What will Stacey alarm waitresses?,syntax,island_effects,left_branch_island_echo_question,True,False,True,True,239,-60.842132568359375,-59.395416259765625,0
This jacket can confuse which pedestrian?,Which can this jacket confuse pedestrian?,syntax,island_effects,left_branch_island_echo_question,True,False,True,True,240,-58.90990447998047,-57.661598205566406,0
Samuel has alarmed which guys?,Which has Samuel alarmed guys?,syntax,island_effects,left_branch_island_echo_question,True,False,True,True,241,-53.043357849121094,-46.41809844970703,0
William is praising which patients?,Which is William praising patients?,syntax,island_effects,left_branch_island_echo_question,True,False,True,True,242,-40.70244216918945,-43.3615837097168,1
Some bananas had scared which waiter?,Which had some bananas scared waiter?,syntax,island_effects,left_branch_island_echo_question,True,False,True,True,243,-57.14912414550781,-52.58775329589844,0
Noah was running around what high schools?,What was Noah running around high schools?,syntax,island_effects,left_branch_island_echo_question,True,False,True,True,244,-55.756103515625,-46.421363830566406,0
Paul had cared for which guys?,Which had Paul cared for guys?,syntax,island_effects,left_branch_island_echo_question,True,False,True,True,245,-42.05498123168945,-44.784088134765625,1
Meredith is descending whose slopes?,Whose is Meredith descending slopes?,syntax,island_effects,left_branch_island_echo_question,True,False,True,True,246,-55.9835319519043,-64.0177993774414,1
Steve did tour what high school?,What did Steve tour high school?,syntax,island_effects,left_branch_island_echo_question,True,False,True,True,247,-44.783042907714844,-42.236698150634766,0
A skateboard had upset which pedestrians?,Which had a skateboard upset pedestrians?,syntax,island_effects,left_branch_island_echo_question,True,False,True,True,248,-60.63045120239258,-51.645164489746094,0
Randolf is hugging what senator?,What is Randolf hugging senator?,syntax,island_effects,left_branch_island_echo_question,True,False,True,True,249,-52.01298522949219,-61.250789642333984,1
Bill did go to what art galleries?,What did Bill go to art galleries?,syntax,island_effects,left_branch_island_echo_question,True,False,True,True,250,-46.341331481933594,-44.43628692626953,0
Sabrina was revealing whose mouths?,Whose was Sabrina revealing mouths?,syntax,island_effects,left_branch_island_echo_question,True,False,True,True,251,-51.89449691772461,-64.47882080078125,1
The hospital had appreciated which man?,Which had the hospital appreciated man?,syntax,island_effects,left_branch_island_echo_question,True,False,True,True,252,-48.67896270751953,-45.49930191040039,0
Stephanie is escaping from which actor?,Which is Stephanie escaping from actor?,syntax,island_effects,left_branch_island_echo_question,True,False,True,True,253,-56.3328857421875,-48.526737213134766,0
A teenager can conceal which analyses?,Which can a teenager conceal analyses?,syntax,island_effects,left_branch_island_echo_question,True,False,True,True,254,-56.88437271118164,-50.929691314697266,0
Mark was wearing whose gloves?,Whose was Mark wearing gloves?,syntax,island_effects,left_branch_island_echo_question,True,False,True,True,255,-41.34333419799805,-55.51957702636719,1
Angela had kissed what guys?,What had Angela kissed guys?,syntax,island_effects,left_branch_island_echo_question,True,False,True,True,256,-48.493953704833984,-47.44346618652344,0
Catherine was curing what lice?,What was Catherine curing lice?,syntax,island_effects,left_branch_island_echo_question,True,False,True,True,257,-56.44321060180664,-52.6078987121582,0
A lot of drivers were arguing about what boy?,What were a lot of drivers arguing about boy?,syntax,island_effects,left_branch_island_echo_question,True,False,True,True,258,-57.05827713012695,-56.7912483215332,0
Timothy was revealing which rabbit?,Which was Timothy revealing rabbit?,syntax,island_effects,left_branch_island_echo_question,True,False,True,True,259,-52.175724029541016,-48.34037780761719,0
Derek is embarrassing what offspring?,What is Derek embarrassing offspring?,syntax,island_effects,left_branch_island_echo_question,True,False,True,True,260,-52.69496536254883,-49.43681335449219,0
Nina would love whose commentaries?,Whose would Nina love commentaries?,syntax,island_effects,left_branch_island_echo_question,True,False,True,True,261,-52.93787384033203,-63.03656005859375,1
Paula has revealed whose skirt?,Whose has Paula revealed skirt?,syntax,island_effects,left_branch_island_echo_question,True,False,True,True,262,-49.77812194824219,-60.743743896484375,1
Jerry might describe what customer?,What might Jerry describe customer?,syntax,island_effects,left_branch_island_echo_question,True,False,True,True,263,-36.65436553955078,-47.72975540161133,1
Ann could insult whose museums?,Whose could Ann insult museums?,syntax,island_effects,left_branch_island_echo_question,True,False,True,True,264,-52.403411865234375,-66.1864013671875,1
Melissa might ascend which stairs?,Which might Melissa ascend stairs?,syntax,island_effects,left_branch_island_echo_question,True,False,True,True,265,-53.323280334472656,-52.280548095703125,0
April was astounding which actress?,Which was April astounding actress?,syntax,island_effects,left_branch_island_echo_question,True,False,True,True,266,-45.1825065612793,-47.73333740234375,1
Patricia had bought whose snake?,Whose had Patricia bought snake?,syntax,island_effects,left_branch_island_echo_question,True,False,True,True,267,-53.103973388671875,-60.88041687011719,1
Steve has impressed whose companies?,Whose has Steve impressed companies?,syntax,island_effects,left_branch_island_echo_question,True,False,True,True,268,-44.805450439453125,-56.02775573730469,1
Carolyn had boasted about which actors?,Which had Carolyn boasted about actors?,syntax,island_effects,left_branch_island_echo_question,True,False,True,True,269,-57.76819610595703,-56.61283874511719,0
Helen would conceal which analyses?,Which would Helen conceal analyses?,syntax,island_effects,left_branch_island_echo_question,True,False,True,True,270,-53.53462600708008,-49.875308990478516,0
Alicia will walk through whose river?,Whose will Alicia walk through river?,syntax,island_effects,left_branch_island_echo_question,True,False,True,True,271,-60.89969253540039,-62.82522964477539,1
Jodi has worn whose skirt?,Whose has Jodi worn skirt?,syntax,island_effects,left_branch_island_echo_question,True,False,True,True,272,-51.7340202331543,-62.11909866333008,1
Christine might find whose wheelbarrow?,Whose might Christine find wheelbarrow?,syntax,island_effects,left_branch_island_echo_question,True,False,True,True,273,-61.417823791503906,-75.93367004394531,1
Some customers might respect what waiters?,What might some customers respect waiters?,syntax,island_effects,left_branch_island_echo_question,True,False,True,True,274,-50.29074478149414,-52.88093566894531,1
Amanda is firing what person?,What is Amanda firing person?,syntax,island_effects,left_branch_island_echo_question,True,False,True,True,275,-44.690757751464844,-44.300537109375,0
This actor would worry which man?,Which would this actor worry man?,syntax,island_effects,left_branch_island_echo_question,True,False,True,True,276,-49.66681671142578,-46.65248107910156,0
Gina does describe what boys?,What does Gina describe boys?,syntax,island_effects,left_branch_island_echo_question,True,False,True,True,277,-45.74768829345703,-41.418453216552734,0
Tamara had observed which doctor?,Which had Tamara observed doctor?,syntax,island_effects,left_branch_island_echo_question,True,False,True,True,278,-49.738853454589844,-53.712425231933594,1
Some adults are lifting what window?,What are some adults lifting window?,syntax,island_effects,left_branch_island_echo_question,True,False,True,True,279,-48.498565673828125,-45.18141174316406,0
Galileo had researched what lake?,What had Galileo researched lake?,syntax,island_effects,left_branch_island_echo_question,True,False,True,True,280,-57.556495666503906,-50.72568130493164,0
Benjamin has loved what cashier?,What has Benjamin loved cashier?,syntax,island_effects,left_branch_island_echo_question,True,False,True,True,281,-50.845489501953125,-47.694114685058594,0
Jessica is lifting whose mushrooms?,Whose is Jessica lifting mushrooms?,syntax,island_effects,left_branch_island_echo_question,True,False,True,True,282,-45.98710250854492,-55.69568634033203,1
Adam has argued about what offspring?,What has Adam argued about offspring?,syntax,island_effects,left_branch_island_echo_question,True,False,True,True,283,-42.079227447509766,-52.73484420776367,1
Stacey had seen whose movie theater?,Whose had Stacey seen movie theater?,syntax,island_effects,left_branch_island_echo_question,True,False,True,True,284,-54.99660873413086,-71.18716430664062,1
Randolf could escape from what public parks?,What could Randolf escape from public parks?,syntax,island_effects,left_branch_island_echo_question,True,False,True,True,285,-58.663352966308594,-67.13216400146484,1
That customer can heal what louse?,What can that customer heal louse?,syntax,island_effects,left_branch_island_echo_question,True,False,True,True,286,-52.03974914550781,-55.41844177246094,1
Michael is hurting which ladies?,Which is Michael hurting ladies?,syntax,island_effects,left_branch_island_echo_question,True,False,True,True,287,-40.07866287231445,-39.899208068847656,0
Connie might hug what students?,What might Connie hug students?,syntax,island_effects,left_branch_island_echo_question,True,False,True,True,288,-50.732994079589844,-47.946258544921875,0
Heidi is concealing whose essay?,Whose is Heidi concealing essay?,syntax,island_effects,left_branch_island_echo_question,True,False,True,True,289,-55.314910888671875,-58.270545959472656,1
The Impressionists had worn what sock?,What had the Impressionists worn sock?,syntax,island_effects,left_branch_island_echo_question,True,False,True,True,290,-63.244468688964844,-57.26557922363281,0
All blouses have stunned what customers?,What have all blouses stunned customers?,syntax,island_effects,left_branch_island_echo_question,True,False,True,True,291,-54.717987060546875,-52.95069122314453,0
Martha would lift whose broccoli?,Whose would Martha lift broccoli?,syntax,island_effects,left_branch_island_echo_question,True,False,True,True,292,-54.22013473510742,-62.97472381591797,1
Charles is working with which man?,Which is Charles working with man?,syntax,island_effects,left_branch_island_echo_question,True,False,True,True,293,-34.901187896728516,-38.764522552490234,1
Doctors had bought which dog?,Which had doctors bought dog?,syntax,island_effects,left_branch_island_echo_question,True,False,True,True,294,-41.06028747558594,-42.63587188720703,1
Brian had hated what adult?,What had Brian hated adult?,syntax,island_effects,left_branch_island_echo_question,True,False,True,True,295,-41.638526916503906,-46.66868209838867,1
James had astounded what cashier?,What had James astounded cashier?,syntax,island_effects,left_branch_island_echo_question,True,False,True,True,296,-47.61390686035156,-51.821434020996094,1
Some guests are concealing which patient?,Which are some guests concealing patient?,syntax,island_effects,left_branch_island_echo_question,True,False,True,True,297,-52.777442932128906,-51.315765380859375,0
A guest can return to whose hospitals?,Whose can a guest return to hospitals?,syntax,island_effects,left_branch_island_echo_question,True,False,True,True,298,-58.32386779785156,-57.07294464111328,0
All ladders could disturb what governments?,What could all ladders disturb governments?,syntax,island_effects,left_branch_island_echo_question,True,False,True,True,299,-59.67919158935547,-55.345394134521484,0
Natalie had attacked what waitress?,What had Natalie attacked waitress?,syntax,island_effects,left_branch_island_echo_question,True,False,True,True,300,-51.69842529296875,-48.45923614501953,0
Nancy is annoying what people?,What is Nancy annoying people?,syntax,island_effects,left_branch_island_echo_question,True,False,True,True,301,-44.474571228027344,-37.920082092285156,0
The Clintons were stunning which senators?,Which were the Clintons stunning senators?,syntax,island_effects,left_branch_island_echo_question,True,False,True,True,302,-58.704307556152344,-51.774559020996094,0
Kevin does cure which pedestrian?,Which does Kevin cure pedestrian?,syntax,island_effects,left_branch_island_echo_question,True,False,True,True,303,-48.742034912109375,-51.00010299682617,1
Victoria was going to which school?,Which was Victoria going to school?,syntax,island_effects,left_branch_island_echo_question,True,False,True,True,304,-36.02229309082031,-37.3243408203125,1
Julie might clean what fork?,What might Julie clean fork?,syntax,island_effects,left_branch_island_echo_question,True,False,True,True,305,-49.69786071777344,-49.894588470458984,1
Christina had broken what tooth?,What had Christina broken tooth?,syntax,island_effects,left_branch_island_echo_question,True,False,True,True,306,-42.81037902832031,-46.838558197021484,1
Denise will have whose pictures?,Whose will Denise have pictures?,syntax,island_effects,left_branch_island_echo_question,True,False,True,True,307,-44.4766731262207,-48.9902229309082,1
Alexander is dropping by whose public parks?,Whose is Alexander dropping by public parks?,syntax,island_effects,left_branch_island_echo_question,True,False,True,True,308,-53.774940490722656,-70.97126007080078,1
These fish are ascending which stairs?,Which are these fish ascending stairs?,syntax,island_effects,left_branch_island_echo_question,True,False,True,True,309,-52.18767166137695,-49.34059143066406,0
Douglas is astounding what child?,What is Douglas astounding child?,syntax,island_effects,left_branch_island_echo_question,True,False,True,True,310,-46.6450080871582,-48.693763732910156,1
Carl had exited what hill?,What had Carl exited hill?,syntax,island_effects,left_branch_island_echo_question,True,False,True,True,311,-42.0943603515625,-45.673580169677734,1
Jacqueline was concealing which boy?,Which was Jacqueline concealing boy?,syntax,island_effects,left_branch_island_echo_question,True,False,True,True,312,-58.113990783691406,-50.165252685546875,0
Brian was boasting about what alumnus?,What was Brian boasting about alumnus?,syntax,island_effects,left_branch_island_echo_question,True,False,True,True,313,-48.494781494140625,-55.86168670654297,1
Brett is kissing which doctor?,Which is Brett kissing doctor?,syntax,island_effects,left_branch_island_echo_question,True,False,True,True,314,-57.85779571533203,-46.20130157470703,0
Andrew should visit which children?,Which should Andrew visit children?,syntax,island_effects,left_branch_island_echo_question,True,False,True,True,315,-37.024166107177734,-45.00188446044922,1
Tiffany is watching which adult?,Which is Tiffany watching adult?,syntax,island_effects,left_branch_island_echo_question,True,False,True,True,316,-58.0120964050293,-42.95988464355469,0
Diane does bring whose windows?,Whose does Diane bring windows?,syntax,island_effects,left_branch_island_echo_question,True,False,True,True,317,-55.981483459472656,-58.24359130859375,1
Some drivers have bored which waitress?,Which have some drivers bored waitress?,syntax,island_effects,left_branch_island_echo_question,True,False,True,True,318,-54.101524353027344,-52.93212890625,0
Andrea has hugged what dancer?,What has Andrea hugged dancer?,syntax,island_effects,left_branch_island_echo_question,True,False,True,True,319,-54.81928634643555,-51.0330810546875,0
Helen is annoying what man?,What is Helen annoying man?,syntax,island_effects,left_branch_island_echo_question,True,False,True,True,320,-44.041404724121094,-43.83940124511719,0
A lot of dancers had embarrassed what pedestrian?,What had a lot of dancers embarrassed pedestrian?,syntax,island_effects,left_branch_island_echo_question,True,False,True,True,321,-67.32400512695312,-57.292442321777344,0
Gregory could break what computers?,What could Gregory break computers?,syntax,island_effects,left_branch_island_echo_question,True,False,True,True,322,-49.501548767089844,-46.02986145019531,0
That senator could think about what face?,What could that senator think about face?,syntax,island_effects,left_branch_island_echo_question,True,False,True,True,323,-48.26200866699219,-53.97731399536133,1
Steve has investigated which cashiers?,Which has Steve investigated cashiers?,syntax,island_effects,left_branch_island_echo_question,True,False,True,True,324,-48.97649383544922,-53.87504577636719,1
Wendy has descended what ladders?,What has Wendy descended ladders?,syntax,island_effects,left_branch_island_echo_question,True,False,True,True,325,-56.0982666015625,-56.51384735107422,1
A lady might bike to whose art gallery?,Whose might a lady bike to art gallery?,syntax,island_effects,left_branch_island_echo_question,True,False,True,True,326,-69.31968688964844,-71.06755065917969,1
This jacket can annoy what doctor?,What can this jacket annoy doctor?,syntax,island_effects,left_branch_island_echo_question,True,False,True,True,327,-53.82884216308594,-51.85540771484375,0
Rebecca is hiding what actors?,What is Rebecca hiding actors?,syntax,island_effects,left_branch_island_echo_question,True,False,True,True,328,-45.364891052246094,-41.71821594238281,0
Some dancer had worked with which customer?,Which had some dancer worked with customer?,syntax,island_effects,left_branch_island_echo_question,True,False,True,True,329,-58.186317443847656,-57.92677307128906,0
The casseroles did alarm which actresses?,Which did the casseroles alarm actresses?,syntax,island_effects,left_branch_island_echo_question,True,False,True,True,330,-68.84236145019531,-54.327606201171875,0
Becky should fix what screen?,What should Becky fix screen?,syntax,island_effects,left_branch_island_echo_question,True,False,True,True,331,-40.739097595214844,-45.51953125,1
Sara has insulted what stories?,What has Sara insulted stories?,syntax,island_effects,left_branch_island_echo_question,True,False,True,True,332,-47.65502166748047,-44.914825439453125,0
Thomas should find which truck?,Which should Thomas find truck?,syntax,island_effects,left_branch_island_echo_question,True,False,True,True,333,-39.20018005371094,-43.33606719970703,1
Omar has thought about which synopsis?,Which has Omar thought about synopsis?,syntax,island_effects,left_branch_island_echo_question,True,False,True,True,334,-52.99230194091797,-51.10523223876953,0
Dawn would bike to whose hospitals?,Whose would Dawn bike to hospitals?,syntax,island_effects,left_branch_island_echo_question,True,False,True,True,335,-66.44538879394531,-67.31873321533203,1
Chad had broken which carts?,Which had Chad broken carts?,syntax,island_effects,left_branch_island_echo_question,True,False,True,True,336,-50.03298568725586,-49.256473541259766,0
A pedestrian had hired what teenager?,What had a pedestrian hired teenager?,syntax,island_effects,left_branch_island_echo_question,True,False,True,True,337,-56.2554817199707,-46.311058044433594,0
Carolyn had examined what thesis?,What had Carolyn examined thesis?,syntax,island_effects,left_branch_island_echo_question,True,False,True,True,338,-51.03642272949219,-50.256839752197266,0
Every actress has brought whose lakes?,Whose has every actress brought lakes?,syntax,island_effects,left_branch_island_echo_question,True,False,True,True,339,-56.05359649658203,-67.29515075683594,1
Elaine had referenced what analyses?,What had Elaine referenced analyses?,syntax,island_effects,left_branch_island_echo_question,True,False,True,True,340,-54.60731506347656,-51.919944763183594,0
All pictures will look like whose ladders?,Whose will all pictures look like ladders?,syntax,island_effects,left_branch_island_echo_question,True,False,True,True,341,-52.04698181152344,-60.518253326416016,1
Clyde is arguing about which customers?,Which is Clyde arguing about customers?,syntax,island_effects,left_branch_island_echo_question,True,False,True,True,342,-61.307151794433594,-51.98086166381836,0
Samuel has bored what cashier?,What has Samuel bored cashier?,syntax,island_effects,left_branch_island_echo_question,True,False,True,True,343,-53.229339599609375,-51.656253814697266,0
Rodney had praised whose theses?,Whose had Rodney praised theses?,syntax,island_effects,left_branch_island_echo_question,True,False,True,True,344,-60.09654998779297,-61.99095916748047,1
Brian had thought about which museum?,Which had Brian thought about museum?,syntax,island_effects,left_branch_island_echo_question,True,False,True,True,345,-41.738121032714844,-50.341434478759766,1
Benjamin had returned to which oases?,Which had Benjamin returned to oases?,syntax,island_effects,left_branch_island_echo_question,True,False,True,True,346,-59.18125915527344,-53.78235626220703,0
All men were attacking what cashiers?,What were all men attacking cashiers?,syntax,island_effects,left_branch_island_echo_question,True,False,True,True,347,-49.12688446044922,-47.97431564331055,0
Victoria did forget what dancers?,What did Victoria forget dancers?,syntax,island_effects,left_branch_island_echo_question,True,False,True,True,348,-43.298805236816406,-43.26420974731445,0
Some hospital is boring what child?,What is some hospital boring child?,syntax,island_effects,left_branch_island_echo_question,True,False,True,True,349,-50.626739501953125,-46.45439910888672,0
Some tomatoes did look like whose painting?,Whose did some tomatoes look like painting?,syntax,island_effects,left_branch_island_echo_question,True,False,True,True,350,-58.54060745239258,-58.751705169677734,1
A lot of actors have known which men?,Which have a lot of actors known men?,syntax,island_effects,left_branch_island_echo_question,True,False,True,True,351,-49.88438415527344,-42.808040618896484,0
Karen did praise what offspring?,What did Karen praise offspring?,syntax,island_effects,left_branch_island_echo_question,True,False,True,True,352,-53.81383514404297,-41.8725471496582,0
Christina is concealing what people?,What is Christina concealing people?,syntax,island_effects,left_branch_island_echo_question,True,False,True,True,353,-42.889095306396484,-43.69466781616211,1
That actor had criticized which girl?,Which had that actor criticized girl?,syntax,island_effects,left_branch_island_echo_question,True,False,True,True,354,-50.41728210449219,-51.735103607177734,1
Beth would look like what prints?,What would Beth look like prints?,syntax,island_effects,left_branch_island_echo_question,True,False,True,True,355,-48.35613250732422,-46.97692108154297,0
Brian should tour whose art galleries?,Whose should Brian tour art galleries?,syntax,island_effects,left_branch_island_echo_question,True,False,True,True,356,-51.4774169921875,-61.51723098754883,1
All organizations are discussing which patient?,Which are all organizations discussing patient?,syntax,island_effects,left_branch_island_echo_question,True,False,True,True,357,-44.95594787597656,-46.73605728149414,1
Sarah might think about which boys?,Which might Sarah think about boys?,syntax,island_effects,left_branch_island_echo_question,True,False,True,True,358,-38.32105255126953,-44.30323791503906,1
Patients might praise which person?,Which might patients praise person?,syntax,island_effects,left_branch_island_echo_question,True,False,True,True,359,-45.80915069580078,-45.77232360839844,0
Cindy is observing what men?,What is Cindy observing men?,syntax,island_effects,left_branch_island_echo_question,True,False,True,True,360,-49.18287658691406,-43.650142669677734,0
Gina was running around whose glacier?,Whose was Gina running around glacier?,syntax,island_effects,left_branch_island_echo_question,True,False,True,True,361,-54.40420150756836,-64.12482452392578,1
Elizabeth is attacking which teachers?,Which is Elizabeth attacking teachers?,syntax,island_effects,left_branch_island_echo_question,True,False,True,True,362,-43.18794250488281,-42.74718475341797,0
Kenneth has biked to whose library?,Whose has Kenneth biked to library?,syntax,island_effects,left_branch_island_echo_question,True,False,True,True,363,-61.455780029296875,-70.43202209472656,1
Marla has arrived at which public park?,Which has Marla arrived at public park?,syntax,island_effects,left_branch_island_echo_question,True,False,True,True,364,-55.576236724853516,-57.4068489074707,1
Ann is boycotting which museum?,Which is Ann boycotting museum?,syntax,island_effects,left_branch_island_echo_question,True,False,True,True,365,-44.81077575683594,-45.82636260986328,1
Phillip had investigated which drivers?,Which had Phillip investigated drivers?,syntax,island_effects,left_branch_island_echo_question,True,False,True,True,366,-53.12194061279297,-52.65238952636719,0
The car was shocking what actresses?,What was the car shocking actresses?,syntax,island_effects,left_branch_island_echo_question,True,False,True,True,367,-51.64668273925781,-47.06660461425781,0
Patricia had fixed whose cars?,Whose had Patricia fixed cars?,syntax,island_effects,left_branch_island_echo_question,True,False,True,True,368,-51.98114776611328,-61.428619384765625,1
Patricia has bought whose bikes?,Whose has Patricia bought bikes?,syntax,island_effects,left_branch_island_echo_question,True,False,True,True,369,-49.8331184387207,-59.749305725097656,1
Veronica will think about what peppers?,What will Veronica think about peppers?,syntax,island_effects,left_branch_island_echo_question,True,False,True,True,370,-48.96106719970703,-47.55451965332031,0
Christopher might break which cup?,Which might Christopher break cup?,syntax,island_effects,left_branch_island_echo_question,True,False,True,True,371,-42.957054138183594,-52.79288864135742,1
Homer has fired which man?,Which has Homer fired man?,syntax,island_effects,left_branch_island_echo_question,True,False,True,True,372,-52.1441535949707,-46.29841995239258,0
Catherine can research what brochure?,What can Catherine research brochure?,syntax,island_effects,left_branch_island_echo_question,True,False,True,True,373,-51.60331726074219,-47.25383758544922,0
Janice had fled from which child?,Which had Janice fled from child?,syntax,island_effects,left_branch_island_echo_question,True,False,True,True,374,-51.423179626464844,-52.186893463134766,1
These commentaries were disagreeing with what boys?,What were these commentaries disagreeing with boys?,syntax,island_effects,left_branch_island_echo_question,True,False,True,True,375,-58.911231994628906,-60.63654708862305,1
Mark had visited which grocery store?,Which had Mark visited grocery store?,syntax,island_effects,left_branch_island_echo_question,True,False,True,True,376,-44.88261413574219,-51.15057373046875,1
Amy does ascend which mountains?,Which does Amy ascend mountains?,syntax,island_effects,left_branch_island_echo_question,True,False,True,True,377,-46.80669403076172,-44.978057861328125,0
Veronica would research whose stories?,Whose would Veronica research stories?,syntax,island_effects,left_branch_island_echo_question,True,False,True,True,378,-52.044166564941406,-57.583152770996094,1
Dennis was complaining about what women?,What was Dennis complaining about women?,syntax,island_effects,left_branch_island_echo_question,True,False,True,True,379,-43.099605560302734,-43.62156677246094,1
Dan is boring what dancer?,What is Dan boring dancer?,syntax,island_effects,left_branch_island_echo_question,True,False,True,True,380,-42.934165954589844,-46.15277099609375,1
The blouses were bothering what senator?,What were the blouses bothering senator?,syntax,island_effects,left_branch_island_echo_question,True,False,True,True,381,-54.71265411376953,-55.45107650756836,1
Angela had ascended whose mountain?,Whose had Angela ascended mountain?,syntax,island_effects,left_branch_island_echo_question,True,False,True,True,382,-53.451045989990234,-64.93449401855469,1
Nina can love which alumnus?,Which can Nina love alumnus?,syntax,island_effects,left_branch_island_echo_question,True,False,True,True,383,-54.265777587890625,-45.96898651123047,0
Travis had fixed which couches?,Which had Travis fixed couches?,syntax,island_effects,left_branch_island_echo_question,True,False,True,True,384,-57.275474548339844,-51.22249221801758,0
Amelia has healed which guests?,Which has Amelia healed guests?,syntax,island_effects,left_branch_island_echo_question,True,False,True,True,385,-53.58959197998047,-47.73176574707031,0
Bradley does sell which coats?,Which does Bradley sell coats?,syntax,island_effects,left_branch_island_echo_question,True,False,True,True,386,-52.4980583190918,-44.467803955078125,0
Gregory was scanning whose analysis?,Whose was Gregory scanning analysis?,syntax,island_effects,left_branch_island_echo_question,True,False,True,True,387,-52.29301452636719,-64.47557067871094,1
Janet could ascend which slopes?,Which could Janet ascend slopes?,syntax,island_effects,left_branch_island_echo_question,True,False,True,True,388,-53.09906005859375,-52.0147819519043,0
A hospital could appreciate whose libraries?,Whose could a hospital appreciate libraries?,syntax,island_effects,left_branch_island_echo_question,True,False,True,True,389,-58.6860237121582,-63.563392639160156,1
Joseph has sold whose closet?,Whose has Joseph sold closet?,syntax,island_effects,left_branch_island_echo_question,True,False,True,True,390,-45.135345458984375,-60.21384048461914,1
Many girls had fired what teenagers?,What had many girls fired teenagers?,syntax,island_effects,left_branch_island_echo_question,True,False,True,True,391,-52.77422332763672,-42.521385192871094,0
Larry has worried what children?,What has Larry worried children?,syntax,island_effects,left_branch_island_echo_question,True,False,True,True,392,-34.75830078125,-45.70602798461914,1
Claire was questioning what government?,What was Claire questioning government?,syntax,island_effects,left_branch_island_echo_question,True,False,True,True,393,-40.95781326293945,-46.63398742675781,1
Becca has fired which girl?,Which has Becca fired girl?,syntax,island_effects,left_branch_island_echo_question,True,False,True,True,394,-55.02070236206055,-51.133209228515625,0
The drawings were looking like what octopi?,What were the drawings looking like octopi?,syntax,island_effects,left_branch_island_echo_question,True,False,True,True,395,-63.10126876831055,-61.78623962402344,0
Some drawing does look like whose sketches?,Whose does some drawing look like sketches?,syntax,island_effects,left_branch_island_echo_question,True,False,True,True,396,-52.6380729675293,-58.99275588989258,1
Sally has referenced which customer?,Which has Sally referenced customer?,syntax,island_effects,left_branch_island_echo_question,True,False,True,True,397,-56.379695892333984,-52.63001251220703,0
These waiters are concealing which analyses?,Which are these waiters concealing analyses?,syntax,island_effects,left_branch_island_echo_question,True,False,True,True,398,-57.76506805419922,-59.537288665771484,1
Kenneth would skate around what grocery store?,What would Kenneth skate around grocery store?,syntax,island_effects,left_branch_island_echo_question,True,False,True,True,399,-58.774383544921875,-57.226280212402344,0
Laura had escaped from which girls?,Which had Laura escaped from girls?,syntax,island_effects,left_branch_island_echo_question,True,False,True,True,400,-42.02123260498047,-49.024818420410156,1
Theodore is selling whose wheelbarrows?,Whose is Theodore selling wheelbarrows?,syntax,island_effects,left_branch_island_echo_question,True,False,True,True,401,-70.61954498291016,-72.44981384277344,1
Galileo could care for which teenagers?,Which could Galileo care for teenagers?,syntax,island_effects,left_branch_island_echo_question,True,False,True,True,402,-59.07723617553711,-47.4737663269043,0
Brenda was biking to what closet?,What was Brenda biking to closet?,syntax,island_effects,left_branch_island_echo_question,True,False,True,True,403,-54.928306579589844,-56.13177490234375,1
Victoria has thought about whose glove?,Whose has Victoria thought about glove?,syntax,island_effects,left_branch_island_echo_question,True,False,True,True,404,-45.69081115722656,-59.4581298828125,1
Brenda has passed whose malls?,Whose has Brenda passed malls?,syntax,island_effects,left_branch_island_echo_question,True,False,True,True,405,-51.101051330566406,-60.349998474121094,1
The cashier had broken whose couches?,Whose had the cashier broken couches?,syntax,island_effects,left_branch_island_echo_question,True,False,True,True,406,-60.18142318725586,-59.071842193603516,0
Stephen can break which vases?,Which can Stephen break vases?,syntax,island_effects,left_branch_island_echo_question,True,False,True,True,407,-46.2281379699707,-52.58887481689453,1
Connie has watched what child?,What has Connie watched child?,syntax,island_effects,left_branch_island_echo_question,True,False,True,True,408,-44.328956604003906,-46.60938262939453,1
Jill would run around what bank?,What would Jill run around bank?,syntax,island_effects,left_branch_island_echo_question,True,False,True,True,409,-53.74164581298828,-50.302268981933594,0
The newspaper articles had disagreed with what students?,What had the newspaper articles disagreed with students?,syntax,island_effects,left_branch_island_echo_question,True,False,True,True,410,-59.204410552978516,-53.208740234375,0
Christine could descend what slope?,What could Christine descend slope?,syntax,island_effects,left_branch_island_echo_question,True,False,True,True,411,-50.74659729003906,-51.15231704711914,1
Laura did bring what ladder?,What did Laura bring ladder?,syntax,island_effects,left_branch_island_echo_question,True,False,True,True,412,-40.75518798828125,-45.583763122558594,1
Marcus is boasting about which child?,Which is Marcus boasting about child?,syntax,island_effects,left_branch_island_echo_question,True,False,True,True,413,-45.579315185546875,-53.79850769042969,1
Every photograph was looking like which snake?,Which was every photograph looking like snake?,syntax,island_effects,left_branch_island_echo_question,True,False,True,True,414,-52.1995849609375,-52.70288848876953,1
A lot of girls could sound like which customer?,Which could a lot of girls sound like customer?,syntax,island_effects,left_branch_island_echo_question,True,False,True,True,415,-63.398162841796875,-54.81897735595703,0
Gerald can criticize which child?,Which can Gerald criticize child?,syntax,island_effects,left_branch_island_echo_question,True,False,True,True,416,-53.673316955566406,-45.945865631103516,0
Some adult might tour which high schools?,Which might some adult tour high schools?,syntax,island_effects,left_branch_island_echo_question,True,False,True,True,417,-58.716041564941406,-53.544803619384766,0
Cheryl was disgusting which men?,Which was Cheryl disgusting men?,syntax,island_effects,left_branch_island_echo_question,True,False,True,True,418,-62.307884216308594,-46.297210693359375,0
Deborah should complain about whose pamphlets?,Whose should Deborah complain about pamphlets?,syntax,island_effects,left_branch_island_echo_question,True,False,True,True,419,-57.41058349609375,-60.7860107421875,1
George has visited what pedestrian?,What has George visited pedestrian?,syntax,island_effects,left_branch_island_echo_question,True,False,True,True,420,-40.35650634765625,-48.85383224487305,1
The waitresses would climb down whose slope?,Whose would the waitresses climb down slope?,syntax,island_effects,left_branch_island_echo_question,True,False,True,True,421,-61.25863265991211,-66.6275634765625,1
April could distract which organization?,Which could April distract organization?,syntax,island_effects,left_branch_island_echo_question,True,False,True,True,422,-45.0294075012207,-50.926841735839844,1
Some museum will embarrass which men?,Which will some museum embarrass men?,syntax,island_effects,left_branch_island_echo_question,True,False,True,True,423,-51.79206848144531,-50.5390625,0
Becca would sound like whose movies?,Whose would Becca sound like movies?,syntax,island_effects,left_branch_island_echo_question,True,False,True,True,424,-54.66950225830078,-63.5361213684082,1
Kendra had broken whose convertibles?,Whose had Kendra broken convertibles?,syntax,island_effects,left_branch_island_echo_question,True,False,True,True,425,-66.48759460449219,-73.29328918457031,1
The cashiers were thinking about which diagnosis?,Which were the cashiers thinking about diagnosis?,syntax,island_effects,left_branch_island_echo_question,True,False,True,True,426,-56.5776481628418,-50.965171813964844,0
Most windows had bothered what children?,What had most windows bothered children?,syntax,island_effects,left_branch_island_echo_question,True,False,True,True,427,-48.5428466796875,-47.74748229980469,0
The Lutherans can irritate which man?,Which can the Lutherans irritate man?,syntax,island_effects,left_branch_island_echo_question,True,False,True,True,428,-57.41383361816406,-54.095462799072266,0
Some casseroles were worrying which governments?,Which were some casseroles worrying governments?,syntax,island_effects,left_branch_island_echo_question,True,False,True,True,429,-62.91345977783203,-58.94858169555664,0
Ellen can skate around what oases?,What can Ellen skate around oases?,syntax,island_effects,left_branch_island_echo_question,True,False,True,True,430,-61.73809814453125,-63.18804168701172,1
Benjamin has gone to what hospitals?,What has Benjamin gone to hospitals?,syntax,island_effects,left_branch_island_echo_question,True,False,True,True,431,-50.09162139892578,-47.94734191894531,0
Theodore did tour which lake?,Which did Theodore tour lake?,syntax,island_effects,left_branch_island_echo_question,True,False,True,True,432,-56.93001937866211,-48.91331481933594,0
Suzanne might exit what cafe?,What might Suzanne exit cafe?,syntax,island_effects,left_branch_island_echo_question,True,False,True,True,433,-52.82001495361328,-54.90742492675781,1
Pamela is bothering what doctor?,What is Pamela bothering doctor?,syntax,island_effects,left_branch_island_echo_question,True,False,True,True,434,-50.04618835449219,-47.39398193359375,0
Some car will astound which girls?,Which will some car astound girls?,syntax,island_effects,left_branch_island_echo_question,True,False,True,True,435,-57.87824249267578,-52.19408416748047,0
All guys were working with which child?,Which were all guys working with child?,syntax,island_effects,left_branch_island_echo_question,True,False,True,True,436,-48.97954177856445,-47.9498291015625,0
The people should mess up whose museum?,Whose should the people mess up museum?,syntax,island_effects,left_branch_island_echo_question,True,False,True,True,437,-56.09294128417969,-59.19047164916992,1
Bruce was researching whose college campus?,Whose was Bruce researching college campus?,syntax,island_effects,left_branch_island_echo_question,True,False,True,True,438,-48.41653060913086,-63.39959716796875,1
Every sketch has looked like what eyes?,What has every sketch looked like eyes?,syntax,island_effects,left_branch_island_echo_question,True,False,True,True,439,-45.9520263671875,-51.613037109375,1
Cindy has annoyed what customer?,What has Cindy annoyed customer?,syntax,island_effects,left_branch_island_echo_question,True,False,True,True,440,-56.61579132080078,-48.2868766784668,0
Tina has approached what woman?,What has Tina approached woman?,syntax,island_effects,left_branch_island_echo_question,True,False,True,True,441,-44.662994384765625,-47.53156661987305,1
A lot of teachers will wear which jacket?,Which will a lot of teachers wear jacket?,syntax,island_effects,left_branch_island_echo_question,True,False,True,True,442,-57.631622314453125,-50.76727294921875,0
Travis has argued about what men?,What has Travis argued about men?,syntax,island_effects,left_branch_island_echo_question,True,False,True,True,443,-49.83583068847656,-49.9984130859375,1
Becca is scaring which senator?,Which is Becca scaring senator?,syntax,island_effects,left_branch_island_echo_question,True,False,True,True,444,-59.597904205322266,-55.00312423706055,0
Regina was helping which senators?,Which was Regina helping senators?,syntax,island_effects,left_branch_island_echo_question,True,False,True,True,445,-51.81437683105469,-48.01792907714844,0
Vanessa might tour which lake?,Which might Vanessa tour lake?,syntax,island_effects,left_branch_island_echo_question,True,False,True,True,446,-51.867164611816406,-52.20619201660156,1
Becky should break what tooth?,What should Becky break tooth?,syntax,island_effects,left_branch_island_echo_question,True,False,True,True,447,-44.812889099121094,-48.411659240722656,1
Every glass is worrying which people?,Which is every glass worrying people?,syntax,island_effects,left_branch_island_echo_question,True,False,True,True,448,-42.4291877746582,-47.27241134643555,1
Janet would kiss which customer?,Which would Janet kiss customer?,syntax,island_effects,left_branch_island_echo_question,True,False,True,True,449,-55.17717742919922,-46.40199279785156,0
Lucille was attacking which ladies?,Which was Lucille attacking ladies?,syntax,island_effects,left_branch_island_echo_question,True,False,True,True,450,-51.937740325927734,-49.292816162109375,0
These newspaper articles can annoy what children?,What can these newspaper articles annoy children?,syntax,island_effects,left_branch_island_echo_question,True,False,True,True,451,-51.99403381347656,-50.684242248535156,0
Wendy has driven to what school?,What has Wendy driven to school?,syntax,island_effects,left_branch_island_echo_question,True,False,True,True,452,-51.48168182373047,-49.80929183959961,0
These teachers will discuss what offspring?,What will these teachers discuss offspring?,syntax,island_effects,left_branch_island_echo_question,True,False,True,True,453,-44.059814453125,-45.91553497314453,1
The report has upset which alumni?,Which has the report upset alumni?,syntax,island_effects,left_branch_island_echo_question,True,False,True,True,454,-51.09614562988281,-47.309417724609375,0
Grace did hire what teenagers?,What did Grace hire teenagers?,syntax,island_effects,left_branch_island_echo_question,True,False,True,True,455,-49.828453063964844,-41.36681365966797,0
Suzanne was helping what waitresses?,What was Suzanne helping waitresses?,syntax,island_effects,left_branch_island_echo_question,True,False,True,True,456,-60.17362976074219,-58.023536682128906,0
Carla could watch what teachers?,What could Carla watch teachers?,syntax,island_effects,left_branch_island_echo_question,True,False,True,True,457,-47.304786682128906,-50.60197448730469,1
Deanna has researched which art gallery?,Which has Deanna researched art gallery?,syntax,island_effects,left_branch_island_echo_question,True,False,True,True,458,-51.96795654296875,-59.69963836669922,1
Some waitresses have described what guys?,What have some waitresses described guys?,syntax,island_effects,left_branch_island_echo_question,True,False,True,True,459,-52.69004821777344,-53.12415313720703,1
Derek has upset which organizations?,Which has Derek upset organizations?,syntax,island_effects,left_branch_island_echo_question,True,False,True,True,460,-55.51188659667969,-49.91694259643555,0
Some senator will reference what book?,What will some senator reference book?,syntax,island_effects,left_branch_island_echo_question,True,False,True,True,461,-49.394134521484375,-48.61500930786133,0
Ruth had hurt what waitress?,What had Ruth hurt waitress?,syntax,island_effects,left_branch_island_echo_question,True,False,True,True,462,-53.52356719970703,-48.7016716003418,0
Pamela should pass whose restaurant?,Whose should Pamela pass restaurant?,syntax,island_effects,left_branch_island_echo_question,True,False,True,True,463,-58.2155647277832,-59.68006134033203,1
Jill had messed up whose museum?,Whose had Jill messed up museum?,syntax,island_effects,left_branch_island_echo_question,True,False,True,True,464,-62.11638641357422,-64.88219451904297,1
Stephen had boasted about which actress?,Which had Stephen boasted about actress?,syntax,island_effects,left_branch_island_echo_question,True,False,True,True,465,-48.28711700439453,-55.79876708984375,1
Tanya has passed whose high school?,Whose has Tanya passed high school?,syntax,island_effects,left_branch_island_echo_question,True,False,True,True,466,-52.132484436035156,-60.52247619628906,1
A lot of stories have disagreed with what doctors?,What have a lot of stories disagreed with doctors?,syntax,island_effects,left_branch_island_echo_question,True,False,True,True,467,-57.77011489868164,-49.29612731933594,0
Steven should insult which waitresses?,Which should Steven insult waitresses?,syntax,island_effects,left_branch_island_echo_question,True,False,True,True,468,-54.7485466003418,-58.83073425292969,1
Paul was watching which child?,Which was Paul watching child?,syntax,island_effects,left_branch_island_echo_question,True,False,True,True,469,-38.760353088378906,-42.92981719970703,1
The cat had upset what men?,What had the cat upset men?,syntax,island_effects,left_branch_island_echo_question,True,False,True,True,470,-48.207191467285156,-40.21091842651367,0
That senator is upsetting what senators?,What is that senator upsetting senators?,syntax,island_effects,left_branch_island_echo_question,True,False,True,True,471,-51.8975715637207,-47.962547302246094,0
The dancer can notice which pants?,Which can the dancer notice pants?,syntax,island_effects,left_branch_island_echo_question,True,False,True,True,472,-51.46904373168945,-47.36901092529297,0
Omar had passed which high schools?,Which had Omar passed high schools?,syntax,island_effects,left_branch_island_echo_question,True,False,True,True,473,-54.24327850341797,-48.312957763671875,0
April is bringing which hamster?,Which is April bringing hamster?,syntax,island_effects,left_branch_island_echo_question,True,False,True,True,474,-48.59690856933594,-52.117515563964844,1
Those shirts were bothering which dancers?,Which were those shirts bothering dancers?,syntax,island_effects,left_branch_island_echo_question,True,False,True,True,475,-53.848941802978516,-52.128631591796875,0
Kirsten should bring whose shirt?,Whose should Kirsten bring shirt?,syntax,island_effects,left_branch_island_echo_question,True,False,True,True,476,-60.414093017578125,-57.100975036621094,0
Kevin was complaining about what student?,What was Kevin complaining about student?,syntax,island_effects,left_branch_island_echo_question,True,False,True,True,477,-36.613155364990234,-48.750362396240234,1
Eric has left what mountains?,What has Eric left mountains?,syntax,island_effects,left_branch_island_echo_question,True,False,True,True,478,-36.7474365234375,-42.47588348388672,1
Current events were confusing which student?,Which were current events confusing student?,syntax,island_effects,left_branch_island_echo_question,True,False,True,True,479,-50.87670135498047,-55.83638000488281,1
A boy did think about what governments?,What did a boy think about governments?,syntax,island_effects,left_branch_island_echo_question,True,False,True,True,480,-54.24324035644531,-44.889381408691406,0
Jill was buying which brochures?,Which was Jill buying brochures?,syntax,island_effects,left_branch_island_echo_question,True,False,True,True,481,-55.869171142578125,-47.91530990600586,0
Lawrence can astound which museum?,Which can Lawrence astound museum?,syntax,island_effects,left_branch_island_echo_question,True,False,True,True,482,-64.48297119140625,-50.37556457519531,0
The cart is distracting what guys?,What is the cart distracting guys?,syntax,island_effects,left_branch_island_echo_question,True,False,True,True,483,-51.194725036621094,-46.13262176513672,0
Irene has escaped from which men?,Which has Irene escaped from men?,syntax,island_effects,left_branch_island_echo_question,True,False,True,True,484,-55.142860412597656,-49.465965270996094,0
Jennifer has investigated what offspring?,What has Jennifer investigated offspring?,syntax,island_effects,left_branch_island_echo_question,True,False,True,True,485,-40.04890441894531,-51.338409423828125,1
Lucille was hiding what customer?,What was Lucille hiding customer?,syntax,island_effects,left_branch_island_echo_question,True,False,True,True,486,-47.21711730957031,-51.582359313964844,1
Tamara would admire whose pasta?,Whose would Tamara admire pasta?,syntax,island_effects,left_branch_island_echo_question,True,False,True,True,487,-53.488643646240234,-64.00906372070312,1
Those students are talking about whose movies?,Whose are those students talking about movies?,syntax,island_effects,left_branch_island_echo_question,True,False,True,True,488,-44.28326416015625,-52.889976501464844,1
Carl had concealed what doctors?,What had Carl concealed doctors?,syntax,island_effects,left_branch_island_echo_question,True,False,True,True,489,-43.88941192626953,-47.30632781982422,1
Marcus can observe which cashier?,Which can Marcus observe cashier?,syntax,island_effects,left_branch_island_echo_question,True,False,True,True,490,-44.66293716430664,-52.6284065246582,1
Those people have argued about which stimulus?,Which have those people argued about stimulus?,syntax,island_effects,left_branch_island_echo_question,True,False,True,True,491,-43.53231430053711,-48.02366638183594,1
Brian can buy which sketches?,Which can Brian buy sketches?,syntax,island_effects,left_branch_island_echo_question,True,False,True,True,492,-40.617431640625,-42.40087890625,1
Jerry had sounded like which mountains?,Which had Jerry sounded like mountains?,syntax,island_effects,left_branch_island_echo_question,True,False,True,True,493,-47.726070404052734,-52.21556854248047,1
Schools have forgotten whose books?,Whose have schools forgotten books?,syntax,island_effects,left_branch_island_echo_question,True,False,True,True,494,-41.99090576171875,-53.20393371582031,1
Linda had noticed which schools?,Which had Linda noticed schools?,syntax,island_effects,left_branch_island_echo_question,True,False,True,True,495,-51.590843200683594,-49.88916015625,0
Thomas was breaking whose tooth?,Whose was Thomas breaking tooth?,syntax,island_effects,left_branch_island_echo_question,True,False,True,True,496,-43.832908630371094,-55.86682891845703,1
Angela is buying what pictures?,What is Angela buying pictures?,syntax,island_effects,left_branch_island_echo_question,True,False,True,True,497,-43.3282470703125,-42.290199279785156,0
Elaine is breaking what computers?,What is Elaine breaking computers?,syntax,island_effects,left_branch_island_echo_question,True,False,True,True,498,-46.9239616394043,-45.264225006103516,0
Steven had arrived at what museum?,What had Steven arrived at museum?,syntax,island_effects,left_branch_island_echo_question,True,False,True,True,499,-40.63890838623047,-47.57518768310547,1
Stephen has argued about what teenager?,What has Stephen argued about teenager?,syntax,island_effects,left_branch_island_echo_question,True,False,True,True,500,-42.469276428222656,-56.22413635253906,1
Suzanne has referenced whose movies?,Whose has Suzanne referenced movies?,syntax,island_effects,left_branch_island_echo_question,True,False,True,True,501,-54.91487503051758,-60.5538330078125,1
Frank was talking to which boys?,Which was Frank talking to boys?,syntax,island_effects,left_branch_island_echo_question,True,False,True,True,502,-37.32417297363281,-43.10426330566406,1
Beverly should break what unicycle?,What should Beverly break unicycle?,syntax,island_effects,left_branch_island_echo_question,True,False,True,True,503,-66.64004516601562,-55.193519592285156,0
That icicle has disturbed what teacher?,What has that icicle disturbed teacher?,syntax,island_effects,left_branch_island_echo_question,True,False,True,True,504,-64.13941192626953,-58.86384582519531,0
Michelle is kissing which offspring?,Which is Michelle kissing offspring?,syntax,island_effects,left_branch_island_echo_question,True,False,True,True,505,-44.44971466064453,-44.15202713012695,0
Ronald was exiting whose library?,Whose was Ronald exiting library?,syntax,island_effects,left_branch_island_echo_question,True,False,True,True,506,-52.778358459472656,-61.20520782470703,1
Thomas was disturbing whose library?,Whose was Thomas disturbing library?,syntax,island_effects,left_branch_island_echo_question,True,False,True,True,507,-45.49503707885742,-60.39714050292969,1
Every cashier has referenced whose theses?,Whose has every cashier referenced theses?,syntax,island_effects,left_branch_island_echo_question,True,False,True,True,508,-64.50477600097656,-70.42311096191406,1
The waitress can question what pedestrian?,What can the waitress question pedestrian?,syntax,island_effects,left_branch_island_echo_question,True,False,True,True,509,-50.774330139160156,-48.18522644042969,0
A lot of hamsters are astounding which boy?,Which are a lot of hamsters astounding boy?,syntax,island_effects,left_branch_island_echo_question,True,False,True,True,510,-63.47024917602539,-57.64359664916992,0
Carl was returning to which people?,Which was Carl returning to people?,syntax,island_effects,left_branch_island_echo_question,True,False,True,True,511,-38.57012939453125,-44.11614990234375,1
Many tomatoes had alarmed which teacher?,Which had many tomatoes alarmed teacher?,syntax,island_effects,left_branch_island_echo_question,True,False,True,True,512,-59.80924987792969,-59.22787857055664,0
Kirsten has explored whose hospitals?,Whose has Kirsten explored hospitals?,syntax,island_effects,left_branch_island_echo_question,True,False,True,True,513,-66.69464111328125,-66.77967071533203,1
Becca had noticed what skirt?,What had Becca noticed skirt?,syntax,island_effects,left_branch_island_echo_question,True,False,True,True,514,-52.55799102783203,-54.34374237060547,1
Tonya is questioning whose library?,Whose is Tonya questioning library?,syntax,island_effects,left_branch_island_echo_question,True,False,True,True,515,-49.786903381347656,-65.910888671875,1
Heather could reveal what art galleries?,What could Heather reveal art galleries?,syntax,island_effects,left_branch_island_echo_question,True,False,True,True,516,-55.009765625,-53.923492431640625,0
Kevin was alarming whose company?,Whose was Kevin alarming company?,syntax,island_effects,left_branch_island_echo_question,True,False,True,True,517,-44.06085968017578,-60.51416015625,1
Kristen was discussing what child?,What was Kristen discussing child?,syntax,island_effects,left_branch_island_echo_question,True,False,True,True,518,-39.951499938964844,-45.355506896972656,1
Suzanne can lift what rivers?,What can Suzanne lift rivers?,syntax,island_effects,left_branch_island_echo_question,True,False,True,True,519,-50.87699890136719,-52.226585388183594,1
Rodney was fleeing from which boy?,Which was Rodney fleeing from boy?,syntax,island_effects,left_branch_island_echo_question,True,False,True,True,520,-50.63724899291992,-47.703582763671875,0
Kristen does hate which people?,Which does Kristen hate people?,syntax,island_effects,left_branch_island_echo_question,True,False,True,True,521,-44.91410827636719,-40.82667541503906,0
Travis can reference which waiter?,Which can Travis reference waiter?,syntax,island_effects,left_branch_island_echo_question,True,False,True,True,522,-58.18770217895508,-51.483238220214844,0
Erin had scanned which essays?,Which had Erin scanned essays?,syntax,island_effects,left_branch_island_echo_question,True,False,True,True,523,-48.4299201965332,-48.28486633300781,0
Andrew has scanned whose theses?,Whose has Andrew scanned theses?,syntax,island_effects,left_branch_island_echo_question,True,False,True,True,524,-47.92193603515625,-60.202110290527344,1
Many governments have taken whose octopi?,Whose have many governments taken octopi?,syntax,island_effects,left_branch_island_echo_question,True,False,True,True,525,-60.764984130859375,-76.79390716552734,1
A lot of carts are boring which alumni?,Which are a lot of carts boring alumni?,syntax,island_effects,left_branch_island_echo_question,True,False,True,True,526,-62.99835205078125,-58.41222381591797,0
Cynthia had brought what books?,What had Cynthia brought books?,syntax,island_effects,left_branch_island_echo_question,True,False,True,True,527,-50.75859832763672,-41.92970275878906,0
Kendra can astound which girls?,Which can Kendra astound girls?,syntax,island_effects,left_branch_island_echo_question,True,False,True,True,528,-62.43388748168945,-54.81903076171875,0
Kevin does look like what sketch?,What does Kevin look like sketch?,syntax,island_effects,left_branch_island_echo_question,True,False,True,True,529,-38.48806381225586,-45.19007873535156,1
Those hats have disgusted whose banks?,Whose have those hats disgusted banks?,syntax,island_effects,left_branch_island_echo_question,True,False,True,True,530,-60.606163024902344,-66.15029907226562,1
The public park had astounded whose hospital?,Whose had the public park astounded hospital?,syntax,island_effects,left_branch_island_echo_question,True,False,True,True,531,-65.38824462890625,-71.7833480834961,1
The drawing is looking like which guests?,Which is the drawing looking like guests?,syntax,island_effects,left_branch_island_echo_question,True,False,True,True,532,-52.94063186645508,-44.687164306640625,0
All senators had hurt what guests?,What had all senators hurt guests?,syntax,island_effects,left_branch_island_echo_question,True,False,True,True,533,-49.54376220703125,-48.61296081542969,0
The teenager should ascend what slope?,What should the teenager ascend slope?,syntax,island_effects,left_branch_island_echo_question,True,False,True,True,534,-51.65281295776367,-48.392250061035156,0
Tanya can visit what bank?,What can Tanya visit bank?,syntax,island_effects,left_branch_island_echo_question,True,False,True,True,535,-50.64617156982422,-45.41399383544922,0
Sheila was looking like whose photographs?,Whose was Sheila looking like photographs?,syntax,island_effects,left_branch_island_echo_question,True,False,True,True,536,-51.28060531616211,-63.7362060546875,1
Rose was concealing which waiters?,Which was Rose concealing waiters?,syntax,island_effects,left_branch_island_echo_question,True,False,True,True,537,-49.466033935546875,-53.06303405761719,1
Noah does scan which essay?,Which does Noah scan essay?,syntax,island_effects,left_branch_island_echo_question,True,False,True,True,538,-53.89847946166992,-42.072044372558594,0
Julie might notice whose dress?,Whose might Julie notice dress?,syntax,island_effects,left_branch_island_echo_question,True,False,True,True,539,-46.35447692871094,-60.460174560546875,1
Jodi is attacking what men?,What is Jodi attacking men?,syntax,island_effects,left_branch_island_echo_question,True,False,True,True,540,-44.298248291015625,-40.739933013916016,0
Caroline will shock what adults?,What will Caroline shock adults?,syntax,island_effects,left_branch_island_echo_question,True,False,True,True,541,-46.48020935058594,-43.474891662597656,0
Timothy has respected whose libraries?,Whose has Timothy respected libraries?,syntax,island_effects,left_branch_island_echo_question,True,False,True,True,542,-57.38143539428711,-62.85851287841797,1
Roger would descend which mountain?,Which would Roger descend mountain?,syntax,island_effects,left_branch_island_echo_question,True,False,True,True,543,-42.47270202636719,-50.42101287841797,1
Bradley had kissed which dancers?,Which had Bradley kissed dancers?,syntax,island_effects,left_branch_island_echo_question,True,False,True,True,544,-52.387454986572266,-52.706687927246094,1
All waitresses should listen to what man?,What should all waitresses listen to man?,syntax,island_effects,left_branch_island_echo_question,True,False,True,True,545,-51.480674743652344,-54.91106414794922,1
Connie was investigating what woman?,What was Connie investigating woman?,syntax,island_effects,left_branch_island_echo_question,True,False,True,True,546,-44.632293701171875,-46.93269348144531,1
Maria has passed what glaciers?,What has Maria passed glaciers?,syntax,island_effects,left_branch_island_echo_question,True,False,True,True,547,-38.3306770324707,-45.381935119628906,1
The doctors would heal what actor?,What would the doctors heal actor?,syntax,island_effects,left_branch_island_echo_question,True,False,True,True,548,-48.99381637573242,-45.39431381225586,0
Every dancer was referencing whose analyses?,Whose was every dancer referencing analyses?,syntax,island_effects,left_branch_island_echo_question,True,False,True,True,549,-59.202762603759766,-71.63958740234375,1
A woman had investigated whose hospitals?,Whose had a woman investigated hospitals?,syntax,island_effects,left_branch_island_echo_question,True,False,True,True,550,-52.42403030395508,-58.08457946777344,1
Eva should discuss what waiter?,What should Eva discuss waiter?,syntax,island_effects,left_branch_island_echo_question,True,False,True,True,551,-39.057579040527344,-50.627723693847656,1
Many dancers had insulted whose libraries?,Whose had many dancers insulted libraries?,syntax,island_effects,left_branch_island_echo_question,True,False,True,True,552,-63.66225814819336,-68.72936248779297,1
Those steps do irritate which dancers?,Which do those steps irritate dancers?,syntax,island_effects,left_branch_island_echo_question,True,False,True,True,553,-59.84672546386719,-49.73857498168945,0
Patrick should observe which dancers?,Which should Patrick observe dancers?,syntax,island_effects,left_branch_island_echo_question,True,False,True,True,554,-42.870277404785156,-52.00438690185547,1
Tammy has attacked what student?,What has Tammy attacked student?,syntax,island_effects,left_branch_island_echo_question,True,False,True,True,555,-52.32693862915039,-50.450416564941406,0
Every turtle is ascending what stairs?,What is every turtle ascending stairs?,syntax,island_effects,left_branch_island_echo_question,True,False,True,True,556,-55.14710235595703,-51.623985290527344,0
Lucille does drive to what lakes?,What does Lucille drive to lakes?,syntax,island_effects,left_branch_island_echo_question,True,False,True,True,557,-53.25151824951172,-52.91638946533203,0
That person had lifted whose chicken?,Whose had that person lifted chicken?,syntax,island_effects,left_branch_island_echo_question,True,False,True,True,558,-51.83082962036133,-56.65066146850586,1
Many boys have fired what pedestrian?,What have many boys fired pedestrian?,syntax,island_effects,left_branch_island_echo_question,True,False,True,True,559,-55.14252471923828,-52.42534255981445,0
Martin does appreciate which dancers?,Which does Martin appreciate dancers?,syntax,island_effects,left_branch_island_echo_question,True,False,True,True,560,-43.10912322998047,-48.69047927856445,1
Travel does annoy which waiter?,Which does travel annoy waiter?,syntax,island_effects,left_branch_island_echo_question,True,False,True,True,561,-47.57032775878906,-46.09346389770508,0
Patricia had remembered which woman?,Which had Patricia remembered woman?,syntax,island_effects,left_branch_island_echo_question,True,False,True,True,562,-46.99900436401367,-46.075233459472656,0
The Borgias could hug which actor?,Which could the Borgias hug actor?,syntax,island_effects,left_branch_island_echo_question,True,False,True,True,563,-62.78047180175781,-62.33027648925781,0
The doctor has fired what girls?,What has the doctor fired girls?,syntax,island_effects,left_branch_island_echo_question,True,False,True,True,564,-50.41202163696289,-43.4610595703125,0
Julie is descending which hills?,Which is Julie descending hills?,syntax,island_effects,left_branch_island_echo_question,True,False,True,True,565,-47.61326599121094,-47.72223663330078,1
Marie might sound like what waitresses?,What might Marie sound like waitresses?,syntax,island_effects,left_branch_island_echo_question,True,False,True,True,566,-46.45708084106445,-59.307979583740234,1
Most guys are fixing whose convertible?,Whose are most guys fixing convertible?,syntax,island_effects,left_branch_island_echo_question,True,False,True,True,567,-51.45206832885742,-62.04320526123047,1
Karen should examine whose reports?,Whose should Karen examine reports?,syntax,island_effects,left_branch_island_echo_question,True,False,True,True,568,-52.60500717163086,-55.693111419677734,1
A senator had hugged which actors?,Which had a senator hugged actors?,syntax,island_effects,left_branch_island_echo_question,True,False,True,True,569,-56.556800842285156,-49.20780563354492,0
These children were praising which student?,Which were these children praising student?,syntax,island_effects,left_branch_island_echo_question,True,False,True,True,570,-49.36249923706055,-48.850921630859375,0
These trucks are upsetting which patients?,Which are these trucks upsetting patients?,syntax,island_effects,left_branch_island_echo_question,True,False,True,True,571,-51.11512756347656,-51.13368225097656,1
Karla can descend which ladders?,Which can Karla descend ladders?,syntax,island_effects,left_branch_island_echo_question,True,False,True,True,572,-58.88569641113281,-61.02466583251953,1
Michael might approach what girls?,What might Michael approach girls?,syntax,island_effects,left_branch_island_echo_question,True,False,True,True,573,-39.967010498046875,-47.268226623535156,1
Colleen had fixed what chairs?,What had Colleen fixed chairs?,syntax,island_effects,left_branch_island_echo_question,True,False,True,True,574,-50.243621826171875,-48.83769226074219,0
Helen has investigated which girl?,Which has Helen investigated girl?,syntax,island_effects,left_branch_island_echo_question,True,False,True,True,575,-49.863983154296875,-52.41471481323242,1
Christopher could break what carriages?,What could Christopher break carriages?,syntax,island_effects,left_branch_island_echo_question,True,False,True,True,576,-44.20271301269531,-53.833518981933594,1
Rebecca did buy which lakes?,Which did Rebecca buy lakes?,syntax,island_effects,left_branch_island_echo_question,True,False,True,True,577,-57.714012145996094,-45.757347106933594,0
Ann had loved which adult?,Which had Ann loved adult?,syntax,island_effects,left_branch_island_echo_question,True,False,True,True,578,-44.37506866455078,-48.22303009033203,1
Some bicycle had looked like which drawing?,Which had some bicycle looked like drawing?,syntax,island_effects,left_branch_island_echo_question,True,False,True,True,579,-59.76106262207031,-54.489295959472656,0
Karen can walk through whose restaurant?,Whose can Karen walk through restaurant?,syntax,island_effects,left_branch_island_echo_question,True,False,True,True,580,-56.74373245239258,-59.590633392333984,1
Thomas will disgust which customers?,Which will Thomas disgust customers?,syntax,island_effects,left_branch_island_echo_question,True,False,True,True,581,-46.1677131652832,-45.960567474365234,0
Sheila did like what newspaper article?,What did Sheila like newspaper article?,syntax,island_effects,left_branch_island_echo_question,True,False,True,True,582,-55.032623291015625,-48.450191497802734,0
Samantha was working with which boys?,Which was Samantha working with boys?,syntax,island_effects,left_branch_island_echo_question,True,False,True,True,583,-54.95225524902344,-42.97200393676758,0
The Lutherans have examined what stories?,What have the Lutherans examined stories?,syntax,island_effects,left_branch_island_echo_question,True,False,True,True,584,-48.42945861816406,-54.35289001464844,1
Richard might sell which cilantro?,Which might Richard sell cilantro?,syntax,island_effects,left_branch_island_echo_question,True,False,True,True,585,-49.59770584106445,-53.736507415771484,1
Sabrina would love which report?,Which would Sabrina love report?,syntax,island_effects,left_branch_island_echo_question,True,False,True,True,586,-49.49062728881836,-48.906394958496094,0
This eye is disturbing whose hospitals?,Whose is this eye disturbing hospitals?,syntax,island_effects,left_branch_island_echo_question,True,False,True,True,587,-56.946449279785156,-62.66633605957031,1
Andrea was curing what sheep?,What was Andrea curing sheep?,syntax,island_effects,left_branch_island_echo_question,True,False,True,True,588,-53.81901550292969,-49.67161560058594,0
A candle is scaring what teenager?,What is a candle scaring teenager?,syntax,island_effects,left_branch_island_echo_question,True,False,True,True,589,-52.34507369995117,-44.49850845336914,0
Many teachers had helped which patient?,Which had many teachers helped patient?,syntax,island_effects,left_branch_island_echo_question,True,False,True,True,590,-50.174625396728516,-48.6743049621582,0
Patrick had noticed which ladies?,Which had Patrick noticed ladies?,syntax,island_effects,left_branch_island_echo_question,True,False,True,True,591,-41.97694396972656,-46.8470344543457,1
Mark has investigated which boy?,Which has Mark investigated boy?,syntax,island_effects,left_branch_island_echo_question,True,False,True,True,592,-43.00849914550781,-50.16632843017578,1
Marie was cleaning what mouth?,What was Marie cleaning mouth?,syntax,island_effects,left_branch_island_echo_question,True,False,True,True,593,-37.5362548828125,-46.050453186035156,1
Beth was visiting which men?,Which was Beth visiting men?,syntax,island_effects,left_branch_island_echo_question,True,False,True,True,594,-48.80712127685547,-42.595760345458984,0
Holly had biked to which mall?,Which had Holly biked to mall?,syntax,island_effects,left_branch_island_echo_question,True,False,True,True,595,-61.03962707519531,-57.547367095947266,0
Brian had taken what skateboards?,What had Brian taken skateboards?,syntax,island_effects,left_branch_island_echo_question,True,False,True,True,596,-45.18526077270508,-52.10631561279297,1
Jacqueline had revealed what drivers?,What had Jacqueline revealed drivers?,syntax,island_effects,left_branch_island_echo_question,True,False,True,True,597,-52.8485107421875,-49.20682907104492,0
Randolf does climb down whose mountains?,Whose does Randolf climb down mountains?,syntax,island_effects,left_branch_island_echo_question,True,False,True,True,598,-58.76385498046875,-72.8531723022461,1
Becky should sound like whose newspaper articles?,Whose should Becky sound like newspaper articles?,syntax,island_effects,left_branch_island_echo_question,True,False,True,True,599,-59.11546325683594,-65.39767456054688,1
Most hills are impressing which guests?,Which are most hills impressing guests?,syntax,island_effects,left_branch_island_echo_question,True,False,True,True,600,-55.59587860107422,-53.807586669921875,0
The guest was talking about what restaurants?,What was the guest talking about restaurants?,syntax,island_effects,left_branch_island_echo_question,True,False,True,True,601,-42.84320831298828,-40.720741271972656,0
Karla has approached what doctors?,What has Karla approached doctors?,syntax,island_effects,left_branch_island_echo_question,True,False,True,True,602,-47.19584655761719,-50.134429931640625,1
Walter does help what actresses?,What does Walter help actresses?,syntax,island_effects,left_branch_island_echo_question,True,False,True,True,603,-48.60683059692383,-43.6888542175293,0
Martha did conceal what eye?,What did Martha conceal eye?,syntax,island_effects,left_branch_island_echo_question,True,False,True,True,604,-46.397151947021484,-44.65370178222656,0
Naomi can have what truck?,What can Naomi have truck?,syntax,island_effects,left_branch_island_echo_question,True,False,True,True,605,-45.740203857421875,-45.28437423706055,0
Christopher will reference what teacher?,What will Christopher reference teacher?,syntax,island_effects,left_branch_island_echo_question,True,False,True,True,606,-38.44989776611328,-47.493560791015625,1
Every dancer does reveal which dancer?,Which does every dancer reveal dancer?,syntax,island_effects,left_branch_island_echo_question,True,False,True,True,607,-49.38262939453125,-47.31641387939453,0
The dress is worrying what schools?,What is the dress worrying schools?,syntax,island_effects,left_branch_island_echo_question,True,False,True,True,608,-48.99480056762695,-49.01111602783203,1
Those doors were astounding which teacher?,Which were those doors astounding teacher?,syntax,island_effects,left_branch_island_echo_question,True,False,True,True,609,-55.52446746826172,-56.233543395996094,1
Kevin is disturbing what university?,What is Kevin disturbing university?,syntax,island_effects,left_branch_island_echo_question,True,False,True,True,610,-39.334529876708984,-46.05071258544922,1
Every sock can shock what lady?,What can every sock shock lady?,syntax,island_effects,left_branch_island_echo_question,True,False,True,True,611,-51.68572235107422,-50.691856384277344,0
Gerald is astounding which patients?,Which is Gerald astounding patients?,syntax,island_effects,left_branch_island_echo_question,True,False,True,True,612,-52.44342803955078,-47.622196197509766,0
Andrea does lift what schools?,What does Andrea lift schools?,syntax,island_effects,left_branch_island_echo_question,True,False,True,True,613,-53.09618377685547,-46.054359436035156,0
Cindy does take which convertibles?,Which does Cindy take convertibles?,syntax,island_effects,left_branch_island_echo_question,True,False,True,True,614,-64.86071014404297,-50.937355041503906,0
Dawn can observe what children?,What can Dawn observe children?,syntax,island_effects,left_branch_island_echo_question,True,False,True,True,615,-43.318119049072266,-43.832275390625,1
That sketch had looked like whose dresses?,Whose had that sketch looked like dresses?,syntax,island_effects,left_branch_island_echo_question,True,False,True,True,616,-54.88786315917969,-64.63925170898438,1
A doctor was cleaning what fork?,What was a doctor cleaning fork?,syntax,island_effects,left_branch_island_echo_question,True,False,True,True,617,-50.33692169189453,-39.739532470703125,0
Those guests were passing whose libraries?,Whose were those guests passing libraries?,syntax,island_effects,left_branch_island_echo_question,True,False,True,True,618,-54.94402313232422,-63.36411666870117,1
Lissa did question what senator?,What did Lissa question senator?,syntax,island_effects,left_branch_island_echo_question,True,False,True,True,619,-48.901771545410156,-54.14807891845703,1
Sally was finding which chairs?,Which was Sally finding chairs?,syntax,island_effects,left_branch_island_echo_question,True,False,True,True,620,-52.59633255004883,-47.01033020019531,0
Connie has insulted which guys?,Which has Connie insulted guys?,syntax,island_effects,left_branch_island_echo_question,True,False,True,True,621,-51.103633880615234,-48.24532699584961,0
This doctor is returning to which oases?,Which is this doctor returning to oases?,syntax,island_effects,left_branch_island_echo_question,True,False,True,True,622,-57.19732666015625,-57.372169494628906,1
Sherry was climbing up which ladder?,Which was Sherry climbing up ladder?,syntax,island_effects,left_branch_island_echo_question,True,False,True,True,623,-55.28105926513672,-53.98268508911133,0
Dennis was passing whose closet?,Whose was Dennis passing closet?,syntax,island_effects,left_branch_island_echo_question,True,False,True,True,624,-56.78593063354492,-63.11542510986328,1
Denise was selling whose bananas?,Whose was Denise selling bananas?,syntax,island_effects,left_branch_island_echo_question,True,False,True,True,625,-53.02163314819336,-57.08049774169922,1
Carlos did bring what shirts?,What did Carlos bring shirts?,syntax,island_effects,left_branch_island_echo_question,True,False,True,True,626,-50.617218017578125,-41.863468170166016,0
Monica has walked through which closet?,Which has Monica walked through closet?,syntax,island_effects,left_branch_island_echo_question,True,False,True,True,627,-51.785118103027344,-53.29665756225586,1
The mirror can worry what cashier?,What can the mirror worry cashier?,syntax,island_effects,left_branch_island_echo_question,True,False,True,True,628,-53.29424285888672,-50.85856628417969,0
Brian will dislike which waitresses?,Which will Brian dislike waitresses?,syntax,island_effects,left_branch_island_echo_question,True,False,True,True,629,-53.04032897949219,-56.746673583984375,1
John did lift what hamsters?,What did John lift hamsters?,syntax,island_effects,left_branch_island_echo_question,True,False,True,True,630,-50.80968475341797,-46.16687774658203,0
Russell would bore which person?,Which would Russell bore person?,syntax,island_effects,left_branch_island_echo_question,True,False,True,True,631,-43.21247100830078,-45.458580017089844,1
Becca has admired what birds?,What has Becca admired birds?,syntax,island_effects,left_branch_island_echo_question,True,False,True,True,632,-51.18522262573242,-51.57640075683594,1
Dennis could fix which windows?,Which could Dennis fix windows?,syntax,island_effects,left_branch_island_echo_question,True,False,True,True,633,-48.28366470336914,-41.48741149902344,0
Ella would wear which skirt?,Which would Ella wear skirt?,syntax,island_effects,left_branch_island_echo_question,True,False,True,True,634,-48.65874099731445,-46.09377670288086,0
Stephen should clean whose turtle?,Whose should Stephen clean turtle?,syntax,island_effects,left_branch_island_echo_question,True,False,True,True,635,-49.100833892822266,-60.46147155761719,1
Keith is escaping from what guests?,What is Keith escaping from guests?,syntax,island_effects,left_branch_island_echo_question,True,False,True,True,636,-39.08154296875,-49.09978103637695,1
Erin should know what doctors?,What should Erin know doctors?,syntax,island_effects,left_branch_island_echo_question,True,False,True,True,637,-40.05997085571289,-43.1934700012207,1
Judy might discover which actors?,Which might Judy discover actors?,syntax,island_effects,left_branch_island_echo_question,True,False,True,True,638,-46.32111358642578,-47.66984939575195,1
That dancer might sound like what offspring?,What might that dancer sound like offspring?,syntax,island_effects,left_branch_island_echo_question,True,False,True,True,639,-52.980323791503906,-55.439613342285156,1
William can leave which school?,Which can William leave school?,syntax,island_effects,left_branch_island_echo_question,True,False,True,True,640,-39.53810119628906,-40.64562225341797,1
Grace would mess up what rug?,What would Grace mess up rug?,syntax,island_effects,left_branch_island_echo_question,True,False,True,True,641,-47.570228576660156,-53.57598876953125,1
Ellen is dropping by what malls?,What is Ellen dropping by malls?,syntax,island_effects,left_branch_island_echo_question,True,False,True,True,642,-54.64403533935547,-55.147430419921875,1
Colleen had escaped from which guys?,Which had Colleen escaped from guys?,syntax,island_effects,left_branch_island_echo_question,True,False,True,True,643,-53.71686553955078,-53.27261734008789,0
An actress does boast about what waiters?,What does an actress boast about waiters?,syntax,island_effects,left_branch_island_echo_question,True,False,True,True,644,-58.52803039550781,-50.57902526855469,0
Beverly should bring which bicycles?,Which should Beverly bring bicycles?,syntax,island_effects,left_branch_island_echo_question,True,False,True,True,645,-59.28655242919922,-49.10594177246094,0
Dana had shocked which teenagers?,Which had Dana shocked teenagers?,syntax,island_effects,left_branch_island_echo_question,True,False,True,True,646,-50.69473648071289,-49.22002029418945,0
That bird is stunning what offspring?,What is that bird stunning offspring?,syntax,island_effects,left_branch_island_echo_question,True,False,True,True,647,-51.53135299682617,-46.67407989501953,0
All patients have distracted which libraries?,Which have all patients distracted libraries?,syntax,island_effects,left_branch_island_echo_question,True,False,True,True,648,-53.348548889160156,-48.97483825683594,0
Danielle had forgotten what waiters?,What had Danielle forgotten waiters?,syntax,island_effects,left_branch_island_echo_question,True,False,True,True,649,-50.071533203125,-51.50556564331055,1
Lucille has cured which boys?,Which has Lucille cured boys?,syntax,island_effects,left_branch_island_echo_question,True,False,True,True,650,-50.993080139160156,-51.33359909057617,1
Rose has fixed whose bicycle?,Whose has Rose fixed bicycle?,syntax,island_effects,left_branch_island_echo_question,True,False,True,True,651,-45.256675720214844,-60.73350524902344,1
Claire will ascend what hill?,What will Claire ascend hill?,syntax,island_effects,left_branch_island_echo_question,True,False,True,True,652,-44.984519958496094,-48.07550048828125,1
Sara is irritating what adult?,What is Sara irritating adult?,syntax,island_effects,left_branch_island_echo_question,True,False,True,True,653,-49.166961669921875,-47.064701080322266,0
Bikes had annoyed whose banks?,Whose had bikes annoyed banks?,syntax,island_effects,left_branch_island_echo_question,True,False,True,True,654,-58.41677474975586,-60.663734436035156,1
Catherine has boasted about which waiters?,Which has Catherine boasted about waiters?,syntax,island_effects,left_branch_island_echo_question,True,False,True,True,655,-61.90570068359375,-57.215911865234375,0
Anne has annoyed what legislatures?,What has Anne annoyed legislatures?,syntax,island_effects,left_branch_island_echo_question,True,False,True,True,656,-45.67951965332031,-56.33617401123047,1
Joseph has broken whose truck?,Whose has Joseph broken truck?,syntax,island_effects,left_branch_island_echo_question,True,False,True,True,657,-41.70119857788086,-58.306636810302734,1
Martha is breaking which mirror?,Which is Martha breaking mirror?,syntax,island_effects,left_branch_island_echo_question,True,False,True,True,658,-47.17326354980469,-43.48157501220703,0
Travis can approach which adult?,Which can Travis approach adult?,syntax,island_effects,left_branch_island_echo_question,True,False,True,True,659,-56.519378662109375,-47.58869934082031,0
Catherine was messing up whose malls?,Whose was Catherine messing up malls?,syntax,island_effects,left_branch_island_echo_question,True,False,True,True,660,-62.58831024169922,-67.6193618774414,1
Some dancers have remembered what teacher?,What have some dancers remembered teacher?,syntax,island_effects,left_branch_island_echo_question,True,False,True,True,661,-46.72962188720703,-48.30823516845703,1
Peter had disgusted whose museums?,Whose had Peter disgusted museums?,syntax,island_effects,left_branch_island_echo_question,True,False,True,True,662,-52.69459533691406,-64.01467895507812,1
Tracy should sell what newspaper articles?,What should Tracy sell newspaper articles?,syntax,island_effects,left_branch_island_echo_question,True,False,True,True,663,-53.4687614440918,-47.91291809082031,0
Anna could help what waitresses?,What could Anna help waitresses?,syntax,island_effects,left_branch_island_echo_question,True,False,True,True,664,-47.675025939941406,-52.922325134277344,1
Vanessa has exited what lakes?,What has Vanessa exited lakes?,syntax,island_effects,left_branch_island_echo_question,True,False,True,True,665,-49.28001403808594,-52.021209716796875,1
This student has seen which mirrors?,Which has this student seen mirrors?,syntax,island_effects,left_branch_island_echo_question,True,False,True,True,666,-50.09306335449219,-49.17005157470703,0
Mary had dropped by what grocery stores?,What had Mary dropped by grocery stores?,syntax,island_effects,left_branch_island_echo_question,True,False,True,True,667,-47.04032897949219,-52.139381408691406,1
That cafe was stunning which alumnus?,Which was that cafe stunning alumnus?,syntax,island_effects,left_branch_island_echo_question,True,False,True,True,668,-55.57978820800781,-57.297264099121094,1
Carol should conceal whose tooth?,Whose should Carol conceal tooth?,syntax,island_effects,left_branch_island_echo_question,True,False,True,True,669,-52.75792694091797,-58.16558837890625,1
Carlos had hated which person?,Which had Carlos hated person?,syntax,island_effects,left_branch_island_echo_question,True,False,True,True,670,-50.645851135253906,-48.95555114746094,0
Steve is working with what senators?,What is Steve working with senators?,syntax,island_effects,left_branch_island_echo_question,True,False,True,True,671,-37.76533889770508,-42.84773635864258,1
Gerald was climbing down which hill?,Which was Gerald climbing down hill?,syntax,island_effects,left_branch_island_echo_question,True,False,True,True,672,-51.83396911621094,-49.74805450439453,0
Omar is visiting what glacier?,What is Omar visiting glacier?,syntax,island_effects,left_branch_island_echo_question,True,False,True,True,673,-46.628231048583984,-45.45775604248047,0
The adult was disgusting what cashiers?,What was the adult disgusting cashiers?,syntax,island_effects,left_branch_island_echo_question,True,False,True,True,674,-59.63954544067383,-48.3549919128418,0
Barbara has broken which wheelbarrow?,Which has Barbara broken wheelbarrow?,syntax,island_effects,left_branch_island_echo_question,True,False,True,True,675,-59.899810791015625,-63.20009231567383,1
Teresa could examine what pamphlet?,What could Teresa examine pamphlet?,syntax,island_effects,left_branch_island_echo_question,True,False,True,True,676,-53.01031494140625,-48.394596099853516,0
Patricia could kiss which boy?,Which could Patricia kiss boy?,syntax,island_effects,left_branch_island_echo_question,True,False,True,True,677,-47.4998893737793,-45.86870193481445,0
Some casseroles had irritated what customers?,What had some casseroles irritated customers?,syntax,island_effects,left_branch_island_echo_question,True,False,True,True,678,-60.87053680419922,-51.10375213623047,0
Every dancer might complain about which girls?,Which might every dancer complain about girls?,syntax,island_effects,left_branch_island_echo_question,True,False,True,True,679,-52.27845001220703,-54.151084899902344,1
Some customer had boycotted which art galleries?,Which had some customer boycotted art galleries?,syntax,island_effects,left_branch_island_echo_question,True,False,True,True,680,-82.050048828125,-74.67127990722656,0
Stacey has climbed up whose steps?,Whose has Stacey climbed up steps?,syntax,island_effects,left_branch_island_echo_question,True,False,True,True,681,-54.090667724609375,-66.6593246459961,1
Carl does lift which door?,Which does Carl lift door?,syntax,island_effects,left_branch_island_echo_question,True,False,True,True,682,-43.422637939453125,-43.23257827758789,0
Marie should alarm whose organization?,Whose should Marie alarm organization?,syntax,island_effects,left_branch_island_echo_question,True,False,True,True,683,-48.087440490722656,-63.489234924316406,1
The woman has talked about which cashiers?,Which has the woman talked about cashiers?,syntax,island_effects,left_branch_island_echo_question,True,False,True,True,684,-54.81553268432617,-48.6727294921875,0
Larry can remember what teacher?,What can Larry remember teacher?,syntax,island_effects,left_branch_island_echo_question,True,False,True,True,685,-36.51643371582031,-45.62191390991211,1
Nicole will drop by what museum?,What will Nicole drop by museum?,syntax,island_effects,left_branch_island_echo_question,True,False,True,True,686,-53.74610137939453,-52.37519073486328,0
Naomi is scanning which pamphlet?,Which is Naomi scanning pamphlet?,syntax,island_effects,left_branch_island_echo_question,True,False,True,True,687,-54.51661682128906,-49.03717803955078,0
Amanda was boycotting whose malls?,Whose was Amanda boycotting malls?,syntax,island_effects,left_branch_island_echo_question,True,False,True,True,688,-57.33567810058594,-67.06501770019531,1
Some dancer had talked to what dancers?,What had some dancer talked to dancers?,syntax,island_effects,left_branch_island_echo_question,True,False,True,True,689,-51.87751388549805,-51.5195198059082,0
Kenneth had shocked which guy?,Which had Kenneth shocked guy?,syntax,island_effects,left_branch_island_echo_question,True,False,True,True,690,-47.72356414794922,-49.40867614746094,1
Dennis can run around whose movie theaters?,Whose can Dennis run around movie theaters?,syntax,island_effects,left_branch_island_echo_question,True,False,True,True,691,-60.321250915527344,-63.70066833496094,1
Gary is working with which men?,Which is Gary working with men?,syntax,island_effects,left_branch_island_echo_question,True,False,True,True,692,-33.140228271484375,-39.7779655456543,1
Rachel has disgusted which men?,Which has Rachel disgusted men?,syntax,island_effects,left_branch_island_echo_question,True,False,True,True,693,-43.372772216796875,-46.412513732910156,1
Laurie has forgotten which thesis?,Which has Laurie forgotten thesis?,syntax,island_effects,left_branch_island_echo_question,True,False,True,True,694,-55.59172058105469,-50.373512268066406,0
Dawn might discover whose museum?,Whose might Dawn discover museum?,syntax,island_effects,left_branch_island_echo_question,True,False,True,True,695,-53.60886001586914,-64.39009094238281,1
Alice had talked to what guy?,What had Alice talked to guy?,syntax,island_effects,left_branch_island_echo_question,True,False,True,True,696,-35.658477783203125,-46.00629425048828,1
Regina had hired what men?,What had Regina hired men?,syntax,island_effects,left_branch_island_echo_question,True,False,True,True,697,-48.098846435546875,-40.891197204589844,0
Wendy was exiting whose museum?,Whose was Wendy exiting museum?,syntax,island_effects,left_branch_island_echo_question,True,False,True,True,698,-61.23188018798828,-63.13766098022461,1
Bradley had seen what dancers?,What had Bradley seen dancers?,syntax,island_effects,left_branch_island_echo_question,True,False,True,True,699,-45.17727279663086,-48.79074478149414,1
These reports had disturbed what waitress?,What had these reports disturbed waitress?,syntax,island_effects,left_branch_island_echo_question,True,False,True,True,700,-57.66094970703125,-56.8155403137207,0
Noah is watching what actress?,What is Noah watching actress?,syntax,island_effects,left_branch_island_echo_question,True,False,True,True,701,-45.911376953125,-41.19441223144531,0
Helen has complained about whose hypotheses?,Whose has Helen complained about hypotheses?,syntax,island_effects,left_branch_island_echo_question,True,False,True,True,702,-54.14305114746094,-65.33867645263672,1
Helen has discovered whose chairs?,Whose has Helen discovered chairs?,syntax,island_effects,left_branch_island_echo_question,True,False,True,True,703,-49.59943389892578,-59.150718688964844,1
A lot of teachers had admired which reports?,Which had a lot of teachers admired reports?,syntax,island_effects,left_branch_island_echo_question,True,False,True,True,704,-64.68011474609375,-54.81300735473633,0
Amelia does know which woman?,Which does Amelia know woman?,syntax,island_effects,left_branch_island_echo_question,True,False,True,True,705,-46.12718963623047,-36.78668212890625,0
Cynthia has run around which oasis?,Which has Cynthia run around oasis?,syntax,island_effects,left_branch_island_echo_question,True,False,True,True,706,-64.92540740966797,-59.737091064453125,0
Bethany was exploring what lakes?,What was Bethany exploring lakes?,syntax,island_effects,left_branch_island_echo_question,True,False,True,True,707,-54.32673645019531,-54.0166130065918,0
The Impressionists could boast about whose ellipses?,Whose could the Impressionists boast about ellipses?,syntax,island_effects,left_branch_island_echo_question,True,False,True,True,708,-70.03608703613281,-76.02510833740234,1
Suzanne had healed which rabbits?,Which had Suzanne healed rabbits?,syntax,island_effects,left_branch_island_echo_question,True,False,True,True,709,-54.4711799621582,-53.53762435913086,0
Benjamin has fled from what men?,What has Benjamin fled from men?,syntax,island_effects,left_branch_island_echo_question,True,False,True,True,710,-53.10087585449219,-48.654178619384766,0
Carrie had listened to what offspring?,What had Carrie listened to offspring?,syntax,island_effects,left_branch_island_echo_question,True,False,True,True,711,-50.27399444580078,-48.607643127441406,0
Some essay was distracting what children?,What was some essay distracting children?,syntax,island_effects,left_branch_island_echo_question,True,False,True,True,712,-47.18678283691406,-46.920806884765625,0
Susan had cleaned what schools?,What had Susan cleaned schools?,syntax,island_effects,left_branch_island_echo_question,True,False,True,True,713,-43.87352752685547,-47.29320526123047,1
Naomi has walked through what bank?,What has Naomi walked through bank?,syntax,island_effects,left_branch_island_echo_question,True,False,True,True,714,-50.95209503173828,-50.800262451171875,0
Christopher was boycotting which museums?,Which was Christopher boycotting museums?,syntax,island_effects,left_branch_island_echo_question,True,False,True,True,715,-48.15573501586914,-49.7655143737793,1
The book had bothered what senators?,What had the book bothered senators?,syntax,island_effects,left_branch_island_echo_question,True,False,True,True,716,-52.26940155029297,-47.46120071411133,0
Brenda would help what student?,What would Brenda help student?,syntax,island_effects,left_branch_island_echo_question,True,False,True,True,717,-44.63284683227539,-41.66432189941406,0
This cashier is revealing whose college campus?,Whose is this cashier revealing college campus?,syntax,island_effects,left_branch_island_echo_question,True,False,True,True,718,-65.41470336914062,-67.6378173828125,1
Irene had walked through what bank?,What had Irene walked through bank?,syntax,island_effects,left_branch_island_echo_question,True,False,True,True,719,-59.481956481933594,-49.36356735229492,0
Pamela had watched what pedestrians?,What had Pamela watched pedestrians?,syntax,island_effects,left_branch_island_echo_question,True,False,True,True,720,-55.46919250488281,-49.42601013183594,0
This pedestrian has insulted which customers?,Which has this pedestrian insulted customers?,syntax,island_effects,left_branch_island_echo_question,True,False,True,True,721,-57.64862060546875,-51.21186447143555,0
Wayne had returned to what ladies?,What had Wayne returned to ladies?,syntax,island_effects,left_branch_island_echo_question,True,False,True,True,722,-50.66026306152344,-44.90309524536133,0
Helen is bringing whose newspaper article?,Whose is Helen bringing newspaper article?,syntax,island_effects,left_branch_island_echo_question,True,False,True,True,723,-55.913116455078125,-64.40345764160156,1
Brad was passing whose libraries?,Whose was Brad passing libraries?,syntax,island_effects,left_branch_island_echo_question,True,False,True,True,724,-48.26906967163086,-62.4682731628418,1
The casserole was shocking which patient?,Which was the casserole shocking patient?,syntax,island_effects,left_branch_island_echo_question,True,False,True,True,725,-58.96214294433594,-55.058895111083984,0
Karen might stun whose museums?,Whose might Karen stun museums?,syntax,island_effects,left_branch_island_echo_question,True,False,True,True,726,-64.61927032470703,-64.52236938476562,0
That boy is leaving what hills?,What is that boy leaving hills?,syntax,island_effects,left_branch_island_echo_question,True,False,True,True,727,-47.38068389892578,-44.87889862060547,0
Eric was scaring what men?,What was Eric scaring men?,syntax,island_effects,left_branch_island_echo_question,True,False,True,True,728,-38.153846740722656,-43.47587585449219,1
William could research which mall?,Which could William research mall?,syntax,island_effects,left_branch_island_echo_question,True,False,True,True,729,-46.66313171386719,-49.76765823364258,1
Meredith had looked like what picture?,What had Meredith looked like picture?,syntax,island_effects,left_branch_island_echo_question,True,False,True,True,730,-47.037261962890625,-46.81269836425781,0
Frank will visit whose schools?,Whose will Frank visit schools?,syntax,island_effects,left_branch_island_echo_question,True,False,True,True,731,-43.04420471191406,-54.85054397583008,1
A child was disturbing what cashiers?,What was a child disturbing cashiers?,syntax,island_effects,left_branch_island_echo_question,True,False,True,True,732,-56.6152458190918,-45.61539840698242,0
Julia has cared for which waitress?,Which has Julia cared for waitress?,syntax,island_effects,left_branch_island_echo_question,True,False,True,True,733,-50.037384033203125,-53.755714416503906,1
Carlos did talk about which lady?,Which did Carlos talk about lady?,syntax,island_effects,left_branch_island_echo_question,True,False,True,True,734,-51.48181915283203,-46.803375244140625,0
Sherry has worried whose schools?,Whose has Sherry worried schools?,syntax,island_effects,left_branch_island_echo_question,True,False,True,True,735,-57.4787712097168,-58.905704498291016,1
Some ladder can worry which child?,Which can some ladder worry child?,syntax,island_effects,left_branch_island_echo_question,True,False,True,True,736,-52.990577697753906,-53.92372131347656,1
Laura was curing what cats?,What was Laura curing cats?,syntax,island_effects,left_branch_island_echo_question,True,False,True,True,737,-42.16339111328125,-48.30708312988281,1
Sarah could heal which student?,Which could Sarah heal student?,syntax,island_effects,left_branch_island_echo_question,True,False,True,True,738,-44.34111785888672,-46.627349853515625,1
Ella has respected whose art galleries?,Whose has Ella respected art galleries?,syntax,island_effects,left_branch_island_echo_question,True,False,True,True,739,-63.2623291015625,-66.21737670898438,1
Pamela can hate what men?,What can Pamela hate men?,syntax,island_effects,left_branch_island_echo_question,True,False,True,True,740,-47.676273345947266,-44.48558044433594,0
Samantha is firing what woman?,What is Samantha firing woman?,syntax,island_effects,left_branch_island_echo_question,True,False,True,True,741,-52.537109375,-42.382179260253906,0
Rodney could discover what people?,What could Rodney discover people?,syntax,island_effects,left_branch_island_echo_question,True,False,True,True,742,-44.25738525390625,-40.19673156738281,0
Regina had worried whose schools?,Whose had Regina worried schools?,syntax,island_effects,left_branch_island_echo_question,True,False,True,True,743,-53.90514373779297,-58.73827362060547,1
Tiffany had kissed what people?,What had Tiffany kissed people?,syntax,island_effects,left_branch_island_echo_question,True,False,True,True,744,-57.92950439453125,-44.90544509887695,0
Those women were exiting whose school?,Whose were those women exiting school?,syntax,island_effects,left_branch_island_echo_question,True,False,True,True,745,-49.08456039428711,-56.417091369628906,1
A lot of children have complained about which medium?,Which have a lot of children complained about medium?,syntax,island_effects,left_branch_island_echo_question,True,False,True,True,746,-54.945247650146484,-50.07573699951172,0
Clyde would reveal which waitresses?,Which would Clyde reveal waitresses?,syntax,island_effects,left_branch_island_echo_question,True,False,True,True,747,-66.00826263427734,-55.71562194824219,0
Rebecca is firing what pedestrian?,What is Rebecca firing pedestrian?,syntax,island_effects,left_branch_island_echo_question,True,False,True,True,748,-52.234832763671875,-47.57749938964844,0
The people were selling what eyes?,What were the people selling eyes?,syntax,island_effects,left_branch_island_echo_question,True,False,True,True,749,-42.62545394897461,-35.923118591308594,0
Sonia would listen to what offspring?,What would Sonia listen to offspring?,syntax,island_effects,left_branch_island_echo_question,True,False,True,True,750,-48.58205795288086,-46.29890060424805,0
Meredith had passed what museums?,What had Meredith passed museums?,syntax,island_effects,left_branch_island_echo_question,True,False,True,True,751,-51.31941223144531,-45.95600891113281,0
Leslie will describe what drivers?,What will Leslie describe drivers?,syntax,island_effects,left_branch_island_echo_question,True,False,True,True,752,-44.13946533203125,-46.649471282958984,1
Those doctors are lifting whose coat?,Whose are those doctors lifting coat?,syntax,island_effects,left_branch_island_echo_question,True,False,True,True,753,-51.33851623535156,-60.788719177246094,1
Many banks have fired which students?,Which have many banks fired students?,syntax,island_effects,left_branch_island_echo_question,True,False,True,True,754,-49.72824478149414,-47.96587371826172,0
Rachelle can annoy what company?,What can Rachelle annoy company?,syntax,island_effects,left_branch_island_echo_question,True,False,True,True,755,-48.373191833496094,-52.928123474121094,1
The waiters were aggravating which banks?,Which were the waiters aggravating banks?,syntax,island_effects,left_branch_island_echo_question,True,False,True,True,756,-55.987937927246094,-52.20515441894531,0
Tracy had known which dancer?,Which had Tracy known dancer?,syntax,island_effects,left_branch_island_echo_question,True,False,True,True,757,-52.289024353027344,-50.026161193847656,0
Mitchell did see what alumni?,What did Mitchell see alumni?,syntax,island_effects,left_branch_island_echo_question,True,False,True,True,758,-48.8599853515625,-39.629112243652344,0
Alan was lifting which teeth?,Which was Alan lifting teeth?,syntax,island_effects,left_branch_island_echo_question,True,False,True,True,759,-41.88574981689453,-46.928466796875,1
James would examine whose newspaper article?,Whose would James examine newspaper article?,syntax,island_effects,left_branch_island_echo_question,True,False,True,True,760,-48.13500213623047,-62.05412673950195,1
Harvard University did hire what actresses?,What did Harvard University hire actresses?,syntax,island_effects,left_branch_island_echo_question,True,False,True,True,761,-56.155967712402344,-46.997840881347656,0
Most hamsters have looked like what photographs?,What have most hamsters looked like photographs?,syntax,island_effects,left_branch_island_echo_question,True,False,True,True,762,-53.868438720703125,-57.14013671875,1
Michelle would impress what ladies?,What would Michelle impress ladies?,syntax,island_effects,left_branch_island_echo_question,True,False,True,True,763,-37.85359191894531,-43.796566009521484,1
Carla has talked about what cafe?,What has Carla talked about cafe?,syntax,island_effects,left_branch_island_echo_question,True,False,True,True,764,-45.530033111572266,-53.361732482910156,1
The cashiers had disgusted which actress?,Which had the cashiers disgusted actress?,syntax,island_effects,left_branch_island_echo_question,True,False,True,True,765,-63.181884765625,-55.77924346923828,0
Deanna has talked to which driver?,Which has Deanna talked to driver?,syntax,island_effects,left_branch_island_echo_question,True,False,True,True,766,-48.0694465637207,-53.80720520019531,1
These jackets were astounding what child?,What were these jackets astounding child?,syntax,island_effects,left_branch_island_echo_question,True,False,True,True,767,-52.22837829589844,-57.62649917602539,1
Tracy has brought which carts?,Which has Tracy brought carts?,syntax,island_effects,left_branch_island_echo_question,True,False,True,True,768,-48.10447311401367,-49.8599967956543,1
A woman was dropping by which schools?,Which was a woman dropping by schools?,syntax,island_effects,left_branch_island_echo_question,True,False,True,True,769,-56.842018127441406,-44.23847961425781,0
Tara can complain about which girl?,Which can Tara complain about girl?,syntax,island_effects,left_branch_island_echo_question,True,False,True,True,770,-52.08544158935547,-45.31153106689453,0
Some reports would disagree with what story?,What would some reports disagree with story?,syntax,island_effects,left_branch_island_echo_question,True,False,True,True,771,-44.22624206542969,-51.64508819580078,1
Leslie was finding what waitress?,What was Leslie finding waitress?,syntax,island_effects,left_branch_island_echo_question,True,False,True,True,772,-48.27324295043945,-49.90585708618164,1
A pedestrian was running around what schools?,What was a pedestrian running around schools?,syntax,island_effects,left_branch_island_echo_question,True,False,True,True,773,-51.886592864990234,-44.25114822387695,0
Donald was referencing which senators?,Which was Donald referencing senators?,syntax,island_effects,left_branch_island_echo_question,True,False,True,True,774,-46.14792251586914,-48.86486053466797,1
Gregory would shock what boys?,What would Gregory shock boys?,syntax,island_effects,left_branch_island_echo_question,True,False,True,True,775,-49.113895416259766,-43.681785583496094,0
Joel is noticing which offspring?,Which is Joel noticing offspring?,syntax,island_effects,left_branch_island_echo_question,True,False,True,True,776,-49.41119384765625,-47.645179748535156,0
Jessica had disgusted whose association?,Whose had Jessica disgusted association?,syntax,island_effects,left_branch_island_echo_question,True,False,True,True,777,-46.065338134765625,-66.23360443115234,1
Eric would help what cashiers?,What would Eric help cashiers?,syntax,island_effects,left_branch_island_echo_question,True,False,True,True,778,-41.40910339355469,-45.456871032714844,1
Brenda was discussing what lady?,What was Brenda discussing lady?,syntax,island_effects,left_branch_island_echo_question,True,False,True,True,779,-42.37349319458008,-46.830360412597656,1
Randolf had ascended what slopes?,What had Randolf ascended slopes?,syntax,island_effects,left_branch_island_echo_question,True,False,True,True,780,-56.58574676513672,-65.10128784179688,1
This pie does bore what drivers?,What does this pie bore drivers?,syntax,island_effects,left_branch_island_echo_question,True,False,True,True,781,-55.58074188232422,-45.62018585205078,0
Debra had climbed up whose slope?,Whose had Debra climbed up slope?,syntax,island_effects,left_branch_island_echo_question,True,False,True,True,782,-56.1321907043457,-68.35858917236328,1
Charles would descend whose hill?,Whose would Charles descend hill?,syntax,island_effects,left_branch_island_echo_question,True,False,True,True,783,-41.961151123046875,-57.71186828613281,1
Eva did talk to which alumnus?,Which did Eva talk to alumnus?,syntax,island_effects,left_branch_island_echo_question,True,False,True,True,784,-45.42951965332031,-46.41504669189453,1
Naomi has disliked which pedestrians?,Which has Naomi disliked pedestrians?,syntax,island_effects,left_branch_island_echo_question,True,False,True,True,785,-59.70653533935547,-53.903778076171875,0
Those men have hurt which waitress?,Which have those men hurt waitress?,syntax,island_effects,left_branch_island_echo_question,True,False,True,True,786,-51.42562484741211,-49.5744743347168,0
Wendy is examining which analysis?,Which is Wendy examining analysis?,syntax,island_effects,left_branch_island_echo_question,True,False,True,True,787,-49.393699645996094,-49.58197021484375,1
The Great Lakes were impressing what men?,What were the Great Lakes impressing men?,syntax,island_effects,left_branch_island_echo_question,True,False,True,True,788,-58.97837448120117,-53.342838287353516,0
Alice did alarm what doctor?,What did Alice alarm doctor?,syntax,island_effects,left_branch_island_echo_question,True,False,True,True,789,-46.20494842529297,-47.41227340698242,1
Erin is helping which waiter?,Which is Erin helping waiter?,syntax,island_effects,left_branch_island_echo_question,True,False,True,True,790,-50.242130279541016,-47.996185302734375,0
Carol has skated around whose mountains?,Whose has Carol skated around mountains?,syntax,island_effects,left_branch_island_echo_question,True,False,True,True,791,-60.234046936035156,-64.66447448730469,1
Some pedestrian does annoy what committee?,What does some pedestrian annoy committee?,syntax,island_effects,left_branch_island_echo_question,True,False,True,True,792,-61.0132942199707,-56.23924255371094,0
Some movies would disagree with what child?,What would some movies disagree with child?,syntax,island_effects,left_branch_island_echo_question,True,False,True,True,793,-45.687477111816406,-48.63053894042969,1
Galileo was talking to which women?,Which was Galileo talking to women?,syntax,island_effects,left_branch_island_echo_question,True,False,True,True,794,-53.88288116455078,-43.258270263671875,0
Katherine was dropping by whose school?,Whose was Katherine dropping by school?,syntax,island_effects,left_branch_island_echo_question,True,False,True,True,795,-54.6035270690918,-59.75801086425781,1
Carrie had biked to whose library?,Whose had Carrie biked to library?,syntax,island_effects,left_branch_island_echo_question,True,False,True,True,796,-61.581748962402344,-70.27041625976562,1
Sharon might fire which guests?,Which might Sharon fire guests?,syntax,island_effects,left_branch_island_echo_question,True,False,True,True,797,-54.94145584106445,-49.391807556152344,0
Bethany would argue about which pedestrian?,Which would Bethany argue about pedestrian?,syntax,island_effects,left_branch_island_echo_question,True,False,True,True,798,-61.39274597167969,-60.647850036621094,0
Michelle did forget what offspring?,What did Michelle forget offspring?,syntax,island_effects,left_branch_island_echo_question,True,False,True,True,799,-42.51707458496094,-47.17678451538086,1
Jill should drop by what malls?,What should Jill drop by malls?,syntax,island_effects,left_branch_island_echo_question,True,False,True,True,800,-62.26396560668945,-53.75617980957031,0
Some doctor is wearing which skirt?,Which is some doctor wearing skirt?,syntax,island_effects,left_branch_island_echo_question,True,False,True,True,801,-46.39904022216797,-46.93389892578125,1
Brad has described which guys?,Which has Brad described guys?,syntax,island_effects,left_branch_island_echo_question,True,False,True,True,802,-40.106990814208984,-45.26495361328125,1
Most actors are escaping from what high school?,What are most actors escaping from high school?,syntax,island_effects,left_branch_island_echo_question,True,False,True,True,803,-52.813072204589844,-47.87181854248047,0
Some paintings have irritated which dancer?,Which have some paintings irritated dancer?,syntax,island_effects,left_branch_island_echo_question,True,False,True,True,804,-56.8699836730957,-53.909759521484375,0
Beth is hiring which doctor?,Which is Beth hiring doctor?,syntax,island_effects,left_branch_island_echo_question,True,False,True,True,805,-50.798702239990234,-41.21705627441406,0
Some couch had embarrassed whose banks?,Whose had some couch embarrassed banks?,syntax,island_effects,left_branch_island_echo_question,True,False,True,True,806,-62.4510383605957,-65.81834411621094,1
Travis should kiss what waiters?,What should Travis kiss waiters?,syntax,island_effects,left_branch_island_echo_question,True,False,True,True,807,-57.30284118652344,-52.833839416503906,0
Amanda was passing whose movie theaters?,Whose was Amanda passing movie theaters?,syntax,island_effects,left_branch_island_echo_question,True,False,True,True,808,-60.176849365234375,-68.70764923095703,1
Many guests were returning to which movie theater?,Which were many guests returning to movie theater?,syntax,island_effects,left_branch_island_echo_question,True,False,True,True,809,-54.61296463012695,-51.07660675048828,0
Deanna had toured whose banks?,Whose had Deanna toured banks?,syntax,island_effects,left_branch_island_echo_question,True,False,True,True,810,-57.94207763671875,-68.93960571289062,1
Gina should bore which patient?,Which should Gina bore patient?,syntax,island_effects,left_branch_island_echo_question,True,False,True,True,811,-52.683433532714844,-48.44386291503906,0
Carol might drop by what schools?,What might Carol drop by schools?,syntax,island_effects,left_branch_island_echo_question,True,False,True,True,812,-52.70854568481445,-49.136756896972656,0
Naomi will return to what malls?,What will Naomi return to malls?,syntax,island_effects,left_branch_island_echo_question,True,False,True,True,813,-50.9816780090332,-48.183189392089844,0
Ruth does drop by what hospitals?,What does Ruth drop by hospitals?,syntax,island_effects,left_branch_island_echo_question,True,False,True,True,814,-58.299869537353516,-47.27760314941406,0
That person can visit which person?,Which can that person visit person?,syntax,island_effects,left_branch_island_echo_question,True,False,True,True,815,-38.469024658203125,-40.70410919189453,1
Thomas was irritating what alumnus?,What was Thomas irritating alumnus?,syntax,island_effects,left_branch_island_echo_question,True,False,True,True,816,-44.80823516845703,-50.9833984375,1
Lucille did visit which public parks?,Which did Lucille visit public parks?,syntax,island_effects,left_branch_island_echo_question,True,False,True,True,817,-58.54682159423828,-51.918548583984375,0
Robert was concealing whose plays?,Whose was Robert concealing plays?,syntax,island_effects,left_branch_island_echo_question,True,False,True,True,818,-44.822811126708984,-59.054847717285156,1
Jesus was exploring what public park?,What was Jesus exploring public park?,syntax,island_effects,left_branch_island_echo_question,True,False,True,True,819,-44.817649841308594,-50.105201721191406,1
Sheila has escaped from what dancer?,What has Sheila escaped from dancer?,syntax,island_effects,left_branch_island_echo_question,True,False,True,True,820,-55.82412338256836,-55.78204345703125,0
Lucille has worked with what child?,What has Lucille worked with child?,syntax,island_effects,left_branch_island_echo_question,True,False,True,True,821,-44.67314910888672,-53.5214958190918,1
Theodore had admired which icicles?,Which had Theodore admired icicles?,syntax,island_effects,left_branch_island_echo_question,True,False,True,True,822,-61.101348876953125,-58.3077392578125,0
Brenda has visited which student?,Which has Brenda visited student?,syntax,island_effects,left_branch_island_echo_question,True,False,True,True,823,-46.89921569824219,-48.03369903564453,1
Kristen has escaped from what women?,What has Kristen escaped from women?,syntax,island_effects,left_branch_island_echo_question,True,False,True,True,824,-45.03865051269531,-47.787479400634766,1
Anne is criticizing which person?,Which is Anne criticizing person?,syntax,island_effects,left_branch_island_echo_question,True,False,True,True,825,-36.822792053222656,-44.74872970581055,1
Stacy has questioned which cashier?,Which has Stacy questioned cashier?,syntax,island_effects,left_branch_island_echo_question,True,False,True,True,826,-52.52128982543945,-53.07331085205078,1
Caroline might dislike what analyses?,What might Caroline dislike analyses?,syntax,island_effects,left_branch_island_echo_question,True,False,True,True,827,-54.86508560180664,-54.06597900390625,0
Katherine can describe which analysis?,Which can Katherine describe analysis?,syntax,island_effects,left_branch_island_echo_question,True,False,True,True,828,-49.64588928222656,-47.23673629760742,0
Most universities have hired what student?,What have most universities hired student?,syntax,island_effects,left_branch_island_echo_question,True,False,True,True,829,-45.535213470458984,-48.23196029663086,1
Colleen is listening to what lady?,What is Colleen listening to lady?,syntax,island_effects,left_branch_island_echo_question,True,False,True,True,830,-45.30121612548828,-48.25099182128906,1
Most children had approached what drivers?,What had most children approached drivers?,syntax,island_effects,left_branch_island_echo_question,True,False,True,True,831,-47.83720016479492,-43.78141784667969,0
Danielle should astound which drivers?,Which should Danielle astound drivers?,syntax,island_effects,left_branch_island_echo_question,True,False,True,True,832,-59.5478515625,-54.96158218383789,0
Carl was lifting whose turtles?,Whose was Carl lifting turtles?,syntax,island_effects,left_branch_island_echo_question,True,False,True,True,833,-50.893394470214844,-60.9830207824707,1
Bill is fixing what carriages?,What is Bill fixing carriages?,syntax,island_effects,left_branch_island_echo_question,True,False,True,True,834,-38.739776611328125,-45.780799865722656,1
The prints were looking like whose jacket?,Whose were the prints looking like jacket?,syntax,island_effects,left_branch_island_echo_question,True,False,True,True,835,-56.486663818359375,-61.44981384277344,1
Irene does boast about which diagnoses?,Which does Irene boast about diagnoses?,syntax,island_effects,left_branch_island_echo_question,True,False,True,True,836,-66.2269058227539,-53.967857360839844,0
Monica had sounded like which children?,Which had Monica sounded like children?,syntax,island_effects,left_branch_island_echo_question,True,False,True,True,837,-53.70977783203125,-50.996089935302734,0
Brenda is selling what photograph?,What is Brenda selling photograph?,syntax,island_effects,left_branch_island_echo_question,True,False,True,True,838,-43.23443603515625,-44.23417663574219,1
Erin might insult which actors?,Which might Erin insult actors?,syntax,island_effects,left_branch_island_echo_question,True,False,True,True,839,-52.617435455322266,-50.097198486328125,0
Russell will buy which lamps?,Which will Russell buy lamps?,syntax,island_effects,left_branch_island_echo_question,True,False,True,True,840,-40.40963363647461,-43.29624938964844,1
Anne did investigate whose organization?,Whose did Anne investigate organization?,syntax,island_effects,left_branch_island_echo_question,True,False,True,True,841,-45.454063415527344,-57.772037506103516,1
Some waitress had visited which drivers?,Which had some waitress visited drivers?,syntax,island_effects,left_branch_island_echo_question,True,False,True,True,842,-55.07120895385742,-51.840511322021484,0
Pamela can bring whose spotlights?,Whose can Pamela bring spotlights?,syntax,island_effects,left_branch_island_echo_question,True,False,True,True,843,-62.616249084472656,-65.94918823242188,1
Every girl did attack what boy?,What did every girl attack boy?,syntax,island_effects,left_branch_island_echo_question,True,False,True,True,844,-48.31361389160156,-42.48358917236328,0
Those slopes were alarming whose legislature?,Whose were those slopes alarming legislature?,syntax,island_effects,left_branch_island_echo_question,True,False,True,True,845,-61.885982513427734,-74.78236389160156,1
Every public park had distracted which hospitals?,Which had every public park distracted hospitals?,syntax,island_effects,left_branch_island_echo_question,True,False,True,True,846,-62.264591217041016,-60.400123596191406,0
Gerald is biking to what hospitals?,What is Gerald biking to hospitals?,syntax,island_effects,left_branch_island_echo_question,True,False,True,True,847,-56.81713104248047,-49.787696838378906,0
Adam had loved which senators?,Which had Adam loved senators?,syntax,island_effects,left_branch_island_echo_question,True,False,True,True,848,-45.684112548828125,-47.643089294433594,1
Jennifer would reference which cashiers?,Which would Jennifer reference cashiers?,syntax,island_effects,left_branch_island_echo_question,True,False,True,True,849,-50.1925163269043,-51.28437805175781,1
All museums had annoyed which boys?,Which had all museums annoyed boys?,syntax,island_effects,left_branch_island_echo_question,True,False,True,True,850,-55.976959228515625,-54.76441955566406,0
Dawn has thought about what teachers?,What has Dawn thought about teachers?,syntax,island_effects,left_branch_island_echo_question,True,False,True,True,851,-46.20686340332031,-47.54203796386719,1
Edward does investigate which committees?,Which does Edward investigate committees?,syntax,island_effects,left_branch_island_echo_question,True,False,True,True,852,-45.37744140625,-46.17875289916992,1
Becky should climb up what ladder?,What should Becky climb up ladder?,syntax,island_effects,left_branch_island_echo_question,True,False,True,True,853,-49.46373748779297,-50.963321685791016,1
A lot of drawings do irritate which offspring?,Which do a lot of drawings irritate offspring?,syntax,island_effects,left_branch_island_echo_question,True,False,True,True,854,-71.86094665527344,-56.85625457763672,0
The Lutherans had talked about which woman?,Which had the Lutherans talked about woman?,syntax,island_effects,left_branch_island_echo_question,True,False,True,True,855,-53.859703063964844,-56.474815368652344,1
The museum should hire which student?,Which should the museum hire student?,syntax,island_effects,left_branch_island_echo_question,True,False,True,True,856,-50.985958099365234,-44.870887756347656,0
A lot of girls have climbed up which ladder?,Which have a lot of girls climbed up ladder?,syntax,island_effects,left_branch_island_echo_question,True,False,True,True,857,-60.52261734008789,-52.94999694824219,0
Curtis had exited which mall?,Which had Curtis exited mall?,syntax,island_effects,left_branch_island_echo_question,True,False,True,True,858,-60.704071044921875,-51.780338287353516,0
Pamela could return to whose mall?,Whose could Pamela return to mall?,syntax,island_effects,left_branch_island_echo_question,True,False,True,True,859,-59.048439025878906,-60.24433135986328,1
Brian has criticized what movies?,What has Brian criticized movies?,syntax,island_effects,left_branch_island_echo_question,True,False,True,True,860,-37.99042510986328,-45.709510803222656,1
Paula was thinking about whose popsicle?,Whose was Paula thinking about popsicle?,syntax,island_effects,left_branch_island_echo_question,True,False,True,True,861,-53.37006378173828,-66.77299499511719,1
Carolyn should break what mirror?,What should Carolyn break mirror?,syntax,island_effects,left_branch_island_echo_question,True,False,True,True,862,-49.25533676147461,-50.19580841064453,1
Homer has talked to what adult?,What has Homer talked to adult?,syntax,island_effects,left_branch_island_echo_question,True,False,True,True,863,-50.26311492919922,-48.930240631103516,0
Maria would investigate what offspring?,What would Maria investigate offspring?,syntax,island_effects,left_branch_island_echo_question,True,False,True,True,864,-38.1141242980957,-45.102806091308594,1
Kendra could notice what rabbit?,What could Kendra notice rabbit?,syntax,island_effects,left_branch_island_echo_question,True,False,True,True,865,-52.52142333984375,-54.75065612792969,1
Melinda might sound like whose commentary?,Whose might Melinda sound like commentary?,syntax,island_effects,left_branch_island_echo_question,True,False,True,True,866,-51.961246490478516,-69.571533203125,1
Tanya was buying which newspaper article?,Which was Tanya buying newspaper article?,syntax,island_effects,left_branch_island_echo_question,True,False,True,True,867,-59.89733123779297,-55.332279205322266,0
Those students will forget which report?,Which will those students forget report?,syntax,island_effects,left_branch_island_echo_question,True,False,True,True,868,-44.898094177246094,-45.36400604248047,1
Tina will talk about which oasis?,Which will Tina talk about oasis?,syntax,island_effects,left_branch_island_echo_question,True,False,True,True,869,-49.28392791748047,-48.80095672607422,0
A lot of waiters will attack which ladies?,Which will a lot of waiters attack ladies?,syntax,island_effects,left_branch_island_echo_question,True,False,True,True,870,-61.86050796508789,-55.79407501220703,0
Some teenagers are hurting which guy?,Which are some teenagers hurting guy?,syntax,island_effects,left_branch_island_echo_question,True,False,True,True,871,-43.315860748291016,-43.3350830078125,1
Monet has insulted which essays?,Which has Monet insulted essays?,syntax,island_effects,left_branch_island_echo_question,True,False,True,True,872,-53.597015380859375,-55.951171875,1
Andrea had skated around whose college campus?,Whose had Andrea skated around college campus?,syntax,island_effects,left_branch_island_echo_question,True,False,True,True,873,-67.58943176269531,-72.55010223388672,1
Many documentaries had disagreed with what movie?,What had many documentaries disagreed with movie?,syntax,island_effects,left_branch_island_echo_question,True,False,True,True,874,-53.51201629638672,-54.268463134765625,1
Cheryl should ascend what hills?,What should Cheryl ascend hills?,syntax,island_effects,left_branch_island_echo_question,True,False,True,True,875,-62.546417236328125,-52.782493591308594,0
Lisa should argue about what driver?,What should Lisa argue about driver?,syntax,island_effects,left_branch_island_echo_question,True,False,True,True,876,-40.42652893066406,-52.92215347290039,1
Patrick can upset which patient?,Which can Patrick upset patient?,syntax,island_effects,left_branch_island_echo_question,True,False,True,True,877,-42.881919860839844,-50.754310607910156,1
This dancer might boast about which senators?,Which might this dancer boast about senators?,syntax,island_effects,left_branch_island_echo_question,True,False,True,True,878,-64.57328033447266,-64.46981048583984,0
Larry has researched which companies?,Which has Larry researched companies?,syntax,island_effects,left_branch_island_echo_question,True,False,True,True,879,-41.490234375,-48.32550048828125,1
Vanessa can skate around what libraries?,What can Vanessa skate around libraries?,syntax,island_effects,left_branch_island_echo_question,True,False,True,True,880,-56.26093292236328,-54.99006652832031,0
Gregory had explored whose oasis?,Whose had Gregory explored oasis?,syntax,island_effects,left_branch_island_echo_question,True,False,True,True,881,-55.51880645751953,-65.11009979248047,1
Sarah could walk through whose mountains?,Whose could Sarah walk through mountains?,syntax,island_effects,left_branch_island_echo_question,True,False,True,True,882,-43.944759368896484,-59.87953186035156,1
Some turtles are annoying what men?,What are some turtles annoying men?,syntax,island_effects,left_branch_island_echo_question,True,False,True,True,883,-48.02934646606445,-46.733402252197266,0
Christina would clean whose grocery store?,Whose would Christina clean grocery store?,syntax,island_effects,left_branch_island_echo_question,True,False,True,True,884,-56.37043762207031,-62.88847351074219,1
Vincent had climbed up which mountain?,Which had Vincent climbed up mountain?,syntax,island_effects,left_branch_island_echo_question,True,False,True,True,885,-56.718223571777344,-54.30506896972656,0
Eric was skated around which closet?,Which was Eric skated around closet?,syntax,island_effects,left_branch_island_echo_question,True,False,True,True,886,-51.339996337890625,-53.39274597167969,1
Ellen had alarmed whose library?,Whose had Ellen alarmed library?,syntax,island_effects,left_branch_island_echo_question,True,False,True,True,887,-54.877803802490234,-66.0066146850586,1
Bill was climbing down whose steps?,Whose was Bill climbing down steps?,syntax,island_effects,left_branch_island_echo_question,True,False,True,True,888,-42.244361877441406,-62.01593780517578,1
Amelia did go to what library?,What did Amelia go to library?,syntax,island_effects,left_branch_island_echo_question,True,False,True,True,889,-49.788124084472656,-41.27693176269531,0
Karla was aggravating what library?,What was Karla aggravating library?,syntax,island_effects,left_branch_island_echo_question,True,False,True,True,890,-51.43334197998047,-58.70106506347656,1
George is disgusting which children?,Which is George disgusting children?,syntax,island_effects,left_branch_island_echo_question,True,False,True,True,891,-41.456451416015625,-41.90107727050781,1
An actress had fired which senator?,Which had an actress fired senator?,syntax,island_effects,left_branch_island_echo_question,True,False,True,True,892,-53.44854736328125,-46.59880065917969,0
That photograph is looking like what paintings?,What is that photograph looking like paintings?,syntax,island_effects,left_branch_island_echo_question,True,False,True,True,893,-46.949771881103516,-46.10566329956055,0
The Borgias could insult which men?,Which could the Borgias insult men?,syntax,island_effects,left_branch_island_echo_question,True,False,True,True,894,-57.53134536743164,-54.92041015625,0
Omar was arriving at whose hospitals?,Whose was Omar arriving at hospitals?,syntax,island_effects,left_branch_island_echo_question,True,False,True,True,895,-57.64628601074219,-61.92955780029297,1
Alexander has cured which rabbits?,Which has Alexander cured rabbits?,syntax,island_effects,left_branch_island_echo_question,True,False,True,True,896,-45.149383544921875,-49.77226257324219,1
Irene might boycott what association?,What might Irene boycott association?,syntax,island_effects,left_branch_island_echo_question,True,False,True,True,897,-59.142425537109375,-56.722076416015625,0
Steven was breaking what couches?,What was Steven breaking couches?,syntax,island_effects,left_branch_island_echo_question,True,False,True,True,898,-42.49046325683594,-49.45073318481445,1
Patrick was examining whose essay?,Whose was Patrick examining essay?,syntax,island_effects,left_branch_island_echo_question,True,False,True,True,899,-41.939048767089844,-60.057334899902344,1
A child has investigated what waiters?,What has a child investigated waiters?,syntax,island_effects,left_branch_island_echo_question,True,False,True,True,900,-52.244537353515625,-47.48008728027344,0
Angela should discuss what movies?,What should Angela discuss movies?,syntax,island_effects,left_branch_island_echo_question,True,False,True,True,901,-43.31697082519531,-44.41410446166992,1
Theodore might insult what pedestrians?,What might Theodore insult pedestrians?,syntax,island_effects,left_branch_island_echo_question,True,False,True,True,902,-56.89822006225586,-54.597496032714844,0
Mitchell had descended whose mountain?,Whose had Mitchell descended mountain?,syntax,island_effects,left_branch_island_echo_question,True,False,True,True,903,-54.82547378540039,-63.083011627197266,1
Patricia does like whose sheep?,Whose does Patricia like sheep?,syntax,island_effects,left_branch_island_echo_question,True,False,True,True,904,-47.91566467285156,-52.98710632324219,1
Janet was touring which art galleries?,Which was Janet touring art galleries?,syntax,island_effects,left_branch_island_echo_question,True,False,True,True,905,-58.084808349609375,-51.350704193115234,0
Lissa has gone to whose river?,Whose has Lissa gone to river?,syntax,island_effects,left_branch_island_echo_question,True,False,True,True,906,-52.38239288330078,-66.74677276611328,1
Kathleen could hate which man?,Which could Kathleen hate man?,syntax,island_effects,left_branch_island_echo_question,True,False,True,True,907,-55.477073669433594,-46.53326416015625,0
Erin should insult what waiter?,What should Erin insult waiter?,syntax,island_effects,left_branch_island_echo_question,True,False,True,True,908,-53.71832275390625,-52.23624801635742,0
Homer would leave whose museum?,Whose would Homer leave museum?,syntax,island_effects,left_branch_island_echo_question,True,False,True,True,909,-60.071556091308594,-55.980247497558594,0
Travis can visit what college campuses?,What can Travis visit college campuses?,syntax,island_effects,left_branch_island_echo_question,True,False,True,True,910,-52.36967086791992,-47.04029846191406,0
Peter would pass what college campuses?,What would Peter pass college campuses?,syntax,island_effects,left_branch_island_echo_question,True,False,True,True,911,-40.696189880371094,-43.942203521728516,1
That boy has praised what children?,What has that boy praised children?,syntax,island_effects,left_branch_island_echo_question,True,False,True,True,912,-45.04368209838867,-45.76703643798828,1
Adam is complaining about what cashier?,What is Adam complaining about cashier?,syntax,island_effects,left_branch_island_echo_question,True,False,True,True,913,-35.9208984375,-46.4261474609375,1
Rachel was kissing what waitresses?,What was Rachel kissing waitresses?,syntax,island_effects,left_branch_island_echo_question,True,False,True,True,914,-48.824562072753906,-55.45475769042969,1
Schools have shocked what guys?,What have schools shocked guys?,syntax,island_effects,left_branch_island_echo_question,True,False,True,True,915,-43.390838623046875,-41.63502502441406,0
The Lutherans were concealing which art galleries?,Which were the Lutherans concealing art galleries?,syntax,island_effects,left_branch_island_echo_question,True,False,True,True,916,-68.13404083251953,-66.83018493652344,0
Marcus is cleaning which fungi?,Which is Marcus cleaning fungi?,syntax,island_effects,left_branch_island_echo_question,True,False,True,True,917,-42.336830139160156,-46.8873176574707,1
Kevin had criticized which closet?,Which had Kevin criticized closet?,syntax,island_effects,left_branch_island_echo_question,True,False,True,True,918,-45.809837341308594,-53.84861373901367,1
Omar will climb up which ladder?,Which will Omar climb up ladder?,syntax,island_effects,left_branch_island_echo_question,True,False,True,True,919,-52.598793029785156,-50.57362365722656,0
Sarah should have what cart?,What should Sarah have cart?,syntax,island_effects,left_branch_island_echo_question,True,False,True,True,920,-36.44904327392578,-41.07074737548828,1
Those senators should disturb whose schools?,Whose should those senators disturb schools?,syntax,island_effects,left_branch_island_echo_question,True,False,True,True,921,-57.541221618652344,-64.33482360839844,1
Erin is dropping by what glacier?,What is Erin dropping by glacier?,syntax,island_effects,left_branch_island_echo_question,True,False,True,True,922,-53.02625274658203,-53.21891403198242,1
A guy does conceal which pedestrian?,Which does a guy conceal pedestrian?,syntax,island_effects,left_branch_island_echo_question,True,False,True,True,923,-59.66613006591797,-47.22840118408203,0
Sara has scanned which brochures?,Which has Sara scanned brochures?,syntax,island_effects,left_branch_island_echo_question,True,False,True,True,924,-52.129268646240234,-49.903907775878906,0
Todd is exiting whose college campuses?,Whose is Todd exiting college campuses?,syntax,island_effects,left_branch_island_echo_question,True,False,True,True,925,-50.06017303466797,-59.44224548339844,1
Irene is bothering whose bank?,Whose is Irene bothering bank?,syntax,island_effects,left_branch_island_echo_question,True,False,True,True,926,-57.36103820800781,-60.14354705810547,1
Kendra is exiting what movie theaters?,What is Kendra exiting movie theaters?,syntax,island_effects,left_branch_island_echo_question,True,False,True,True,927,-57.85980224609375,-51.218597412109375,0
Charles is cleaning what brochures?,What is Charles cleaning brochures?,syntax,island_effects,left_branch_island_echo_question,True,False,True,True,928,-42.105289459228516,-46.351463317871094,1
Deborah has embarrassed which waiters?,Which has Deborah embarrassed waiters?,syntax,island_effects,left_branch_island_echo_question,True,False,True,True,929,-55.40816879272461,-54.5280876159668,0
Some adult had walked through whose cafe?,Whose had some adult walked through cafe?,syntax,island_effects,left_branch_island_echo_question,True,False,True,True,930,-59.453590393066406,-66.30382537841797,1
Tina has hidden whose book?,Whose has Tina hidden book?,syntax,island_effects,left_branch_island_echo_question,True,False,True,True,931,-47.737884521484375,-58.694541931152344,1
That bread is stunning whose schools?,Whose is that bread stunning schools?,syntax,island_effects,left_branch_island_echo_question,True,False,True,True,932,-55.57090759277344,-65.10263061523438,1
Tara has known what woman?,What has Tara known woman?,syntax,island_effects,left_branch_island_echo_question,True,False,True,True,933,-44.96678924560547,-43.68193817138672,0
Winston Churchill did distract which actress?,Which did Winston Churchill distract actress?,syntax,island_effects,left_branch_island_echo_question,True,False,True,True,934,-67.94876098632812,-54.08917999267578,0
Gregory was returning to what public parks?,What was Gregory returning to public parks?,syntax,island_effects,left_branch_island_echo_question,True,False,True,True,935,-54.446590423583984,-51.48182678222656,0
Sabrina has passed whose rivers?,Whose has Sabrina passed rivers?,syntax,island_effects,left_branch_island_echo_question,True,False,True,True,936,-51.352718353271484,-63.081031799316406,1
Stephen had descended whose mountains?,Whose had Stephen descended mountains?,syntax,island_effects,left_branch_island_echo_question,True,False,True,True,937,-45.92667770385742,-61.96984100341797,1
Jeffrey had revealed what dishes?,What had Jeffrey revealed dishes?,syntax,island_effects,left_branch_island_echo_question,True,False,True,True,938,-46.36450958251953,-49.60023880004883,1
A child is descending whose slopes?,Whose is a child descending slopes?,syntax,island_effects,left_branch_island_echo_question,True,False,True,True,939,-56.148681640625,-53.27436828613281,0
Some teacher would discover whose picture?,Whose would some teacher discover picture?,syntax,island_effects,left_branch_island_echo_question,True,False,True,True,940,-47.407386779785156,-60.896759033203125,1
All fish would bore what teenager?,What would all fish bore teenager?,syntax,island_effects,left_branch_island_echo_question,True,False,True,True,941,-55.700721740722656,-52.21295166015625,0
This student could drive to what malls?,What could this student drive to malls?,syntax,island_effects,left_branch_island_echo_question,True,False,True,True,942,-55.3327751159668,-48.517333984375,0
Some doctor had arrived at what malls?,What had some doctor arrived at malls?,syntax,island_effects,left_branch_island_echo_question,True,False,True,True,943,-54.00635528564453,-51.321929931640625,0
Rhonda has remembered what teacher?,What has Rhonda remembered teacher?,syntax,island_effects,left_branch_island_echo_question,True,False,True,True,944,-47.25836944580078,-54.64279556274414,1
Donald is looking like what prints?,What is Donald looking like prints?,syntax,island_effects,left_branch_island_echo_question,True,False,True,True,945,-35.273643493652344,-49.313995361328125,1
Tracy has known which lady?,Which has Tracy known lady?,syntax,island_effects,left_branch_island_echo_question,True,False,True,True,946,-47.400211334228516,-47.04313659667969,0
Chad is astounding whose hospital?,Whose is Chad astounding hospital?,syntax,island_effects,left_branch_island_echo_question,True,False,True,True,947,-54.894290924072266,-63.99844741821289,1
Kayla was appreciating which teachers?,Which was Kayla appreciating teachers?,syntax,island_effects,left_branch_island_echo_question,True,False,True,True,948,-52.51148986816406,-51.20920944213867,0
Daniel does descend what ladder?,What does Daniel descend ladder?,syntax,island_effects,left_branch_island_echo_question,True,False,True,True,949,-45.79625701904297,-45.452911376953125,0
Natalie was exiting which lakes?,Which was Natalie exiting lakes?,syntax,island_effects,left_branch_island_echo_question,True,False,True,True,950,-54.91836166381836,-51.075965881347656,0
Clyde has praised what man?,What has Clyde praised man?,syntax,island_effects,left_branch_island_echo_question,True,False,True,True,951,-54.94286346435547,-48.700748443603516,0
Chad had criticized what lakes?,What had Chad criticized lakes?,syntax,island_effects,left_branch_island_echo_question,True,False,True,True,952,-51.48843002319336,-50.98958206176758,0
Lawrence is criticizing what children?,What is Lawrence criticizing children?,syntax,island_effects,left_branch_island_echo_question,True,False,True,True,953,-43.70486831665039,-42.19225311279297,0
Gerald will bore what child?,What will Gerald bore child?,syntax,island_effects,left_branch_island_echo_question,True,False,True,True,954,-49.93572998046875,-46.52044677734375,0
Paula had messed up whose school?,Whose had Paula messed up school?,syntax,island_effects,left_branch_island_echo_question,True,False,True,True,955,-53.28034973144531,-58.451446533203125,1
Phillip has brought what eyes?,What has Phillip brought eyes?,syntax,island_effects,left_branch_island_echo_question,True,False,True,True,956,-43.49920654296875,-44.88340759277344,1
This lady might distract whose library?,Whose might this lady distract library?,syntax,island_effects,left_branch_island_echo_question,True,False,True,True,957,-59.1969108581543,-67.58554077148438,1
Christine is driving to what malls?,What is Christine driving to malls?,syntax,island_effects,left_branch_island_echo_question,True,False,True,True,958,-51.49045944213867,-45.201202392578125,0
Janet was dropping by which lakes?,Which was Janet dropping by lakes?,syntax,island_effects,left_branch_island_echo_question,True,False,True,True,959,-57.06394577026367,-55.73512268066406,0
Victoria has visited what alumni?,What has Victoria visited alumni?,syntax,island_effects,left_branch_island_echo_question,True,False,True,True,960,-37.780845642089844,-43.692535400390625,1
Becky did lift whose lamps?,Whose did Becky lift lamps?,syntax,island_effects,left_branch_island_echo_question,True,False,True,True,961,-57.24416732788086,-61.462928771972656,1
Eric is kissing what men?,What is Eric kissing men?,syntax,island_effects,left_branch_island_echo_question,True,False,True,True,962,-37.72322082519531,-39.60374069213867,1
A lot of movie theaters have astounded what patients?,What have a lot of movie theaters astounded patients?,syntax,island_effects,left_branch_island_echo_question,True,False,True,True,963,-69.72532653808594,-59.62715148925781,0
Roger has noticed whose rivers?,Whose has Roger noticed rivers?,syntax,island_effects,left_branch_island_echo_question,True,False,True,True,964,-44.542320251464844,-62.390228271484375,1
Sonia has criticized whose bank?,Whose has Sonia criticized bank?,syntax,island_effects,left_branch_island_echo_question,True,False,True,True,965,-51.0611572265625,-60.65226364135742,1
Tina has fired which men?,Which has Tina fired men?,syntax,island_effects,left_branch_island_echo_question,True,False,True,True,966,-46.504852294921875,-46.378665924072266,0
Stacey had attacked which customers?,Which had Stacey attacked customers?,syntax,island_effects,left_branch_island_echo_question,True,False,True,True,967,-52.79219436645508,-49.317020416259766,0
Wendy did care for what boy?,What did Wendy care for boy?,syntax,island_effects,left_branch_island_echo_question,True,False,True,True,968,-53.613426208496094,-45.24779510498047,0
That guest was criticizing which closet?,Which was that guest criticizing closet?,syntax,island_effects,left_branch_island_echo_question,True,False,True,True,969,-57.79637145996094,-55.06122589111328,0
Sally is insulting which libraries?,Which is Sally insulting libraries?,syntax,island_effects,left_branch_island_echo_question,True,False,True,True,970,-56.95749282836914,-47.29689407348633,0
Lucille did complain about what phenomena?,What did Lucille complain about phenomena?,syntax,island_effects,left_branch_island_echo_question,True,False,True,True,971,-53.031036376953125,-53.590553283691406,1
Thomas had taken what convertibles?,What had Thomas taken convertibles?,syntax,island_effects,left_branch_island_echo_question,True,False,True,True,972,-45.91298294067383,-51.23836135864258,1
The Borgias would appreciate what lady?,What would the Borgias appreciate lady?,syntax,island_effects,left_branch_island_echo_question,True,False,True,True,973,-56.061161041259766,-58.87794494628906,1
The essays have disagreed with what brochures?,What have the essays disagreed with brochures?,syntax,island_effects,left_branch_island_echo_question,True,False,True,True,974,-55.39337158203125,-52.4958610534668,0
Sarah has hated what pedestrian?,What has Sarah hated pedestrian?,syntax,island_effects,left_branch_island_echo_question,True,False,True,True,975,-42.054481506347656,-52.078468322753906,1
Janet has worn what hats?,What has Janet worn hats?,syntax,island_effects,left_branch_island_echo_question,True,False,True,True,976,-48.91676330566406,-46.872100830078125,0
Phillip did work with which guest?,Which did Phillip work with guest?,syntax,island_effects,left_branch_island_echo_question,True,False,True,True,977,-54.00050354003906,-46.74107360839844,0
Some students do conceal whose analysis?,Whose do some students conceal analysis?,syntax,island_effects,left_branch_island_echo_question,True,False,True,True,978,-51.62322998046875,-57.1496696472168,1
Beth was cleaning which bread?,Which was Beth cleaning bread?,syntax,island_effects,left_branch_island_echo_question,True,False,True,True,979,-50.10264205932617,-42.48616027832031,0
Stacey can listen to which child?,Which can Stacey listen to child?,syntax,island_effects,left_branch_island_echo_question,True,False,True,True,980,-49.76081848144531,-48.48704528808594,0
Those waiters might pass whose hills?,Whose might those waiters pass hills?,syntax,island_effects,left_branch_island_echo_question,True,False,True,True,981,-55.434608459472656,-68.06393432617188,1
Richard has disliked what waitresses?,What has Richard disliked waitresses?,syntax,island_effects,left_branch_island_echo_question,True,False,True,True,982,-49.70128631591797,-56.77349090576172,1
Gary can skate around whose high schools?,Whose can Gary skate around high schools?,syntax,island_effects,left_branch_island_echo_question,True,False,True,True,983,-51.7847900390625,-63.7201042175293,1
Marcus has questioned what children?,What has Marcus questioned children?,syntax,island_effects,left_branch_island_echo_question,True,False,True,True,984,-31.937532424926758,-48.3318977355957,1
A lot of patients do walk through which banks?,Which do a lot of patients walk through banks?,syntax,island_effects,left_branch_island_echo_question,True,False,True,True,985,-60.098960876464844,-48.229515075683594,0
That customer should boast about what patient?,What should that customer boast about patient?,syntax,island_effects,left_branch_island_echo_question,True,False,True,True,986,-47.858001708984375,-56.112831115722656,1
Michael was biking to whose banks?,Whose was Michael biking to banks?,syntax,island_effects,left_branch_island_echo_question,True,False,True,True,987,-52.01258087158203,-63.42762756347656,1
These customers were running around whose hospitals?,Whose were these customers running around hospitals?,syntax,island_effects,left_branch_island_echo_question,True,False,True,True,988,-52.319515228271484,-64.28648376464844,1
Samantha does clean what hospital?,What does Samantha clean hospital?,syntax,island_effects,left_branch_island_echo_question,True,False,True,True,989,-56.675655364990234,-46.867652893066406,0
That pork had alarmed which senators?,Which had that pork alarmed senators?,syntax,island_effects,left_branch_island_echo_question,True,False,True,True,990,-61.35850524902344,-60.22526550292969,0
Eva was researching which picture?,Which was Eva researching picture?,syntax,island_effects,left_branch_island_echo_question,True,False,True,True,991,-36.170806884765625,-44.47052764892578,1
Randolf will research which documentaries?,Which will Randolf research documentaries?,syntax,island_effects,left_branch_island_echo_question,True,False,True,True,992,-55.1720085144043,-56.232421875,1
That waiter was cleaning which cars?,Which was that waiter cleaning cars?,syntax,island_effects,left_branch_island_echo_question,True,False,True,True,993,-51.06892776489258,-49.370948791503906,0
These patients did research what thesis?,What did these patients research thesis?,syntax,island_effects,left_branch_island_echo_question,True,False,True,True,994,-46.513275146484375,-38.49187469482422,0
A school has irritated what committee?,What has a school irritated committee?,syntax,island_effects,left_branch_island_echo_question,True,False,True,True,995,-54.87775421142578,-44.76021957397461,0
Eyes did bother which woman?,Which did eyes bother woman?,syntax,island_effects,left_branch_island_echo_question,True,False,True,True,996,-50.509666442871094,-38.656150817871094,0
Gina is helping which adults?,Which is Gina helping adults?,syntax,island_effects,left_branch_island_echo_question,True,False,True,True,997,-44.21465301513672,-41.04768753051758,0
Sara was insulting what student?,What was Sara insulting student?,syntax,island_effects,left_branch_island_echo_question,True,False,True,True,998,-50.70222473144531,-47.860267639160156,0
Many boys will embarrass what patient?,What will many boys embarrass patient?,syntax,island_effects,left_branch_island_echo_question,True,False,True,True,999,-53.02915954589844,-53.29844665527344,1
