sentence_good,sentence_bad,field,linguistics_term,UID,simple_LM_method,one_prefix_method,two_prefix_method,lexically_identical,pair_id,good_prob,bad_prob,correct
The Borgias wore a lot of scarves.,The Borgias worn a lot of scarves.,morphology,irregular_forms,irregular_past_participle_verbs,True,True,False,False,0,-47.156192779541016,-51.302833557128906,1
Teresa hid every senator.,Teresa hidden every senator.,morphology,irregular_forms,irregular_past_participle_verbs,True,True,False,False,1,-42.456703186035156,-47.550315856933594,1
The mushroom went bad.,The mushroom gone bad.,morphology,irregular_forms,irregular_past_participle_verbs,True,True,False,False,2,-32.4404296875,-36.528568267822266,1
Cheryl came here.,Cheryl come here.,morphology,irregular_forms,irregular_past_participle_verbs,True,True,False,False,3,-34.03466796875,-32.461578369140625,0
Christopher hid a spotlight.,Christopher hidden a spotlight.,morphology,irregular_forms,irregular_past_participle_verbs,True,True,False,False,4,-28.984249114990234,-30.112220764160156,1
Edward hid the cats.,Edward hidden the cats.,morphology,irregular_forms,irregular_past_participle_verbs,True,True,False,False,5,-25.509231567382812,-27.845792770385742,1
Erin went to some schools.,Erin gone to some schools.,morphology,irregular_forms,irregular_past_participle_verbs,True,True,False,False,6,-34.14482116699219,-40.048099517822266,1
Joel came here.,Joel come here.,morphology,irregular_forms,irregular_past_participle_verbs,True,True,False,False,7,-24.10320281982422,-24.659194946289062,1
Paula broke some plates.,Paula broken some plates.,morphology,irregular_forms,irregular_past_participle_verbs,True,True,False,False,8,-36.941009521484375,-38.25372314453125,1
Raymond woke up.,Raymond woken up.,morphology,irregular_forms,irregular_past_participle_verbs,True,True,False,False,9,-27.726486206054688,-33.80298614501953,1
Randolf drove to a mall.,Randolf driven to a mall.,morphology,irregular_forms,irregular_past_participle_verbs,True,True,False,False,10,-41.135589599609375,-44.83424758911133,1
Laura broke this cart.,Laura broken this cart.,morphology,irregular_forms,irregular_past_participle_verbs,True,True,False,False,11,-27.690582275390625,-28.644683837890625,1
Victoria wore that hat.,Victoria worn that hat.,morphology,irregular_forms,irregular_past_participle_verbs,True,True,False,False,12,-26.23259162902832,-29.800392150878906,1
Carrie took most bikes.,Carrie taken most bikes.,morphology,irregular_forms,irregular_past_participle_verbs,True,True,False,False,13,-41.47895812988281,-46.74622344970703,1
Nancy sang.,Nancy sung.,morphology,irregular_forms,irregular_past_participle_verbs,True,True,False,False,14,-27.698148727416992,-29.938159942626953,1
The guy sang.,The guy sung.,morphology,irregular_forms,irregular_past_participle_verbs,True,True,False,False,15,-23.421749114990234,-25.537273406982422,1
The women broke a lot of convertibles.,The women broken a lot of convertibles.,morphology,irregular_forms,irregular_past_participle_verbs,True,True,False,False,16,-45.67156982421875,-50.2000732421875,1
Lucille went to some cafe.,Lucille gone to some cafe.,morphology,irregular_forms,irregular_past_participle_verbs,True,True,False,False,17,-37.947425842285156,-44.86488342285156,1
Sandra knew Becca.,Sandra known Becca.,morphology,irregular_forms,irregular_past_participle_verbs,True,True,False,False,18,-37.016319274902344,-40.00373840332031,1
Susan knew Florence.,Susan known Florence.,morphology,irregular_forms,irregular_past_participle_verbs,True,True,False,False,19,-23.219223022460938,-23.23863983154297,1
Many girls took that banana.,Many girls taken that banana.,morphology,irregular_forms,irregular_past_participle_verbs,True,True,False,False,20,-36.915283203125,-40.6572265625,1
Melissa ate.,Melissa eaten.,morphology,irregular_forms,irregular_past_participle_verbs,True,True,False,False,21,-21.660947799682617,-26.737308502197266,1
Andrew wrote.,Andrew written.,morphology,irregular_forms,irregular_past_participle_verbs,True,True,False,False,22,-12.978271484375,-16.324378967285156,1
Kendra knew Florence.,Kendra known Florence.,morphology,irregular_forms,irregular_past_participle_verbs,True,True,False,False,23,-35.291622161865234,-36.364715576171875,1
Guests woke up.,Guests woken up.,morphology,irregular_forms,irregular_past_participle_verbs,True,True,False,False,24,-23.061511993408203,-25.283655166625977,1
Suzanne sang.,Suzanne sung.,morphology,irregular_forms,irregular_past_participle_verbs,True,True,False,False,25,-23.568614959716797,-26.707021713256836,1
Catherine knew Amanda.,Catherine known Amanda.,morphology,irregular_forms,irregular_past_participle_verbs,True,True,False,False,26,-32.54644012451172,-34.18083953857422,1
Frank hid away.,Frank hidden away.,morphology,irregular_forms,irregular_past_participle_verbs,True,True,False,False,27,-22.9569091796875,-20.192853927612305,0
Libraries forgot Douglas.,Libraries forgotten Douglas.,morphology,irregular_forms,irregular_past_participle_verbs,True,True,False,False,28,-37.58953857421875,-40.69096755981445,1
Every waiter hid Julia.,Every waiter hidden Julia.,morphology,irregular_forms,irregular_past_participle_verbs,True,True,False,False,29,-37.9334831237793,-41.578304290771484,1
This person spoke up.,This person spoken up.,morphology,irregular_forms,irregular_past_participle_verbs,True,True,False,False,30,-25.127685546875,-30.052127838134766,1
Caroline hid.,Caroline hidden.,morphology,irregular_forms,irregular_past_participle_verbs,True,True,False,False,31,-27.639427185058594,-25.777584075927734,0
That coat shrank.,That coat shrunk.,morphology,irregular_forms,irregular_past_participle_verbs,True,True,False,False,32,-29.58716583251953,-28.209308624267578,0
James ate.,James eaten.,morphology,irregular_forms,irregular_past_participle_verbs,True,True,False,False,33,-13.60999870300293,-15.444122314453125,1
Michael drove to all hospitals.,Michael driven to all hospitals.,morphology,irregular_forms,irregular_past_participle_verbs,True,True,False,False,34,-34.482730865478516,-36.64337158203125,1
Todd took every car.,Todd taken every car.,morphology,irregular_forms,irregular_past_participle_verbs,True,True,False,False,35,-26.29196548461914,-27.637393951416016,1
Most ladies hid away.,Most ladies hidden away.,morphology,irregular_forms,irregular_past_participle_verbs,True,True,False,False,36,-30.303682327270508,-29.930212020874023,0
Aaron broke the unicycle.,Aaron broken the unicycle.,morphology,irregular_forms,irregular_past_participle_verbs,True,True,False,False,37,-32.00643539428711,-33.411949157714844,1
Stacey took chicken.,Stacey taken chicken.,morphology,irregular_forms,irregular_past_participle_verbs,True,True,False,False,38,-32.156005859375,-38.96684265136719,1
Charles forgot Sarah.,Charles forgotten Sarah.,morphology,irregular_forms,irregular_past_participle_verbs,True,True,False,False,39,-23.273128509521484,-23.022449493408203,0
Every teenager went to the hospitals.,Every teenager gone to the hospitals.,morphology,irregular_forms,irregular_past_participle_verbs,True,True,False,False,40,-34.12986755371094,-38.66775131225586,1
These guests got fired.,These guests gotten fired.,morphology,irregular_forms,irregular_past_participle_verbs,True,True,False,False,41,-29.096454620361328,-34.69279861450195,1
Elizabeth broke the carriages.,Elizabeth broken the carriages.,morphology,irregular_forms,irregular_past_participle_verbs,True,True,False,False,42,-30.977325439453125,-32.009315490722656,1
Claire woke up.,Claire woken up.,morphology,irregular_forms,irregular_past_participle_verbs,True,True,False,False,43,-22.260051727294922,-28.333463668823242,1
Alice woke up.,Alice woken up.,morphology,irregular_forms,irregular_past_participle_verbs,True,True,False,False,44,-15.30270767211914,-17.109033584594727,1
Victoria wrote.,Victoria written.,morphology,irregular_forms,irregular_past_participle_verbs,True,True,False,False,45,-13.595344543457031,-17.3631591796875,1
Allison got a job.,Allison gotten a job.,morphology,irregular_forms,irregular_past_participle_verbs,True,True,False,False,46,-26.754146575927734,-33.369102478027344,1
This dancer broke many glasses.,This dancer broken many glasses.,morphology,irregular_forms,irregular_past_participle_verbs,True,True,False,False,47,-42.21965408325195,-46.85575485229492,1
Banks knew Elaine.,Banks known Elaine.,morphology,irregular_forms,irregular_past_participle_verbs,True,True,False,False,48,-33.650821685791016,-38.734806060791016,1
The Lutherans hid.,The Lutherans hidden.,morphology,irregular_forms,irregular_past_participle_verbs,True,True,False,False,49,-36.483917236328125,-37.523048400878906,1
Kimberley drove to this high school.,Kimberley driven to this high school.,morphology,irregular_forms,irregular_past_participle_verbs,True,True,False,False,50,-41.68804931640625,-45.992252349853516,1
Some boy spoke up.,Some boy spoken up.,morphology,irregular_forms,irregular_past_participle_verbs,True,True,False,False,51,-25.324161529541016,-30.13155174255371,1
Tiffany sang.,Tiffany sung.,morphology,irregular_forms,irregular_past_participle_verbs,True,True,False,False,52,-32.51204299926758,-34.47465515136719,1
Mitchell broke a lot of forks.,Mitchell broken a lot of forks.,morphology,irregular_forms,irregular_past_participle_verbs,True,True,False,False,53,-44.16080856323242,-47.05766296386719,1
Jessica drove to all museums.,Jessica driven to all museums.,morphology,irregular_forms,irregular_past_participle_verbs,True,True,False,False,54,-35.417579650878906,-37.65745162963867,1
Valerie hid away.,Valerie hidden away.,morphology,irregular_forms,irregular_past_participle_verbs,True,True,False,False,55,-28.781089782714844,-29.035839080810547,1
Jesus ate.,Jesus eaten.,morphology,irregular_forms,irregular_past_participle_verbs,True,True,False,False,56,-12.084615707397461,-14.675779342651367,1
Some customer hid.,Some customer hidden.,morphology,irregular_forms,irregular_past_participle_verbs,True,True,False,False,57,-25.29351806640625,-24.7205810546875,0
All actresses hid away.,All actresses hidden away.,morphology,irregular_forms,irregular_past_participle_verbs,True,True,False,False,58,-33.964111328125,-33.02937698364258,0
Marcus wore this sock.,Marcus worn this sock.,morphology,irregular_forms,irregular_past_participle_verbs,True,True,False,False,59,-25.159019470214844,-26.897811889648438,1
Bradley knew Stacy.,Bradley known Stacy.,morphology,irregular_forms,irregular_past_participle_verbs,True,True,False,False,60,-30.392953872680664,-34.56534957885742,1
Helen took a lot of lamps.,Helen taken a lot of lamps.,morphology,irregular_forms,irregular_past_participle_verbs,True,True,False,False,61,-37.114986419677734,-40.8160514831543,1
These drivers came here.,These drivers come here.,morphology,irregular_forms,irregular_past_participle_verbs,True,True,False,False,62,-25.27609634399414,-21.417903900146484,0
Veronica drove to the hospitals.,Veronica driven to the hospitals.,morphology,irregular_forms,irregular_past_participle_verbs,True,True,False,False,63,-40.544864654541016,-45.17562484741211,1
Lori hid away.,Lori hidden away.,morphology,irregular_forms,irregular_past_participle_verbs,True,True,False,False,64,-30.54001808166504,-31.696025848388672,1
A lot of teenagers spoke up.,A lot of teenagers spoken up.,morphology,irregular_forms,irregular_past_participle_verbs,True,True,False,False,65,-34.71369171142578,-36.756961822509766,1
Danielle knew George.,Danielle known George.,morphology,irregular_forms,irregular_past_participle_verbs,True,True,False,False,66,-29.348041534423828,-32.85426330566406,1
Suzanne broke those trucks.,Suzanne broken those trucks.,morphology,irregular_forms,irregular_past_participle_verbs,True,True,False,False,67,-38.962432861328125,-40.652156829833984,1
A lot of actresses took some river.,A lot of actresses taken some river.,morphology,irregular_forms,irregular_past_participle_verbs,True,True,False,False,68,-49.496681213378906,-53.8183479309082,1
Marla drank.,Marla drunk.,morphology,irregular_forms,irregular_past_participle_verbs,True,True,False,False,69,-28.077178955078125,-26.322704315185547,0
Edward broke some chair.,Edward broken some chair.,morphology,irregular_forms,irregular_past_participle_verbs,True,True,False,False,70,-29.354381561279297,-30.789363861083984,1
Sharon spoke up.,Sharon spoken up.,morphology,irregular_forms,irregular_past_participle_verbs,True,True,False,False,71,-28.014249801635742,-33.786033630371094,1
Many boys woke up.,Many boys woken up.,morphology,irregular_forms,irregular_past_participle_verbs,True,True,False,False,72,-24.461740493774414,-27.92589569091797,1
Sally went fishing.,Sally gone fishing.,morphology,irregular_forms,irregular_past_participle_verbs,True,True,False,False,73,-32.2637939453125,-32.59423828125,1
Tammy woke up.,Tammy woken up.,morphology,irregular_forms,irregular_past_participle_verbs,True,True,False,False,74,-23.558931350708008,-27.866426467895508,1
Monica ate.,Monica eaten.,morphology,irregular_forms,irregular_past_participle_verbs,True,True,False,False,75,-24.92694854736328,-28.403194427490234,1
Adam ate.,Adam eaten.,morphology,irregular_forms,irregular_past_participle_verbs,True,True,False,False,76,-12.70848274230957,-15.42115592956543,1
Patrick broke a lot of wheelbarrows.,Patrick broken a lot of wheelbarrows.,morphology,irregular_forms,irregular_past_participle_verbs,True,True,False,False,77,-47.27003860473633,-49.727970123291016,1
Lisa ate.,Lisa eaten.,morphology,irregular_forms,irregular_past_participle_verbs,True,True,False,False,78,-12.751908302307129,-14.999298095703125,1
Those students drove to Spain.,Those students driven to Spain.,morphology,irregular_forms,irregular_past_participle_verbs,True,True,False,False,79,-33.643516540527344,-38.406219482421875,1
Carla went to schools.,Carla gone to schools.,morphology,irregular_forms,irregular_past_participle_verbs,True,True,False,False,80,-32.947906494140625,-38.32130432128906,1
Some people broke that chair.,Some people broken that chair.,morphology,irregular_forms,irregular_past_participle_verbs,True,True,False,False,81,-32.86561965942383,-38.21466064453125,1
A lot of dancers broke the vases.,A lot of dancers broken the vases.,morphology,irregular_forms,irregular_past_participle_verbs,True,True,False,False,82,-47.2340087890625,-48.79096221923828,1
Some children came here.,Some children come here.,morphology,irregular_forms,irregular_past_participle_verbs,True,True,False,False,83,-24.048831939697266,-20.213848114013672,0
Raymond drove to Harvard University.,Raymond driven to Harvard University.,morphology,irregular_forms,irregular_past_participle_verbs,True,True,False,False,84,-36.918609619140625,-43.55146026611328,1
Keith took these birds.,Keith taken these birds.,morphology,irregular_forms,irregular_past_participle_verbs,True,True,False,False,85,-24.607070922851562,-27.32470703125,1
Carrie went to some malls.,Carrie gone to some malls.,morphology,irregular_forms,irregular_past_participle_verbs,True,True,False,False,86,-42.23793411254883,-47.090965270996094,1
Tamara went to a cafe.,Tamara gone to a cafe.,morphology,irregular_forms,irregular_past_participle_verbs,True,True,False,False,87,-31.696468353271484,-37.6209602355957,1
Michelle went to the closet.,Michelle gone to the closet.,morphology,irregular_forms,irregular_past_participle_verbs,True,True,False,False,88,-23.37197494506836,-26.825756072998047,1
Janet broke the plane.,Janet broken the plane.,morphology,irregular_forms,irregular_past_participle_verbs,True,True,False,False,89,-31.576950073242188,-33.97367858886719,1
Gerald hid Ann.,Gerald hidden Ann.,morphology,irregular_forms,irregular_past_participle_verbs,True,True,False,False,90,-39.6734504699707,-42.864463806152344,1
Vincent drove to those restaurants.,Vincent driven to those restaurants.,morphology,irregular_forms,irregular_past_participle_verbs,True,True,False,False,91,-43.632781982421875,-49.33494567871094,1
Kirsten broke a dish.,Kirsten broken a dish.,morphology,irregular_forms,irregular_past_participle_verbs,True,True,False,False,92,-41.20172119140625,-45.407958984375,1
Patrick forgot Victoria.,Patrick forgotten Victoria.,morphology,irregular_forms,irregular_past_participle_verbs,True,True,False,False,93,-24.65521812438965,-23.702526092529297,0
The Clintons wore this coat.,The Clintons worn this coat.,morphology,irregular_forms,irregular_past_participle_verbs,True,True,False,False,94,-36.66871643066406,-41.45762634277344,1
Maria wore jackets.,Maria worn jackets.,morphology,irregular_forms,irregular_past_participle_verbs,True,True,False,False,95,-21.75882911682129,-23.304725646972656,1
This guy came here.,This guy come here.,morphology,irregular_forms,irregular_past_participle_verbs,True,True,False,False,96,-22.47600746154785,-22.55457305908203,1
Tamara hid.,Tamara hidden.,morphology,irregular_forms,irregular_past_participle_verbs,True,True,False,False,97,-25.49989128112793,-25.52099609375,1
Bethany broke a lot of cups.,Bethany broken a lot of cups.,morphology,irregular_forms,irregular_past_participle_verbs,True,True,False,False,98,-44.20310974121094,-47.097801208496094,1
Those dancers woke up.,Those dancers woken up.,morphology,irregular_forms,irregular_past_participle_verbs,True,True,False,False,99,-29.160442352294922,-31.19965362548828,1
The blouses shrank.,The blouses shrunk.,morphology,irregular_forms,irregular_past_participle_verbs,True,True,False,False,100,-33.77934265136719,-31.70505142211914,0
Many pedestrians broke some cars.,Many pedestrians broken some cars.,morphology,irregular_forms,irregular_past_participle_verbs,True,True,False,False,101,-36.198631286621094,-37.652225494384766,1
Wendy drove to most college campuses.,Wendy driven to most college campuses.,morphology,irregular_forms,irregular_past_participle_verbs,True,True,False,False,102,-50.30565643310547,-54.85630798339844,1
Every teenager sang.,Every teenager sung.,morphology,irregular_forms,irregular_past_participle_verbs,True,True,False,False,103,-24.23138999938965,-27.25415802001953,1
A lot of doctors drove to this library.,A lot of doctors driven to this library.,morphology,irregular_forms,irregular_past_participle_verbs,True,True,False,False,104,-44.48663330078125,-46.01769256591797,1
Every library took some painting.,Every library taken some painting.,morphology,irregular_forms,irregular_past_participle_verbs,True,True,False,False,105,-33.9439697265625,-37.15139389038086,1
Andrea broke these vases.,Andrea broken these vases.,morphology,irregular_forms,irregular_past_participle_verbs,True,True,False,False,106,-46.447837829589844,-47.8843994140625,1
Paula wore these sweaters.,Paula worn these sweaters.,morphology,irregular_forms,irregular_past_participle_verbs,True,True,False,False,107,-34.162147521972656,-39.64690399169922,1
Aaron drove to some mountain.,Aaron driven to some mountain.,morphology,irregular_forms,irregular_past_participle_verbs,True,True,False,False,108,-31.24248504638672,-33.97452163696289,1
Deborah wore the jacket.,Deborah worn the jacket.,morphology,irregular_forms,irregular_past_participle_verbs,True,True,False,False,109,-33.324398040771484,-35.42303466796875,1
Jennifer broke a carriage.,Jennifer broken a carriage.,morphology,irregular_forms,irregular_past_participle_verbs,True,True,False,False,110,-28.29055404663086,-28.76933479309082,1
Dawn hid many shawls.,Dawn hidden many shawls.,morphology,irregular_forms,irregular_past_participle_verbs,True,True,False,False,111,-48.382328033447266,-50.37611389160156,1
Diane went fishing.,Diane gone fishing.,morphology,irregular_forms,irregular_past_participle_verbs,True,True,False,False,112,-31.785884857177734,-36.169097900390625,1
Rhonda wore a shoe.,Rhonda worn a shoe.,morphology,irregular_forms,irregular_past_participle_verbs,True,True,False,False,113,-31.002779006958008,-35.0556640625,1
Carla broke some plates.,Carla broken some plates.,morphology,irregular_forms,irregular_past_participle_verbs,True,True,False,False,114,-39.431270599365234,-41.860328674316406,1
These actors got a job.,These actors gotten a job.,morphology,irregular_forms,irregular_past_participle_verbs,True,True,False,False,115,-30.871402740478516,-36.452484130859375,1
A lot of women hid away.,A lot of women hidden away.,morphology,irregular_forms,irregular_past_participle_verbs,True,True,False,False,116,-35.049644470214844,-34.83499526977539,0
The patients wore every shoe.,The patients worn every shoe.,morphology,irregular_forms,irregular_past_participle_verbs,True,True,False,False,117,-36.189781188964844,-38.15519332885742,1
Theresa drove to the public park.,Theresa driven to the public park.,morphology,irregular_forms,irregular_past_participle_verbs,True,True,False,False,118,-42.04545211791992,-45.72541809082031,1
Naomi sang.,Naomi sung.,morphology,irregular_forms,irregular_past_participle_verbs,True,True,False,False,119,-25.072967529296875,-27.3587646484375,1
Those adults wore most shoes.,Those adults worn most shoes.,morphology,irregular_forms,irregular_past_participle_verbs,True,True,False,False,120,-37.94548034667969,-40.397003173828125,1
The waiters spoke up.,The waiters spoken up.,morphology,irregular_forms,irregular_past_participle_verbs,True,True,False,False,121,-30.495426177978516,-34.972007751464844,1
Katherine ate.,Katherine eaten.,morphology,irregular_forms,irregular_past_participle_verbs,True,True,False,False,122,-24.327465057373047,-28.326658248901367,1
Rose went to every art gallery.,Rose gone to every art gallery.,morphology,irregular_forms,irregular_past_participle_verbs,True,True,False,False,123,-36.65224075317383,-40.04667663574219,1
Denise got a job.,Denise gotten a job.,morphology,irregular_forms,irregular_past_participle_verbs,True,True,False,False,124,-25.967859268188477,-31.778125762939453,1
Anne knew Todd.,Anne known Todd.,morphology,irregular_forms,irregular_past_participle_verbs,True,True,False,False,125,-24.060958862304688,-24.146888732910156,1
Helen got fired.,Helen gotten fired.,morphology,irregular_forms,irregular_past_participle_verbs,True,True,False,False,126,-26.110166549682617,-30.6392879486084,1
Those waiters spoke up.,Those waiters spoken up.,morphology,irregular_forms,irregular_past_participle_verbs,True,True,False,False,127,-30.74740219116211,-34.64649963378906,1
That actor hid away.,That actor hidden away.,morphology,irregular_forms,irregular_past_participle_verbs,True,True,False,False,128,-30.48365020751953,-30.679088592529297,1
Laurie came here.,Laurie come here.,morphology,irregular_forms,irregular_past_participle_verbs,True,True,False,False,129,-31.187259674072266,-31.143590927124023,0
Tamara came here.,Tamara come here.,morphology,irregular_forms,irregular_past_participle_verbs,True,True,False,False,130,-24.1479434967041,-24.465023040771484,1
Those drivers got a job.,Those drivers gotten a job.,morphology,irregular_forms,irregular_past_participle_verbs,True,True,False,False,131,-28.514110565185547,-33.153282165527344,1
Stephen forgot Nancy.,Stephen forgotten Nancy.,morphology,irregular_forms,irregular_past_participle_verbs,True,True,False,False,132,-25.24875259399414,-25.947635650634766,1
Peter forgot Tammy.,Peter forgotten Tammy.,morphology,irregular_forms,irregular_past_participle_verbs,True,True,False,False,133,-26.37112045288086,-26.911901473999023,1
Rhonda went to the river.,Rhonda gone to the river.,morphology,irregular_forms,irregular_past_participle_verbs,True,True,False,False,134,-30.183488845825195,-36.653995513916016,1
Those doctors wore that coat.,Those doctors worn that coat.,morphology,irregular_forms,irregular_past_participle_verbs,True,True,False,False,135,-36.37896728515625,-39.34550476074219,1
Colleen got a job.,Colleen gotten a job.,morphology,irregular_forms,irregular_past_participle_verbs,True,True,False,False,136,-29.798091888427734,-35.56211853027344,1
A man wrote.,A man written.,morphology,irregular_forms,irregular_past_participle_verbs,True,True,False,False,137,-19.710824966430664,-24.493499755859375,1
Linda got fired.,Linda gotten fired.,morphology,irregular_forms,irregular_past_participle_verbs,True,True,False,False,138,-29.760406494140625,-34.528907775878906,1
The Lutherans woke up.,The Lutherans woken up.,morphology,irregular_forms,irregular_past_participle_verbs,True,True,False,False,139,-35.176788330078125,-40.21907043457031,1
The peppers went bad.,The peppers gone bad.,morphology,irregular_forms,irregular_past_participle_verbs,True,True,False,False,140,-31.898027420043945,-34.92507553100586,1
Keith wrote.,Keith written.,morphology,irregular_forms,irregular_past_participle_verbs,True,True,False,False,141,-12.870713233947754,-16.517915725708008,1
Some girl hid that screen.,Some girl hidden that screen.,morphology,irregular_forms,irregular_past_participle_verbs,True,True,False,False,142,-36.779029846191406,-38.93013000488281,1
This popsicle froze.,This popsicle frozen.,morphology,irregular_forms,irregular_past_participle_verbs,True,True,False,False,143,-28.332029342651367,-27.860366821289062,0
Leslie ate.,Leslie eaten.,morphology,irregular_forms,irregular_past_participle_verbs,True,True,False,False,144,-24.614715576171875,-25.930084228515625,1
Florence woke up.,Florence woken up.,morphology,irregular_forms,irregular_past_participle_verbs,True,True,False,False,145,-29.27977180480957,-33.091697692871094,1
Vanessa woke up.,Vanessa woken up.,morphology,irregular_forms,irregular_past_participle_verbs,True,True,False,False,146,-24.161054611206055,-30.21483612060547,1
Monet got fired.,Monet gotten fired.,morphology,irregular_forms,irregular_past_participle_verbs,True,True,False,False,147,-28.311664581298828,-32.62895965576172,1
Sharon went fishing.,Sharon gone fishing.,morphology,irregular_forms,irregular_past_participle_verbs,True,True,False,False,148,-30.54266357421875,-36.41205596923828,1
Renee drove to the art gallery.,Renee driven to the art gallery.,morphology,irregular_forms,irregular_past_participle_verbs,True,True,False,False,149,-37.59642028808594,-40.135231018066406,1
Many ladies hid the girl.,Many ladies hidden the girl.,morphology,irregular_forms,irregular_past_participle_verbs,True,True,False,False,150,-33.70744323730469,-36.766056060791016,1
Valerie wrote.,Valerie written.,morphology,irregular_forms,irregular_past_participle_verbs,True,True,False,False,151,-22.325176239013672,-26.744503021240234,1
Melinda got a job.,Melinda gotten a job.,morphology,irregular_forms,irregular_past_participle_verbs,True,True,False,False,152,-29.383575439453125,-34.87373733520508,1
Nancy spoke up.,Nancy spoken up.,morphology,irregular_forms,irregular_past_participle_verbs,True,True,False,False,153,-28.228267669677734,-34.565643310546875,1
Many boys wore every dress.,Many boys worn every dress.,morphology,irregular_forms,irregular_past_participle_verbs,True,True,False,False,154,-34.62747573852539,-37.13348388671875,1
Florence got fired.,Florence gotten fired.,morphology,irregular_forms,irregular_past_participle_verbs,True,True,False,False,155,-33.98219299316406,-39.108436584472656,1
Sabrina wore a lot of hats.,Sabrina worn a lot of hats.,morphology,irregular_forms,irregular_past_participle_verbs,True,True,False,False,156,-36.679561614990234,-41.26214599609375,1
Jeffrey hid away.,Jeffrey hidden away.,morphology,irregular_forms,irregular_past_participle_verbs,True,True,False,False,157,-29.253032684326172,-28.73456573486328,0
Kendra broke the mirrors.,Kendra broken the mirrors.,morphology,irregular_forms,irregular_past_participle_verbs,True,True,False,False,158,-38.092594146728516,-40.7448616027832,1
Debra wrote.,Debra written.,morphology,irregular_forms,irregular_past_participle_verbs,True,True,False,False,159,-20.814645767211914,-24.71466827392578,1
Those glaciers froze.,Those glaciers frozen.,morphology,irregular_forms,irregular_past_participle_verbs,True,True,False,False,160,-29.368568420410156,-29.68408203125,1
Larry wore the coat.,Larry worn the coat.,morphology,irregular_forms,irregular_past_participle_verbs,True,True,False,False,161,-23.316356658935547,-24.758411407470703,1
Tonya got fired.,Tonya gotten fired.,morphology,irregular_forms,irregular_past_participle_verbs,True,True,False,False,162,-26.213022232055664,-32.52268981933594,1
Candice hid away.,Candice hidden away.,morphology,irregular_forms,irregular_past_participle_verbs,True,True,False,False,163,-27.74383544921875,-26.99540138244629,0
Omar went to high schools.,Omar gone to high schools.,morphology,irregular_forms,irregular_past_participle_verbs,True,True,False,False,164,-36.95996856689453,-42.87495422363281,1
Caroline broke couches.,Caroline broken couches.,morphology,irregular_forms,irregular_past_participle_verbs,True,True,False,False,165,-35.685096740722656,-34.53672790527344,0
Men broke those bicycles.,Men broken those bicycles.,morphology,irregular_forms,irregular_past_participle_verbs,True,True,False,False,166,-27.844036102294922,-31.211078643798828,1
Stephen went to most libraries.,Stephen gone to most libraries.,morphology,irregular_forms,irregular_past_participle_verbs,True,True,False,False,167,-32.73263931274414,-36.912628173828125,1
These dancers wrote.,These dancers written.,morphology,irregular_forms,irregular_past_participle_verbs,True,True,False,False,168,-26.353084564208984,-28.56421661376953,1
Steve hid.,Steve hidden.,morphology,irregular_forms,irregular_past_participle_verbs,True,True,False,False,169,-16.64080238342285,-15.074691772460938,0
Kendra came here.,Kendra come here.,morphology,irregular_forms,irregular_past_participle_verbs,True,True,False,False,170,-27.575090408325195,-28.63365364074707,1
Carlos broke that wheelbarrow.,Carlos broken that wheelbarrow.,morphology,irregular_forms,irregular_past_participle_verbs,True,True,False,False,171,-50.61260223388672,-54.30146789550781,1
Katherine forgot Frank.,Katherine forgotten Frank.,morphology,irregular_forms,irregular_past_participle_verbs,True,True,False,False,172,-34.79652404785156,-36.007484436035156,1
The glacier froze.,The glacier frozen.,morphology,irregular_forms,irregular_past_participle_verbs,True,True,False,False,173,-28.98532485961914,-28.213207244873047,0
Those shawls shrank.,Those shawls shrunk.,morphology,irregular_forms,irregular_past_participle_verbs,True,True,False,False,174,-34.92420196533203,-32.5318603515625,0
All doctors drove to this hill.,All doctors driven to this hill.,morphology,irregular_forms,irregular_past_participle_verbs,True,True,False,False,175,-37.14805221557617,-42.207252502441406,1
The adult broke a lot of dishes.,The adult broken a lot of dishes.,morphology,irregular_forms,irregular_past_participle_verbs,True,True,False,False,176,-41.57557678222656,-44.58611297607422,1
All guys forgot Kenneth.,All guys forgotten Kenneth.,morphology,irregular_forms,irregular_past_participle_verbs,True,True,False,False,177,-35.23727035522461,-37.33937454223633,1
Craig went to a lot of malls.,Craig gone to a lot of malls.,morphology,irregular_forms,irregular_past_participle_verbs,True,True,False,False,178,-32.63615036010742,-36.05207824707031,1
Diana broke the car.,Diana broken the car.,morphology,irregular_forms,irregular_past_participle_verbs,True,True,False,False,179,-30.996070861816406,-33.82941436767578,1
Travis got fired.,Travis gotten fired.,morphology,irregular_forms,irregular_past_participle_verbs,True,True,False,False,180,-27.85551643371582,-32.89303970336914,1
Rodney broke some couch.,Rodney broken some couch.,morphology,irregular_forms,irregular_past_participle_verbs,True,True,False,False,181,-38.008811950683594,-40.78251266479492,1
Kristen broke that mirror.,Kristen broken that mirror.,morphology,irregular_forms,irregular_past_participle_verbs,True,True,False,False,182,-34.7436408996582,-37.50730895996094,1
The hats shrank.,The hats shrunk.,morphology,irregular_forms,irregular_past_participle_verbs,True,True,False,False,183,-35.23278045654297,-30.75800323486328,0
Adam took that horse.,Adam taken that horse.,morphology,irregular_forms,irregular_past_participle_verbs,True,True,False,False,184,-26.89747428894043,-30.76762580871582,1
Patients broke all mirrors.,Patients broken all mirrors.,morphology,irregular_forms,irregular_past_participle_verbs,True,True,False,False,185,-40.78457260131836,-41.98228073120117,1
All girls broke every car.,All girls broken every car.,morphology,irregular_forms,irregular_past_participle_verbs,True,True,False,False,186,-37.31755065917969,-39.57640838623047,1
Those pedestrians drank.,Those pedestrians drunk.,morphology,irregular_forms,irregular_past_participle_verbs,True,True,False,False,187,-27.30691909790039,-26.876672744750977,0
Every patient broke the vases.,Every patient broken the vases.,morphology,irregular_forms,irregular_past_participle_verbs,True,True,False,False,188,-37.83955383300781,-39.73857116699219,1
Melinda woke up.,Melinda woken up.,morphology,irregular_forms,irregular_past_participle_verbs,True,True,False,False,189,-24.971784591674805,-30.154970169067383,1
All mushrooms went bad.,All mushrooms gone bad.,morphology,irregular_forms,irregular_past_participle_verbs,True,True,False,False,190,-32.5565299987793,-36.052120208740234,1
Elaine spoke up.,Elaine spoken up.,morphology,irregular_forms,irregular_past_participle_verbs,True,True,False,False,191,-29.601913452148438,-32.908180236816406,1
These guys took a lot of newspaper articles.,These guys taken a lot of newspaper articles.,morphology,irregular_forms,irregular_past_participle_verbs,True,True,False,False,192,-37.21874237060547,-40.876216888427734,1
Marcus hid.,Marcus hidden.,morphology,irregular_forms,irregular_past_participle_verbs,True,True,False,False,193,-16.201343536376953,-15.853570938110352,0
Jacqueline wore many jackets.,Jacqueline worn many jackets.,morphology,irregular_forms,irregular_past_participle_verbs,True,True,False,False,194,-40.82615661621094,-43.369140625,1
Samuel drank.,Samuel drunk.,morphology,irregular_forms,irregular_past_participle_verbs,True,True,False,False,195,-28.469968795776367,-27.503541946411133,0
Bradley broke this plate.,Bradley broken this plate.,morphology,irregular_forms,irregular_past_participle_verbs,True,True,False,False,196,-32.42231369018555,-36.693931579589844,1
Walter hid.,Walter hidden.,morphology,irregular_forms,irregular_past_participle_verbs,True,True,False,False,197,-25.167587280273438,-26.176254272460938,1
Many universities knew Dawn.,Many universities known Dawn.,morphology,irregular_forms,irregular_past_participle_verbs,True,True,False,False,198,-38.02312088012695,-39.27728271484375,1
Natalie drove to many museums.,Natalie driven to many museums.,morphology,irregular_forms,irregular_past_participle_verbs,True,True,False,False,199,-41.49517059326172,-47.89625930786133,1
Eric took computers.,Eric taken computers.,morphology,irregular_forms,irregular_past_participle_verbs,True,True,False,False,200,-24.321826934814453,-25.889171600341797,1
Allison broke these cups.,Allison broken these cups.,morphology,irregular_forms,irregular_past_participle_verbs,True,True,False,False,201,-39.01618194580078,-40.669395446777344,1
Carrie ate.,Carrie eaten.,morphology,irregular_forms,irregular_past_participle_verbs,True,True,False,False,202,-25.43844223022461,-27.83747673034668,1
Meredith wrote.,Meredith written.,morphology,irregular_forms,irregular_past_participle_verbs,True,True,False,False,203,-22.96686553955078,-27.459619522094727,1
Some adults broke a lot of wheelbarrows.,Some adults broken a lot of wheelbarrows.,morphology,irregular_forms,irregular_past_participle_verbs,True,True,False,False,204,-55.44275665283203,-59.3807258605957,1
Margaret ate.,Margaret eaten.,morphology,irregular_forms,irregular_past_participle_verbs,True,True,False,False,205,-24.160057067871094,-27.61815071105957,1
Sara went fishing.,Sara gone fishing.,morphology,irregular_forms,irregular_past_participle_verbs,True,True,False,False,206,-31.05084991455078,-35.62168884277344,1
Martin went fishing.,Martin gone fishing.,morphology,irregular_forms,irregular_past_participle_verbs,True,True,False,False,207,-20.51892852783203,-24.490314483642578,1
Steve sang.,Steve sung.,morphology,irregular_forms,irregular_past_participle_verbs,True,True,False,False,208,-16.482969284057617,-16.858251571655273,1
Carrie spoke up.,Carrie spoken up.,morphology,irregular_forms,irregular_past_participle_verbs,True,True,False,False,209,-28.38926124572754,-34.26319122314453,1
Becca wore the shoes.,Becca worn the shoes.,morphology,irregular_forms,irregular_past_participle_verbs,True,True,False,False,210,-34.817405700683594,-37.528682708740234,1
Most mushrooms went bad.,Most mushrooms gone bad.,morphology,irregular_forms,irregular_past_participle_verbs,True,True,False,False,211,-31.491073608398438,-35.07177734375,1
Many skirts shrank.,Many skirts shrunk.,morphology,irregular_forms,irregular_past_participle_verbs,True,True,False,False,212,-35.489315032958984,-30.70380401611328,0
Alexander wrote.,Alexander written.,morphology,irregular_forms,irregular_past_participle_verbs,True,True,False,False,213,-12.693319320678711,-16.135366439819336,1
All hats shrank.,All hats shrunk.,morphology,irregular_forms,irregular_past_participle_verbs,True,True,False,False,214,-35.71289825439453,-30.01862335205078,0
That lake froze.,That lake frozen.,morphology,irregular_forms,irregular_past_participle_verbs,True,True,False,False,215,-27.318321228027344,-26.10946273803711,0
The dancers hid.,The dancers hidden.,morphology,irregular_forms,irregular_past_participle_verbs,True,True,False,False,216,-29.878328323364258,-30.72752571105957,1
Some waiter knew Kirsten.,Some waiter known Kirsten.,morphology,irregular_forms,irregular_past_participle_verbs,True,True,False,False,217,-36.114158630371094,-39.86515426635742,1
Claire ate.,Claire eaten.,morphology,irregular_forms,irregular_past_participle_verbs,True,True,False,False,218,-23.87701416015625,-27.169857025146484,1
Some dancers drank.,Some dancers drunk.,morphology,irregular_forms,irregular_past_participle_verbs,True,True,False,False,219,-27.350454330444336,-29.4375,1
Mary hid a lot of glasses.,Mary hidden a lot of glasses.,morphology,irregular_forms,irregular_past_participle_verbs,True,True,False,False,220,-30.45391082763672,-33.300907135009766,1
Tammy wore some sock.,Tammy worn some sock.,morphology,irregular_forms,irregular_past_participle_verbs,True,True,False,False,221,-36.686988830566406,-39.99100875854492,1
Kevin woke up.,Kevin woken up.,morphology,irregular_forms,irregular_past_participle_verbs,True,True,False,False,222,-15.54819393157959,-16.690690994262695,1
Daniel broke some chair.,Daniel broken some chair.,morphology,irregular_forms,irregular_past_participle_verbs,True,True,False,False,223,-28.62565803527832,-30.096786499023438,1
Brenda came here.,Brenda come here.,morphology,irregular_forms,irregular_past_participle_verbs,True,True,False,False,224,-20.716815948486328,-21.057687759399414,1
Most girls wrote.,Most girls written.,morphology,irregular_forms,irregular_past_participle_verbs,True,True,False,False,225,-23.07840919494629,-25.19163703918457,1
Danielle got fired.,Danielle gotten fired.,morphology,irregular_forms,irregular_past_participle_verbs,True,True,False,False,226,-26.020645141601562,-31.083066940307617,1
Theodore broke most bikes.,Theodore broken most bikes.,morphology,irregular_forms,irregular_past_participle_verbs,True,True,False,False,227,-46.033729553222656,-46.73616027832031,1
Most cashiers went fishing.,Most cashiers gone fishing.,morphology,irregular_forms,irregular_past_participle_verbs,True,True,False,False,228,-36.3822021484375,-40.45752716064453,1
Theresa broke all bicycles.,Theresa broken all bicycles.,morphology,irregular_forms,irregular_past_participle_verbs,True,True,False,False,229,-44.46202087402344,-46.955360412597656,1
Those people hid away.,Those people hidden away.,morphology,irregular_forms,irregular_past_participle_verbs,True,True,False,False,230,-24.393320083618164,-24.70834732055664,1
These shoes shrank.,These shoes shrunk.,morphology,irregular_forms,irregular_past_participle_verbs,True,True,False,False,231,-30.86357879638672,-24.80154037475586,0
This actress hid.,This actress hidden.,morphology,irregular_forms,irregular_past_participle_verbs,True,True,False,False,232,-30.141536712646484,-29.770145416259766,0
The popsicle froze.,The popsicle frozen.,morphology,irregular_forms,irregular_past_participle_verbs,True,True,False,False,233,-28.294940948486328,-28.149690628051758,0
Many people hid away.,Many people hidden away.,morphology,irregular_forms,irregular_past_participle_verbs,True,True,False,False,234,-24.617835998535156,-25.627107620239258,1
Gregory hid those bicycles.,Gregory hidden those bicycles.,morphology,irregular_forms,irregular_past_participle_verbs,True,True,False,False,235,-42.681819915771484,-43.737144470214844,1
Amy sang.,Amy sung.,morphology,irregular_forms,irregular_past_participle_verbs,True,True,False,False,236,-15.03820514678955,-16.336605072021484,1
A sock shrank.,A sock shrunk.,morphology,irregular_forms,irregular_past_participle_verbs,True,True,False,False,237,-31.24221420288086,-28.527637481689453,0
Tiffany hid the lady.,Tiffany hidden the lady.,morphology,irregular_forms,irregular_past_participle_verbs,True,True,False,False,238,-43.365989685058594,-46.949005126953125,1
Carmen took this box.,Carmen taken this box.,morphology,irregular_forms,irregular_past_participle_verbs,True,True,False,False,239,-38.282508850097656,-41.20921325683594,1
Eva drove to this library.,Eva driven to this library.,morphology,irregular_forms,irregular_past_participle_verbs,True,True,False,False,240,-29.061782836914062,-30.765323638916016,1
Monet hid.,Monet hidden.,morphology,irregular_forms,irregular_past_participle_verbs,True,True,False,False,241,-26.007240295410156,-25.374942779541016,0
Donna went to this art gallery.,Donna gone to this art gallery.,morphology,irregular_forms,irregular_past_participle_verbs,True,True,False,False,242,-41.42490768432617,-45.61025619506836,1
Brenda hid the bicycles.,Brenda hidden the bicycles.,morphology,irregular_forms,irregular_past_participle_verbs,True,True,False,False,243,-37.485260009765625,-37.82965087890625,1
Most actresses wore a lot of jackets.,Most actresses worn a lot of jackets.,morphology,irregular_forms,irregular_past_participle_verbs,True,True,False,False,244,-38.474342346191406,-42.27643585205078,1
This lake froze.,This lake frozen.,morphology,irregular_forms,irregular_past_participle_verbs,True,True,False,False,245,-27.398849487304688,-26.550796508789062,0
The waiters hid that actress.,The waiters hidden that actress.,morphology,irregular_forms,irregular_past_participle_verbs,True,True,False,False,246,-46.269962310791016,-50.67000961303711,1
Diana wore a lot of hats.,Diana worn a lot of hats.,morphology,irregular_forms,irregular_past_participle_verbs,True,True,False,False,247,-34.59187316894531,-40.677547454833984,1
Matt knew Kathleen.,Matt known Kathleen.,morphology,irregular_forms,irregular_past_participle_verbs,True,True,False,False,248,-23.47702407836914,-25.072031021118164,1
Jacqueline wore most shirts.,Jacqueline worn most shirts.,morphology,irregular_forms,irregular_past_participle_verbs,True,True,False,False,249,-40.551551818847656,-43.80324172973633,1
Tammy broke those forks.,Tammy broken those forks.,morphology,irregular_forms,irregular_past_participle_verbs,True,True,False,False,250,-38.44020080566406,-41.83576583862305,1
Some eggplants went bad.,Some eggplants gone bad.,morphology,irregular_forms,irregular_past_participle_verbs,True,True,False,False,251,-39.62395477294922,-43.93138122558594,1
Those girls got a job.,Those girls gotten a job.,morphology,irregular_forms,irregular_past_participle_verbs,True,True,False,False,252,-25.68161964416504,-31.702991485595703,1
Kenneth spoke up.,Kenneth spoken up.,morphology,irregular_forms,irregular_past_participle_verbs,True,True,False,False,253,-23.824861526489258,-30.127370834350586,1
Clyde took this eggplant.,Clyde taken this eggplant.,morphology,irregular_forms,irregular_past_participle_verbs,True,True,False,False,254,-43.39791488647461,-47.23851013183594,1
Stacy drank.,Stacy drunk.,morphology,irregular_forms,irregular_past_participle_verbs,True,True,False,False,255,-21.806358337402344,-22.672218322753906,1
Alice came here.,Alice come here.,morphology,irregular_forms,irregular_past_participle_verbs,True,True,False,False,256,-16.190475463867188,-14.382096290588379,0
Tara hid away.,Tara hidden away.,morphology,irregular_forms,irregular_past_participle_verbs,True,True,False,False,257,-31.114463806152344,-30.838638305664062,0
All boys hid this face.,All boys hidden this face.,morphology,irregular_forms,irregular_past_participle_verbs,True,True,False,False,258,-36.20928955078125,-39.59883117675781,1
Jodi went to a lot of mountains.,Jodi gone to a lot of mountains.,morphology,irregular_forms,irregular_past_participle_verbs,True,True,False,False,259,-40.71926498413086,-46.852012634277344,1
Bruce went to banks.,Bruce gone to banks.,morphology,irregular_forms,irregular_past_participle_verbs,True,True,False,False,260,-24.165180206298828,-28.416797637939453,1
Martha knew Keith.,Martha known Keith.,morphology,irregular_forms,irregular_past_participle_verbs,True,True,False,False,261,-31.89857292175293,-37.50386047363281,1
This pedestrian hid Alexander.,This pedestrian hidden Alexander.,morphology,irregular_forms,irregular_past_participle_verbs,True,True,False,False,262,-41.25749588012695,-40.38629150390625,0
Gina drove to most closets.,Gina driven to most closets.,morphology,irregular_forms,irregular_past_participle_verbs,True,True,False,False,263,-48.679256439208984,-50.86951446533203,1
Kayla went to the restaurants.,Kayla gone to the restaurants.,morphology,irregular_forms,irregular_past_participle_verbs,True,True,False,False,264,-34.9642333984375,-40.36639404296875,1
Dawn broke that plane.,Dawn broken that plane.,morphology,irregular_forms,irregular_past_participle_verbs,True,True,False,False,265,-39.73600387573242,-43.31097412109375,1
Caroline hid all gates.,Caroline hidden all gates.,morphology,irregular_forms,irregular_past_participle_verbs,True,True,False,False,266,-42.39739990234375,-42.56755447387695,1
The Impressionists went fishing.,The Impressionists gone fishing.,morphology,irregular_forms,irregular_past_participle_verbs,True,True,False,False,267,-39.054771423339844,-42.89692687988281,1
Mushrooms went bad.,Mushrooms gone bad.,morphology,irregular_forms,irregular_past_participle_verbs,True,True,False,False,268,-37.895816802978516,-40.460670471191406,1
That driver knew Anne.,That driver known Anne.,morphology,irregular_forms,irregular_past_participle_verbs,True,True,False,False,269,-32.604949951171875,-37.017860412597656,1
Nina drove to the high schools.,Nina driven to the high schools.,morphology,irregular_forms,irregular_past_participle_verbs,True,True,False,False,270,-39.90526580810547,-43.65631103515625,1
Kenneth sang.,Kenneth sung.,morphology,irregular_forms,irregular_past_participle_verbs,True,True,False,False,271,-22.63201141357422,-23.751422882080078,1
A lot of adults woke up.,A lot of adults woken up.,morphology,irregular_forms,irregular_past_participle_verbs,True,True,False,False,272,-32.33527374267578,-34.226287841796875,1
Randolf knew the Lutherans.,Randolf known the Lutherans.,morphology,irregular_forms,irregular_past_participle_verbs,True,True,False,False,273,-46.36528396606445,-49.54979705810547,1
Many patients hid away.,Many patients hidden away.,morphology,irregular_forms,irregular_past_participle_verbs,True,True,False,False,274,-26.777088165283203,-27.359580993652344,1
Richard broke a lot of unicycles.,Richard broken a lot of unicycles.,morphology,irregular_forms,irregular_past_participle_verbs,True,True,False,False,275,-38.097904205322266,-39.91142272949219,1
A lot of actors drank.,A lot of actors drunk.,morphology,irregular_forms,irregular_past_participle_verbs,True,True,False,False,276,-34.243438720703125,-34.46111297607422,1
Sara drove to all cafes.,Sara driven to all cafes.,morphology,irregular_forms,irregular_past_participle_verbs,True,True,False,False,277,-45.23534393310547,-49.8572998046875,1
Some waitresses hid some painting.,Some waitresses hidden some painting.,morphology,irregular_forms,irregular_past_participle_verbs,True,True,False,False,278,-47.84193420410156,-48.66320037841797,1
Sara got a job.,Sara gotten a job.,morphology,irregular_forms,irregular_past_participle_verbs,True,True,False,False,279,-29.070133209228516,-33.843109130859375,1
Janet went to the school.,Janet gone to the school.,morphology,irregular_forms,irregular_past_participle_verbs,True,True,False,False,280,-29.873414993286133,-34.43695831298828,1
Eric broke most glasses.,Eric broken most glasses.,morphology,irregular_forms,irregular_past_participle_verbs,True,True,False,False,281,-32.92046356201172,-31.620637893676758,0
The pedestrians came here.,The pedestrians come here.,morphology,irregular_forms,irregular_past_participle_verbs,True,True,False,False,282,-28.732412338256836,-25.8873348236084,0
That adult sang.,That adult sung.,morphology,irregular_forms,irregular_past_participle_verbs,True,True,False,False,283,-24.888607025146484,-28.29328727722168,1
Many pedestrians spoke up.,Many pedestrians spoken up.,morphology,irregular_forms,irregular_past_participle_verbs,True,True,False,False,284,-29.15095329284668,-33.74164962768555,1
The glasses shrank.,The glasses shrunk.,morphology,irregular_forms,irregular_past_participle_verbs,True,True,False,False,285,-31.586265563964844,-27.876102447509766,0
Michelle took those cars.,Michelle taken those cars.,morphology,irregular_forms,irregular_past_participle_verbs,True,True,False,False,286,-25.427804946899414,-28.208404541015625,1
Irene drank.,Irene drunk.,morphology,irregular_forms,irregular_past_participle_verbs,True,True,False,False,287,-28.557601928710938,-29.526384353637695,1
Winston Churchill wrote.,Winston Churchill written.,morphology,irregular_forms,irregular_past_participle_verbs,True,True,False,False,288,-31.998516082763672,-35.40839767456055,1
Caroline went fishing.,Caroline gone fishing.,morphology,irregular_forms,irregular_past_participle_verbs,True,True,False,False,289,-29.307544708251953,-33.849388122558594,1
Rose drove to a glacier.,Rose driven to a glacier.,morphology,irregular_forms,irregular_past_participle_verbs,True,True,False,False,290,-29.616281509399414,-32.61508560180664,1
Adam knew Karla.,Adam known Karla.,morphology,irregular_forms,irregular_past_participle_verbs,True,True,False,False,291,-27.50668716430664,-28.255064010620117,1
Those teenagers went fishing.,Those teenagers gone fishing.,morphology,irregular_forms,irregular_past_participle_verbs,True,True,False,False,292,-31.135141372680664,-33.13710403442383,1
All cucumbers went bad.,All cucumbers gone bad.,morphology,irregular_forms,irregular_past_participle_verbs,True,True,False,False,293,-34.45716857910156,-37.36339569091797,1
Carmen sang.,Carmen sung.,morphology,irregular_forms,irregular_past_participle_verbs,True,True,False,False,294,-28.10341453552246,-30.85906219482422,1
Some guys woke up.,Some guys woken up.,morphology,irregular_forms,irregular_past_participle_verbs,True,True,False,False,295,-22.67296028137207,-25.700956344604492,1
Wendy broke this convertible.,Wendy broken this convertible.,morphology,irregular_forms,irregular_past_participle_verbs,True,True,False,False,296,-39.63920593261719,-44.91993713378906,1
The women drank.,The women drunk.,morphology,irregular_forms,irregular_past_participle_verbs,True,True,False,False,297,-24.02699089050293,-24.712892532348633,1
Those actors drove to Harvard University.,Those actors driven to Harvard University.,morphology,irregular_forms,irregular_past_participle_verbs,True,True,False,False,298,-38.156288146972656,-43.25090789794922,1
Glaciers froze.,Glaciers frozen.,morphology,irregular_forms,irregular_past_participle_verbs,True,True,False,False,299,-31.141067504882812,-32.33868408203125,1
Michael broke that mirror.,Michael broken that mirror.,morphology,irregular_forms,irregular_past_participle_verbs,True,True,False,False,300,-27.640789031982422,-29.389034271240234,1
Some eggplant went bad.,Some eggplant gone bad.,morphology,irregular_forms,irregular_past_participle_verbs,True,True,False,False,301,-35.69764709472656,-38.03668212890625,1
Kristen went to every college campus.,Kristen gone to every college campus.,morphology,irregular_forms,irregular_past_participle_verbs,True,True,False,False,302,-46.547279357910156,-51.27165603637695,1
David hid Denise.,David hidden Denise.,morphology,irregular_forms,irregular_past_participle_verbs,True,True,False,False,303,-28.482406616210938,-28.314077377319336,0
Sherry wrote.,Sherry written.,morphology,irregular_forms,irregular_past_participle_verbs,True,True,False,False,304,-24.46345329284668,-28.4658260345459,1
The adults broke those computers.,The adults broken those computers.,morphology,irregular_forms,irregular_past_participle_verbs,True,True,False,False,305,-39.809913635253906,-41.998512268066406,1
Those cashiers broke a lot of carriages.,Those cashiers broken a lot of carriages.,morphology,irregular_forms,irregular_past_participle_verbs,True,True,False,False,306,-48.76882553100586,-51.98554992675781,1
Samantha wore those shawls.,Samantha worn those shawls.,morphology,irregular_forms,irregular_past_participle_verbs,True,True,False,False,307,-51.219322204589844,-55.43135452270508,1
Brian wore jackets.,Brian worn jackets.,morphology,irregular_forms,irregular_past_participle_verbs,True,True,False,False,308,-24.23062515258789,-24.6392822265625,1
Noah knew Maria.,Noah known Maria.,morphology,irregular_forms,irregular_past_participle_verbs,True,True,False,False,309,-32.35715103149414,-36.73273849487305,1
A lady wore that jacket.,A lady worn that jacket.,morphology,irregular_forms,irregular_past_participle_verbs,True,True,False,False,310,-34.07577896118164,-36.17691421508789,1
The children broke a carriage.,The children broken a carriage.,morphology,irregular_forms,irregular_past_participle_verbs,True,True,False,False,311,-34.417911529541016,-37.04695129394531,1
Margaret got a job.,Margaret gotten a job.,morphology,irregular_forms,irregular_past_participle_verbs,True,True,False,False,312,-28.137304306030273,-34.45321273803711,1
Victoria took this bike.,Victoria taken this bike.,morphology,irregular_forms,irregular_past_participle_verbs,True,True,False,False,313,-23.490264892578125,-27.40816879272461,1
Julia wore every glove.,Julia worn every glove.,morphology,irregular_forms,irregular_past_participle_verbs,True,True,False,False,314,-34.71233367919922,-37.99831008911133,1
Grace got fired.,Grace gotten fired.,morphology,irregular_forms,irregular_past_participle_verbs,True,True,False,False,315,-25.689537048339844,-31.44288444519043,1
Kayla drank.,Kayla drunk.,morphology,irregular_forms,irregular_past_participle_verbs,True,True,False,False,316,-27.057926177978516,-25.09664535522461,0
Mary came here.,Mary come here.,morphology,irregular_forms,irregular_past_participle_verbs,True,True,False,False,317,-16.508872985839844,-14.890420913696289,0
Samuel wore many pants.,Samuel worn many pants.,morphology,irregular_forms,irregular_past_participle_verbs,True,True,False,False,318,-40.434417724609375,-40.953208923339844,1
Tara hid those rabbits.,Tara hidden those rabbits.,morphology,irregular_forms,irregular_past_participle_verbs,True,True,False,False,319,-41.99578094482422,-44.516387939453125,1
Lawrence drove to every bank.,Lawrence driven to every bank.,morphology,irregular_forms,irregular_past_participle_verbs,True,True,False,False,320,-43.80559158325195,-46.141815185546875,1
Nancy knew James.,Nancy known James.,morphology,irregular_forms,irregular_past_participle_verbs,True,True,False,False,321,-32.26094436645508,-37.109901428222656,1
Larry broke all convertibles.,Larry broken all convertibles.,morphology,irregular_forms,irregular_past_participle_verbs,True,True,False,False,322,-36.722686767578125,-36.923194885253906,1
This student got a job.,This student gotten a job.,morphology,irregular_forms,irregular_past_participle_verbs,True,True,False,False,323,-26.254241943359375,-32.599632263183594,1
Amy came here.,Amy come here.,morphology,irregular_forms,irregular_past_participle_verbs,True,True,False,False,324,-15.968623161315918,-14.130532264709473,0
Many drivers sang.,Many drivers sung.,morphology,irregular_forms,irregular_past_participle_verbs,True,True,False,False,325,-25.548498153686523,-29.251667022705078,1
Amelia got fired.,Amelia gotten fired.,morphology,irregular_forms,irregular_past_participle_verbs,True,True,False,False,326,-31.023847579956055,-36.920127868652344,1
The ice cream froze.,The ice cream frozen.,morphology,irregular_forms,irregular_past_participle_verbs,True,True,False,False,327,-26.477462768554688,-24.832338333129883,0
Wayne drove to some library.,Wayne driven to some library.,morphology,irregular_forms,irregular_past_participle_verbs,True,True,False,False,328,-41.85546112060547,-46.77960205078125,1
Some glasses shrank.,Some glasses shrunk.,morphology,irregular_forms,irregular_past_participle_verbs,True,True,False,False,329,-32.696929931640625,-27.564044952392578,0
Samantha woke up.,Samantha woken up.,morphology,irregular_forms,irregular_past_participle_verbs,True,True,False,False,330,-30.037559509277344,-35.15135955810547,1
Carl broke every wheelbarrow.,Carl broken every wheelbarrow.,morphology,irregular_forms,irregular_past_participle_verbs,True,True,False,False,331,-47.44097137451172,-48.48478698730469,1
Many sweaters shrank.,Many sweaters shrunk.,morphology,irregular_forms,irregular_past_participle_verbs,True,True,False,False,332,-34.03820037841797,-30.091384887695312,0
Sarah went fishing.,Sarah gone fishing.,morphology,irregular_forms,irregular_past_participle_verbs,True,True,False,False,333,-21.473194122314453,-24.050262451171875,1
Most fish broke a lot of mirrors.,Most fish broken a lot of mirrors.,morphology,irregular_forms,irregular_past_participle_verbs,True,True,False,False,334,-39.603511810302734,-46.03178787231445,1
Carla came here.,Carla come here.,morphology,irregular_forms,irregular_past_participle_verbs,True,True,False,False,335,-26.842334747314453,-25.44482421875,0
Julie spoke up.,Julie spoken up.,morphology,irregular_forms,irregular_past_participle_verbs,True,True,False,False,336,-22.59456443786621,-28.079185485839844,1
Some river froze.,Some river frozen.,morphology,irregular_forms,irregular_past_participle_verbs,True,True,False,False,337,-25.68000602722168,-25.353729248046875,0
Phillip woke up.,Phillip woken up.,morphology,irregular_forms,irregular_past_participle_verbs,True,True,False,False,338,-23.809703826904297,-29.876222610473633,1
Diane got a job.,Diane gotten a job.,morphology,irregular_forms,irregular_past_participle_verbs,True,True,False,False,339,-28.43096160888672,-35.10487365722656,1
Aaron hid.,Aaron hidden.,morphology,irregular_forms,irregular_past_participle_verbs,True,True,False,False,340,-16.13534164428711,-15.771526336669922,0
Eva got fired.,Eva gotten fired.,morphology,irregular_forms,irregular_past_participle_verbs,True,True,False,False,341,-18.349746704101562,-23.758031845092773,1
The customer went fishing.,The customer gone fishing.,morphology,irregular_forms,irregular_past_participle_verbs,True,True,False,False,342,-28.719295501708984,-33.34810256958008,1
Amy hid the scarf.,Amy hidden the scarf.,morphology,irregular_forms,irregular_past_participle_verbs,True,True,False,False,343,-27.319664001464844,-29.906726837158203,1
Gerald wore some shawl.,Gerald worn some shawl.,morphology,irregular_forms,irregular_past_participle_verbs,True,True,False,False,344,-45.39189529418945,-49.619117736816406,1
The universities knew this cashier.,The universities known this cashier.,morphology,irregular_forms,irregular_past_participle_verbs,True,True,False,False,345,-45.7823486328125,-47.921592712402344,1
A lot of boys broke this truck.,A lot of boys broken this truck.,morphology,irregular_forms,irregular_past_participle_verbs,True,True,False,False,346,-41.09209442138672,-44.5278434753418,1
April got fired.,April gotten fired.,morphology,irregular_forms,irregular_past_participle_verbs,True,True,False,False,347,-20.9649600982666,-26.63808822631836,1
These blouses shrank.,These blouses shrunk.,morphology,irregular_forms,irregular_past_participle_verbs,True,True,False,False,348,-32.908348083496094,-30.07423973083496,0
The dress shrank.,The dress shrunk.,morphology,irregular_forms,irregular_past_participle_verbs,True,True,False,False,349,-31.325029373168945,-27.994129180908203,0
Carol drove to museums.,Carol driven to museums.,morphology,irregular_forms,irregular_past_participle_verbs,True,True,False,False,350,-37.5908317565918,-41.881404876708984,1
Leslie drove to every library.,Leslie driven to every library.,morphology,irregular_forms,irregular_past_participle_verbs,True,True,False,False,351,-44.55255126953125,-46.52531433105469,1
An apple went bad.,An apple gone bad.,morphology,irregular_forms,irregular_past_participle_verbs,True,True,False,False,352,-30.737939834594727,-33.5135383605957,1
An actor wore many skirts.,An actor worn many skirts.,morphology,irregular_forms,irregular_past_participle_verbs,True,True,False,False,353,-39.46173858642578,-42.598846435546875,1
This waitress wore some shirt.,This waitress worn some shirt.,morphology,irregular_forms,irregular_past_participle_verbs,True,True,False,False,354,-37.15193557739258,-40.446937561035156,1
Tammy took some muffins.,Tammy taken some muffins.,morphology,irregular_forms,irregular_past_participle_verbs,True,True,False,False,355,-34.900604248046875,-39.33647537231445,1
Patrick took a spotlight.,Patrick taken a spotlight.,morphology,irregular_forms,irregular_past_participle_verbs,True,True,False,False,356,-23.30255126953125,-28.13431167602539,1
Customers knew Tracy.,Customers known Tracy.,morphology,irregular_forms,irregular_past_participle_verbs,True,True,False,False,357,-29.006383895874023,-33.55189895629883,1
Heather drove to this high school.,Heather driven to this high school.,morphology,irregular_forms,irregular_past_participle_verbs,True,True,False,False,358,-42.509727478027344,-43.724002838134766,1
Phillip broke windows.,Phillip broken windows.,morphology,irregular_forms,irregular_past_participle_verbs,True,True,False,False,359,-32.04375076293945,-32.994354248046875,1
Shirts shrank.,Shirts shrunk.,morphology,irregular_forms,irregular_past_participle_verbs,True,True,False,False,360,-33.53932189941406,-28.381629943847656,0
Winston Churchill woke up.,Winston Churchill woken up.,morphology,irregular_forms,irregular_past_participle_verbs,True,True,False,False,361,-36.05569076538086,-40.982601165771484,1
Connie broke some computer.,Connie broken some computer.,morphology,irregular_forms,irregular_past_participle_verbs,True,True,False,False,362,-38.64454650878906,-42.3237419128418,1
Alice drove to a high school.,Alice driven to a high school.,morphology,irregular_forms,irregular_past_participle_verbs,True,True,False,False,363,-26.21783447265625,-28.64495086669922,1
Catherine wore every sweater.,Catherine worn every sweater.,morphology,irregular_forms,irregular_past_participle_verbs,True,True,False,False,364,-40.16700744628906,-42.03992462158203,1
Omar forgot the men.,Omar forgotten the men.,morphology,irregular_forms,irregular_past_participle_verbs,True,True,False,False,365,-36.86894226074219,-38.34651184082031,1
The Impressionists forgot Tanya.,The Impressionists forgotten Tanya.,morphology,irregular_forms,irregular_past_participle_verbs,True,True,False,False,366,-47.03425216674805,-48.508419036865234,1
Joel drove to every hill.,Joel driven to every hill.,morphology,irregular_forms,irregular_past_participle_verbs,True,True,False,False,367,-40.368934631347656,-43.23390197753906,1
This doctor went fishing.,This doctor gone fishing.,morphology,irregular_forms,irregular_past_participle_verbs,True,True,False,False,368,-30.016712188720703,-33.57807159423828,1
Brett hid away.,Brett hidden away.,morphology,irregular_forms,irregular_past_participle_verbs,True,True,False,False,369,-31.724040985107422,-32.86562728881836,1
Rachel hid.,Rachel hidden.,morphology,irregular_forms,irregular_past_participle_verbs,True,True,False,False,370,-15.881916999816895,-15.494738578796387,0
That actor knew a lot of dancers.,That actor known a lot of dancers.,morphology,irregular_forms,irregular_past_participle_verbs,True,True,False,False,371,-38.664588928222656,-41.32933807373047,1
Lissa went to every school.,Lissa gone to every school.,morphology,irregular_forms,irregular_past_participle_verbs,True,True,False,False,372,-37.6318244934082,-43.162105560302734,1
Ice froze.,Ice frozen.,morphology,irregular_forms,irregular_past_participle_verbs,True,True,False,False,373,-15.115952491760254,-14.121786117553711,0
Robert went to those banks.,Robert gone to those banks.,morphology,irregular_forms,irregular_past_participle_verbs,True,True,False,False,374,-28.161537170410156,-30.53730583190918,1
The guest drank.,The guest drunk.,morphology,irregular_forms,irregular_past_participle_verbs,True,True,False,False,375,-26.512046813964844,-24.65267562866211,0
Sara drove to every cafe.,Sara driven to every cafe.,morphology,irregular_forms,irregular_past_participle_verbs,True,True,False,False,376,-43.592716217041016,-47.89938735961914,1
Ruth hid these skateboards.,Ruth hidden these skateboards.,morphology,irregular_forms,irregular_past_participle_verbs,True,True,False,False,377,-44.611534118652344,-46.76528549194336,1
Tamara forgot Kathleen.,Tamara forgotten Kathleen.,morphology,irregular_forms,irregular_past_participle_verbs,True,True,False,False,378,-33.29690170288086,-34.200714111328125,1
Most cashiers hid many customers.,Most cashiers hidden many customers.,morphology,irregular_forms,irregular_past_participle_verbs,True,True,False,False,379,-42.619171142578125,-44.36550521850586,1
Debra broke many cups.,Debra broken many cups.,morphology,irregular_forms,irregular_past_participle_verbs,True,True,False,False,380,-38.52716064453125,-40.98751449584961,1
These cashiers sang.,These cashiers sung.,morphology,irregular_forms,irregular_past_participle_verbs,True,True,False,False,381,-31.919960021972656,-35.16673278808594,1
Every hamster hid.,Every hamster hidden.,morphology,irregular_forms,irregular_past_participle_verbs,True,True,False,False,382,-30.700029373168945,-29.794754028320312,0
Karen broke all bicycles.,Karen broken all bicycles.,morphology,irregular_forms,irregular_past_participle_verbs,True,True,False,False,383,-41.96332931518555,-43.76016616821289,1
Danielle drove to Spain.,Danielle driven to Spain.,morphology,irregular_forms,irregular_past_participle_verbs,True,True,False,False,384,-31.34197425842285,-37.56485366821289,1
Rodney wore this shoe.,Rodney worn this shoe.,morphology,irregular_forms,irregular_past_participle_verbs,True,True,False,False,385,-32.040802001953125,-35.82188034057617,1
Larry got fired.,Larry gotten fired.,morphology,irregular_forms,irregular_past_participle_verbs,True,True,False,False,386,-17.614704132080078,-23.23847198486328,1
Derek drank.,Derek drunk.,morphology,irregular_forms,irregular_past_participle_verbs,True,True,False,False,387,-27.84677505493164,-27.436750411987305,0
Kimberley spoke up.,Kimberley spoken up.,morphology,irregular_forms,irregular_past_participle_verbs,True,True,False,False,388,-31.078502655029297,-36.64990997314453,1
Lisa got a job.,Lisa gotten a job.,morphology,irregular_forms,irregular_past_participle_verbs,True,True,False,False,389,-16.013744354248047,-21.92090606689453,1
Heather drove to that lake.,Heather driven to that lake.,morphology,irregular_forms,irregular_past_participle_verbs,True,True,False,False,390,-42.679779052734375,-46.65624237060547,1
Many guys forgot Anna.,Many guys forgotten Anna.,morphology,irregular_forms,irregular_past_participle_verbs,True,True,False,False,391,-32.32170104980469,-33.376834869384766,1
A lot of cashiers sang.,A lot of cashiers sung.,morphology,irregular_forms,irregular_past_participle_verbs,True,True,False,False,392,-39.11871337890625,-41.7974739074707,1
Women got a job.,Women gotten a job.,morphology,irregular_forms,irregular_past_participle_verbs,True,True,False,False,393,-16.823762893676758,-23.086883544921875,1
Some actress broke that dish.,Some actress broken that dish.,morphology,irregular_forms,irregular_past_participle_verbs,True,True,False,False,394,-38.72633361816406,-45.08475112915039,1
Every shirt shrank.,Every shirt shrunk.,morphology,irregular_forms,irregular_past_participle_verbs,True,True,False,False,395,-30.97907066345215,-26.062171936035156,0
Some icicles froze.,Some icicles frozen.,morphology,irregular_forms,irregular_past_participle_verbs,True,True,False,False,396,-33.56233215332031,-31.740108489990234,0
Kathleen sang.,Kathleen sung.,morphology,irregular_forms,irregular_past_participle_verbs,True,True,False,False,397,-29.90801239013672,-31.623924255371094,1
Wendy wore this blouse.,Wendy worn this blouse.,morphology,irregular_forms,irregular_past_participle_verbs,True,True,False,False,398,-37.31649398803711,-41.579132080078125,1
Catherine forgot Bill.,Catherine forgotten Bill.,morphology,irregular_forms,irregular_past_participle_verbs,True,True,False,False,399,-34.75629425048828,-36.51902770996094,1
Some girl broke a fork.,Some girl broken a fork.,morphology,irregular_forms,irregular_past_participle_verbs,True,True,False,False,400,-32.71127700805664,-36.80803680419922,1
Wayne broke most bicycles.,Wayne broken most bicycles.,morphology,irregular_forms,irregular_past_participle_verbs,True,True,False,False,401,-44.19864273071289,-46.11384582519531,1
Jackets shrank.,Jackets shrunk.,morphology,irregular_forms,irregular_past_participle_verbs,True,True,False,False,402,-33.22187805175781,-26.533546447753906,0
Ann knew Helen.,Ann known Helen.,morphology,irregular_forms,irregular_past_participle_verbs,True,True,False,False,403,-24.28598403930664,-26.439111709594727,1
Debra broke the bicycle.,Debra broken the bicycle.,morphology,irregular_forms,irregular_past_participle_verbs,True,True,False,False,404,-32.847190856933594,-36.249847412109375,1
Many gloves shrank.,Many gloves shrunk.,morphology,irregular_forms,irregular_past_participle_verbs,True,True,False,False,405,-34.62841033935547,-28.672536849975586,0
Steve broke that couch.,Steve broken that couch.,morphology,irregular_forms,irregular_past_participle_verbs,True,True,False,False,406,-27.260059356689453,-30.11185073852539,1
Dana got fired.,Dana gotten fired.,morphology,irregular_forms,irregular_past_participle_verbs,True,True,False,False,407,-28.25510025024414,-35.012916564941406,1
Most fish broke this dish.,Most fish broken this dish.,morphology,irregular_forms,irregular_past_participle_verbs,True,True,False,False,408,-30.095928192138672,-35.3589973449707,1
Carlos drank.,Carlos drunk.,morphology,irregular_forms,irregular_past_participle_verbs,True,True,False,False,409,-24.75421142578125,-23.041105270385742,0
Ruth knew Alexander.,Ruth known Alexander.,morphology,irregular_forms,irregular_past_participle_verbs,True,True,False,False,410,-34.85474395751953,-39.551944732666016,1
Grace hid.,Grace hidden.,morphology,irregular_forms,irregular_past_participle_verbs,True,True,False,False,411,-23.52996063232422,-25.61404037475586,1
Elaine came here.,Elaine come here.,morphology,irregular_forms,irregular_past_participle_verbs,True,True,False,False,412,-27.99477767944336,-27.939559936523438,0
Colleen hid away.,Colleen hidden away.,morphology,irregular_forms,irregular_past_participle_verbs,True,True,False,False,413,-30.08069610595703,-31.442157745361328,1
Some mushroom went bad.,Some mushroom gone bad.,morphology,irregular_forms,irregular_past_participle_verbs,True,True,False,False,414,-31.622615814208984,-35.677978515625,1
Amanda drove to this college campus.,Amanda driven to this college campus.,morphology,irregular_forms,irregular_past_participle_verbs,True,True,False,False,415,-47.55531692504883,-49.75373458862305,1
Sherry hid the art gallery.,Sherry hidden the art gallery.,morphology,irregular_forms,irregular_past_participle_verbs,True,True,False,False,416,-43.064327239990234,-43.87615203857422,1
Omar hid away.,Omar hidden away.,morphology,irregular_forms,irregular_past_participle_verbs,True,True,False,False,417,-31.529155731201172,-32.84857940673828,1
A lot of fish broke some wheelbarrows.,A lot of fish broken some wheelbarrows.,morphology,irregular_forms,irregular_past_participle_verbs,True,True,False,False,418,-59.50751495361328,-63.08415222167969,1
Actresses wrote.,Actresses written.,morphology,irregular_forms,irregular_past_participle_verbs,True,True,False,False,419,-25.8927001953125,-27.347440719604492,1
Benjamin wore some shawls.,Benjamin worn some shawls.,morphology,irregular_forms,irregular_past_participle_verbs,True,True,False,False,420,-47.87692642211914,-50.287513732910156,1
Teresa knew Guy.,Teresa known Guy.,morphology,irregular_forms,irregular_past_participle_verbs,True,True,False,False,421,-32.43585205078125,-34.87946319580078,1
Women spoke up.,Women spoken up.,morphology,irregular_forms,irregular_past_participle_verbs,True,True,False,False,422,-18.08216667175293,-23.39970588684082,1
Katherine knew Roger.,Katherine known Roger.,morphology,irregular_forms,irregular_past_participle_verbs,True,True,False,False,423,-30.553112030029297,-33.26114273071289,1
Women went to this museum.,Women gone to this museum.,morphology,irregular_forms,irregular_past_participle_verbs,True,True,False,False,424,-24.195037841796875,-28.643449783325195,1
Jane went fishing.,Jane gone fishing.,morphology,irregular_forms,irregular_past_participle_verbs,True,True,False,False,425,-21.526565551757812,-24.35420036315918,1
Naomi drove to most art galleries.,Naomi driven to most art galleries.,morphology,irregular_forms,irregular_past_participle_verbs,True,True,False,False,426,-50.31395721435547,-53.68787384033203,1
Brett wrote.,Brett written.,morphology,irregular_forms,irregular_past_participle_verbs,True,True,False,False,427,-24.073081970214844,-28.194934844970703,1
Samuel drove to some cafe.,Samuel driven to some cafe.,morphology,irregular_forms,irregular_past_participle_verbs,True,True,False,False,428,-45.92826843261719,-53.39643859863281,1
Cilantro went bad.,Cilantro gone bad.,morphology,irregular_forms,irregular_past_participle_verbs,True,True,False,False,429,-33.68439865112305,-35.840545654296875,1
Marla forgot Donna.,Marla forgotten Donna.,morphology,irregular_forms,irregular_past_participle_verbs,True,True,False,False,430,-38.584197998046875,-38.671932220458984,1
Christina wore some blouse.,Christina worn some blouse.,morphology,irregular_forms,irregular_past_participle_verbs,True,True,False,False,431,-38.26310729980469,-42.76591110229492,1
Marcus went fishing.,Marcus gone fishing.,morphology,irregular_forms,irregular_past_participle_verbs,True,True,False,False,432,-20.84685516357422,-24.536422729492188,1
Heather wrote.,Heather written.,morphology,irregular_forms,irregular_past_participle_verbs,True,True,False,False,433,-26.255661010742188,-27.373382568359375,1
Joseph went fishing.,Joseph gone fishing.,morphology,irregular_forms,irregular_past_participle_verbs,True,True,False,False,434,-21.628868103027344,-24.610647201538086,1
Jodi hid.,Jodi hidden.,morphology,irregular_forms,irregular_past_participle_verbs,True,True,False,False,435,-28.840396881103516,-30.422117233276367,1
Many actresses got fired.,Many actresses gotten fired.,morphology,irregular_forms,irregular_past_participle_verbs,True,True,False,False,436,-30.602996826171875,-36.591041564941406,1
Cheryl hid many lights.,Cheryl hidden many lights.,morphology,irregular_forms,irregular_past_participle_verbs,True,True,False,False,437,-48.3463134765625,-47.91796875,0
Most students broke most dishes.,Most students broken most dishes.,morphology,irregular_forms,irregular_past_participle_verbs,True,True,False,False,438,-40.12847900390625,-42.293174743652344,1
Chad went to all rivers.,Chad gone to all rivers.,morphology,irregular_forms,irregular_past_participle_verbs,True,True,False,False,439,-38.46862030029297,-45.258384704589844,1
Samantha went to many closets.,Samantha gone to many closets.,morphology,irregular_forms,irregular_past_participle_verbs,True,True,False,False,440,-45.83340835571289,-51.68061447143555,1
Samuel came here.,Samuel come here.,morphology,irregular_forms,irregular_past_participle_verbs,True,True,False,False,441,-28.498571395874023,-28.215368270874023,0
These patients drove to every cafe.,These patients driven to every cafe.,morphology,irregular_forms,irregular_past_participle_verbs,True,True,False,False,442,-42.6015510559082,-45.631595611572266,1
Julie drove to some schools.,Julie driven to some schools.,morphology,irregular_forms,irregular_past_participle_verbs,True,True,False,False,443,-36.250465393066406,-40.423545837402344,1
Walter wore many blouses.,Walter worn many blouses.,morphology,irregular_forms,irregular_past_participle_verbs,True,True,False,False,444,-40.82825469970703,-42.56229782104492,1
Most teenagers wrote.,Most teenagers written.,morphology,irregular_forms,irregular_past_participle_verbs,True,True,False,False,445,-24.300243377685547,-26.19355010986328,1
Christina drove to banks.,Christina driven to banks.,morphology,irregular_forms,irregular_past_participle_verbs,True,True,False,False,446,-35.84403991699219,-41.5142822265625,1
Kathleen woke up.,Kathleen woken up.,morphology,irregular_forms,irregular_past_participle_verbs,True,True,False,False,447,-29.409242630004883,-35.88155746459961,1
Every sock shrank.,Every sock shrunk.,morphology,irregular_forms,irregular_past_participle_verbs,True,True,False,False,448,-30.26421356201172,-27.507728576660156,0
Cheryl forgot a boy.,Cheryl forgotten a boy.,morphology,irregular_forms,irregular_past_participle_verbs,True,True,False,False,449,-44.204219818115234,-44.146141052246094,0
Waitresses knew Vincent.,Waitresses known Vincent.,morphology,irregular_forms,irregular_past_participle_verbs,True,True,False,False,450,-37.328060150146484,-39.82624435424805,1
Mark wore every skirt.,Mark worn every skirt.,morphology,irregular_forms,irregular_past_participle_verbs,True,True,False,False,451,-29.258712768554688,-29.715938568115234,1
Steven wore all shirts.,Steven worn all shirts.,morphology,irregular_forms,irregular_past_participle_verbs,True,True,False,False,452,-28.367414474487305,-28.449169158935547,1
Richard wore every coat.,Richard worn every coat.,morphology,irregular_forms,irregular_past_participle_verbs,True,True,False,False,453,-27.88237762451172,-28.274188995361328,1
Joel hid away.,Joel hidden away.,morphology,irregular_forms,irregular_past_participle_verbs,True,True,False,False,454,-28.621906280517578,-28.460376739501953,0
Sara hid away.,Sara hidden away.,morphology,irregular_forms,irregular_past_participle_verbs,True,True,False,False,455,-31.526470184326172,-30.012720108032227,0
Diana drank.,Diana drunk.,morphology,irregular_forms,irregular_past_participle_verbs,True,True,False,False,456,-26.060836791992188,-27.900840759277344,1
All pedestrians hid Omar.,All pedestrians hidden Omar.,morphology,irregular_forms,irregular_past_participle_verbs,True,True,False,False,457,-40.38703918457031,-41.085357666015625,1
Rose forgot Vanessa.,Rose forgotten Vanessa.,morphology,irregular_forms,irregular_past_participle_verbs,True,True,False,False,458,-24.950925827026367,-25.391284942626953,1
John knew Stephen.,John known Stephen.,morphology,irregular_forms,irregular_past_participle_verbs,True,True,False,False,459,-23.049577713012695,-24.026531219482422,1
Katherine hid.,Katherine hidden.,morphology,irregular_forms,irregular_past_participle_verbs,True,True,False,False,460,-28.02761459350586,-28.609527587890625,1
A waiter hid that cucumber.,A waiter hidden that cucumber.,morphology,irregular_forms,irregular_past_participle_verbs,True,True,False,False,461,-43.63294982910156,-46.76877212524414,1
Emily hid many windows.,Emily hidden many windows.,morphology,irregular_forms,irregular_past_participle_verbs,True,True,False,False,462,-32.02753829956055,-31.276620864868164,0
Hamsters came here.,Hamsters come here.,morphology,irregular_forms,irregular_past_participle_verbs,True,True,False,False,463,-25.017560958862305,-22.901798248291016,0
Sally wore that sock.,Sally worn that sock.,morphology,irregular_forms,irregular_past_participle_verbs,True,True,False,False,464,-40.49419403076172,-39.427188873291016,0
Nina drank.,Nina drunk.,morphology,irregular_forms,irregular_past_participle_verbs,True,True,False,False,465,-24.760852813720703,-24.914817810058594,1
This lady went fishing.,This lady gone fishing.,morphology,irregular_forms,irregular_past_participle_verbs,True,True,False,False,466,-28.410276412963867,-32.64112091064453,1
William got fired.,William gotten fired.,morphology,irregular_forms,irregular_past_participle_verbs,True,True,False,False,467,-18.632463455200195,-23.789901733398438,1
Marie forgot Eric.,Marie forgotten Eric.,morphology,irregular_forms,irregular_past_participle_verbs,True,True,False,False,468,-24.571144104003906,-25.580610275268555,1
Dan went fishing.,Dan gone fishing.,morphology,irregular_forms,irregular_past_participle_verbs,True,True,False,False,469,-21.407140731811523,-23.64011001586914,1
Keith got a job.,Keith gotten a job.,morphology,irregular_forms,irregular_past_participle_verbs,True,True,False,False,470,-16.876604080200195,-21.921783447265625,1
Scott forgot Jodi.,Scott forgotten Jodi.,morphology,irregular_forms,irregular_past_participle_verbs,True,True,False,False,471,-26.5002384185791,-27.59868812561035,1
Judy forgot Anna.,Judy forgotten Anna.,morphology,irregular_forms,irregular_past_participle_verbs,True,True,False,False,472,-30.712738037109375,-31.170724868774414,1
Allison knew Walter.,Allison known Walter.,morphology,irregular_forms,irregular_past_participle_verbs,True,True,False,False,473,-32.24536895751953,-35.85773849487305,1
Some cashiers wrote.,Some cashiers written.,morphology,irregular_forms,irregular_past_participle_verbs,True,True,False,False,474,-27.65583038330078,-31.318012237548828,1
Ice cream froze.,Ice cream frozen.,morphology,irregular_forms,irregular_past_participle_verbs,True,True,False,False,475,-23.865863800048828,-22.408966064453125,0
Katherine spoke up.,Katherine spoken up.,morphology,irregular_forms,irregular_past_participle_verbs,True,True,False,False,476,-27.360788345336914,-33.61125946044922,1
Dana broke this plane.,Dana broken this plane.,morphology,irregular_forms,irregular_past_participle_verbs,True,True,False,False,477,-35.14939498901367,-38.43896484375,1
Many ladies drove to some closet.,Many ladies driven to some closet.,morphology,irregular_forms,irregular_past_participle_verbs,True,True,False,False,478,-46.28242874145508,-49.81424331665039,1
Some doctors sang.,Some doctors sung.,morphology,irregular_forms,irregular_past_participle_verbs,True,True,False,False,479,-24.243812561035156,-27.836347579956055,1
Irene went to that public park.,Irene gone to that public park.,morphology,irregular_forms,irregular_past_participle_verbs,True,True,False,False,480,-51.497257232666016,-55.41942596435547,1
Many senators went to all closets.,Many senators gone to all closets.,morphology,irregular_forms,irregular_past_participle_verbs,True,True,False,False,481,-43.88200378417969,-47.02009201049805,1
That customer woke up.,That customer woken up.,morphology,irregular_forms,irregular_past_participle_verbs,True,True,False,False,482,-22.5603084564209,-23.94929313659668,1
Christine drank.,Christine drunk.,morphology,irregular_forms,irregular_past_participle_verbs,True,True,False,False,483,-23.819488525390625,-23.876115798950195,1
Every scarf shrank.,Every scarf shrunk.,morphology,irregular_forms,irregular_past_participle_verbs,True,True,False,False,484,-31.139259338378906,-29.829418182373047,0
Emily drank.,Emily drunk.,morphology,irregular_forms,irregular_past_participle_verbs,True,True,False,False,485,-14.426420211791992,-13.847790718078613,0
Maria wrote.,Maria written.,morphology,irregular_forms,irregular_past_participle_verbs,True,True,False,False,486,-12.955577850341797,-17.054357528686523,1
Holly hid Tiffany.,Holly hidden Tiffany.,morphology,irregular_forms,irregular_past_participle_verbs,True,True,False,False,487,-40.3332633972168,-41.414981842041016,1
These women took the sketches.,These women taken the sketches.,morphology,irregular_forms,irregular_past_participle_verbs,True,True,False,False,488,-32.44224548339844,-35.96845245361328,1
Raymond went to that school.,Raymond gone to that school.,morphology,irregular_forms,irregular_past_participle_verbs,True,True,False,False,489,-39.59101104736328,-44.099571228027344,1
Gregory spoke up.,Gregory spoken up.,morphology,irregular_forms,irregular_past_participle_verbs,True,True,False,False,490,-26.981830596923828,-31.620492935180664,1
Many governments knew a lot of guests.,Many governments known a lot of guests.,morphology,irregular_forms,irregular_past_participle_verbs,True,True,False,False,491,-40.12627410888672,-43.94206237792969,1
Sabrina got a job.,Sabrina gotten a job.,morphology,irregular_forms,irregular_past_participle_verbs,True,True,False,False,492,-28.766637802124023,-35.498390197753906,1
The Borgias broke a screen.,The Borgias broken a screen.,morphology,irregular_forms,irregular_past_participle_verbs,True,True,False,False,493,-44.88025665283203,-47.348876953125,1
Michelle forgot Linda.,Michelle forgotten Linda.,morphology,irregular_forms,irregular_past_participle_verbs,True,True,False,False,494,-22.687747955322266,-24.171531677246094,1
Stacy broke some plates.,Stacy broken some plates.,morphology,irregular_forms,irregular_past_participle_verbs,True,True,False,False,495,-34.41740036010742,-37.952125549316406,1
Samuel went to the art galleries.,Samuel gone to the art galleries.,morphology,irregular_forms,irregular_past_participle_verbs,True,True,False,False,496,-39.209720611572266,-45.72891616821289,1
Holly broke the computer.,Holly broken the computer.,morphology,irregular_forms,irregular_past_participle_verbs,True,True,False,False,497,-35.75544357299805,-37.10480499267578,1
Michael broke some plate.,Michael broken some plate.,morphology,irregular_forms,irregular_past_participle_verbs,True,True,False,False,498,-29.071388244628906,-31.327667236328125,1
Connie broke the cart.,Connie broken the cart.,morphology,irregular_forms,irregular_past_participle_verbs,True,True,False,False,499,-35.97712326049805,-37.64017868041992,1
Those students knew Rachel.,Those students known Rachel.,morphology,irregular_forms,irregular_past_participle_verbs,True,True,False,False,500,-30.685440063476562,-34.914344787597656,1
Lisa forgot Brian.,Lisa forgotten Brian.,morphology,irregular_forms,irregular_past_participle_verbs,True,True,False,False,501,-22.870685577392578,-25.13650894165039,1
Some actor went to some library.,Some actor gone to some library.,morphology,irregular_forms,irregular_past_participle_verbs,True,True,False,False,502,-39.410736083984375,-45.213966369628906,1
Marie got a job.,Marie gotten a job.,morphology,irregular_forms,irregular_past_participle_verbs,True,True,False,False,503,-16.980236053466797,-22.802385330200195,1
Carolyn broke many cups.,Carolyn broken many cups.,morphology,irregular_forms,irregular_past_participle_verbs,True,True,False,False,504,-43.147239685058594,-47.598976135253906,1
The Impressionists sang.,The Impressionists sung.,morphology,irregular_forms,irregular_past_participle_verbs,True,True,False,False,505,-32.8335075378418,-36.79004669189453,1
Some actor spoke up.,Some actor spoken up.,morphology,irregular_forms,irregular_past_participle_verbs,True,True,False,False,506,-27.9597110748291,-32.721126556396484,1
Tonya hid Derek.,Tonya hidden Derek.,morphology,irregular_forms,irregular_past_participle_verbs,True,True,False,False,507,-34.62150955200195,-35.23540115356445,1
All women hid away.,All women hidden away.,morphology,irregular_forms,irregular_past_participle_verbs,True,True,False,False,508,-29.846912384033203,-29.097530364990234,0
Every museum took a lot of turtles.,Every museum taken a lot of turtles.,morphology,irregular_forms,irregular_past_participle_verbs,True,True,False,False,509,-40.6552619934082,-43.67790985107422,1
Regina hid.,Regina hidden.,morphology,irregular_forms,irregular_past_participle_verbs,True,True,False,False,510,-26.680953979492188,-25.894153594970703,0
Linda wore the shirts.,Linda worn the shirts.,morphology,irregular_forms,irregular_past_participle_verbs,True,True,False,False,511,-33.351104736328125,-35.75327682495117,1
Eric got a job.,Eric gotten a job.,morphology,irregular_forms,irregular_past_participle_verbs,True,True,False,False,512,-16.984256744384766,-21.937252044677734,1
Claire wore these socks.,Claire worn these socks.,morphology,irregular_forms,irregular_past_participle_verbs,True,True,False,False,513,-32.62782287597656,-37.13182067871094,1
These girls hid Karen.,These girls hidden Karen.,morphology,irregular_forms,irregular_past_participle_verbs,True,True,False,False,514,-34.80906677246094,-37.88031768798828,1
Stephanie forgot Rachelle.,Stephanie forgotten Rachelle.,morphology,irregular_forms,irregular_past_participle_verbs,True,True,False,False,515,-45.155696868896484,-46.71421432495117,1
Every senator came here.,Every senator come here.,morphology,irregular_forms,irregular_past_participle_verbs,True,True,False,False,516,-26.05608367919922,-26.932865142822266,1
Some fish hid.,Some fish hidden.,morphology,irregular_forms,irregular_past_participle_verbs,True,True,False,False,517,-24.74565315246582,-25.519336700439453,1
Many lakes froze.,Many lakes frozen.,morphology,irregular_forms,irregular_past_participle_verbs,True,True,False,False,518,-27.836185455322266,-27.763900756835938,0
Rachelle hid Gerald.,Rachelle hidden Gerald.,morphology,irregular_forms,irregular_past_participle_verbs,True,True,False,False,519,-37.665367126464844,-38.615867614746094,1
Peter got a job.,Peter gotten a job.,morphology,irregular_forms,irregular_past_participle_verbs,True,True,False,False,520,-17.29107666015625,-22.656179428100586,1
Most icicles froze.,Most icicles frozen.,morphology,irregular_forms,irregular_past_participle_verbs,True,True,False,False,521,-32.647918701171875,-30.829875946044922,0
Rodney ate.,Rodney eaten.,morphology,irregular_forms,irregular_past_participle_verbs,True,True,False,False,522,-23.053421020507812,-26.545459747314453,1
Kirsten wore shawls.,Kirsten worn shawls.,morphology,irregular_forms,irregular_past_participle_verbs,True,True,False,False,523,-44.479644775390625,-47.140193939208984,1
Regina woke up.,Regina woken up.,morphology,irregular_forms,irregular_past_participle_verbs,True,True,False,False,524,-23.960636138916016,-28.063217163085938,1
A cashier took these boxes.,A cashier taken these boxes.,morphology,irregular_forms,irregular_past_participle_verbs,True,True,False,False,525,-40.890254974365234,-44.63169479370117,1
Maria got a job.,Maria gotten a job.,morphology,irregular_forms,irregular_past_participle_verbs,True,True,False,False,526,-17.55569839477539,-23.860179901123047,1
Michelle wore many skirts.,Michelle worn many skirts.,morphology,irregular_forms,irregular_past_participle_verbs,True,True,False,False,527,-30.27830696105957,-30.975257873535156,1
Janice wore that blouse.,Janice worn that blouse.,morphology,irregular_forms,irregular_past_participle_verbs,True,True,False,False,528,-41.46347427368164,-43.35363006591797,1
Mark got a job.,Mark gotten a job.,morphology,irregular_forms,irregular_past_participle_verbs,True,True,False,False,529,-15.889936447143555,-20.569454193115234,1
Heather took the turtle.,Heather taken the turtle.,morphology,irregular_forms,irregular_past_participle_verbs,True,True,False,False,530,-37.36958312988281,-38.722686767578125,1
Debra drove to most hospitals.,Debra driven to most hospitals.,morphology,irregular_forms,irregular_past_participle_verbs,True,True,False,False,531,-39.42115783691406,-42.31277084350586,1
Catherine wore this shawl.,Catherine worn this shawl.,morphology,irregular_forms,irregular_past_participle_verbs,True,True,False,False,532,-42.20809555053711,-46.0250244140625,1
Heather drank.,Heather drunk.,morphology,irregular_forms,irregular_past_participle_verbs,True,True,False,False,533,-28.45772933959961,-26.502302169799805,0
Edward forgot Patricia.,Edward forgotten Patricia.,morphology,irregular_forms,irregular_past_participle_verbs,True,True,False,False,534,-27.570951461791992,-26.67418670654297,0
A lot of peppers went bad.,A lot of peppers gone bad.,morphology,irregular_forms,irregular_past_participle_verbs,True,True,False,False,535,-40.294010162353516,-41.27052688598633,1
Patricia drove to a restaurant.,Patricia driven to a restaurant.,morphology,irregular_forms,irregular_past_participle_verbs,True,True,False,False,536,-34.23188400268555,-41.07695388793945,1
Guests ate.,Guests eaten.,morphology,irregular_forms,irregular_past_participle_verbs,True,True,False,False,537,-21.654571533203125,-24.976062774658203,1
Brenda got fired.,Brenda gotten fired.,morphology,irregular_forms,irregular_past_participle_verbs,True,True,False,False,538,-25.401569366455078,-31.618785858154297,1
Kendra knew this customer.,Kendra known this customer.,morphology,irregular_forms,irregular_past_participle_verbs,True,True,False,False,539,-38.295196533203125,-41.541202545166016,1
An actress went to these malls.,An actress gone to these malls.,morphology,irregular_forms,irregular_past_participle_verbs,True,True,False,False,540,-42.84959030151367,-47.37771224975586,1
Catherine took a popsicle.,Catherine taken a popsicle.,morphology,irregular_forms,irregular_past_participle_verbs,True,True,False,False,541,-38.08623123168945,-42.669830322265625,1
A lot of customers ate.,A lot of customers eaten.,morphology,irregular_forms,irregular_past_participle_verbs,True,True,False,False,542,-28.029621124267578,-31.722719192504883,1
The drivers hid.,The drivers hidden.,morphology,irregular_forms,irregular_past_participle_verbs,True,True,False,False,543,-26.41640281677246,-25.815038681030273,0
The Borgias hid this snake.,The Borgias hidden this snake.,morphology,irregular_forms,irregular_past_participle_verbs,True,True,False,False,544,-46.519866943359375,-49.01443862915039,1
Rhonda ate.,Rhonda eaten.,morphology,irregular_forms,irregular_past_participle_verbs,True,True,False,False,545,-24.047550201416016,-27.8737850189209,1
Adam knew Rodney.,Adam known Rodney.,morphology,irregular_forms,irregular_past_participle_verbs,True,True,False,False,546,-24.32931137084961,-25.74173355102539,1
A lot of ladies hid Todd.,A lot of ladies hidden Todd.,morphology,irregular_forms,irregular_past_participle_verbs,True,True,False,False,547,-44.30229949951172,-46.243011474609375,1
Frank broke those planes.,Frank broken those planes.,morphology,irregular_forms,irregular_past_participle_verbs,True,True,False,False,548,-28.674060821533203,-29.996715545654297,1
The guests ate.,The guests eaten.,morphology,irregular_forms,irregular_past_participle_verbs,True,True,False,False,549,-20.326032638549805,-25.32495880126953,1
These patients wore socks.,These patients worn socks.,morphology,irregular_forms,irregular_past_participle_verbs,True,True,False,False,550,-29.343875885009766,-31.861146926879883,1
Most hats shrank.,Most hats shrunk.,morphology,irregular_forms,irregular_past_participle_verbs,True,True,False,False,551,-35.197784423828125,-29.878047943115234,0
Douglas sang.,Douglas sung.,morphology,irregular_forms,irregular_past_participle_verbs,True,True,False,False,552,-24.94268035888672,-27.187232971191406,1
All horses came here.,All horses come here.,morphology,irregular_forms,irregular_past_participle_verbs,True,True,False,False,553,-26.335582733154297,-22.832765579223633,0
Gerald went to all libraries.,Gerald gone to all libraries.,morphology,irregular_forms,irregular_past_participle_verbs,True,True,False,False,554,-44.217018127441406,-49.6800537109375,1
Tiffany went fishing.,Tiffany gone fishing.,morphology,irregular_forms,irregular_past_participle_verbs,True,True,False,False,555,-37.938655853271484,-42.62071990966797,1
Tina went to that hill.,Tina gone to that hill.,morphology,irregular_forms,irregular_past_participle_verbs,True,True,False,False,556,-34.60098648071289,-39.80596160888672,1
The actor sang.,The actor sung.,morphology,irregular_forms,irregular_past_participle_verbs,True,True,False,False,557,-23.876245498657227,-26.24748992919922,1
Nina knew Winston Churchill.,Nina known Winston Churchill.,morphology,irregular_forms,irregular_past_participle_verbs,True,True,False,False,558,-38.20533752441406,-40.072757720947266,1
The drivers broke this unicycle.,The drivers broken this unicycle.,morphology,irregular_forms,irregular_past_participle_verbs,True,True,False,False,559,-42.9161376953125,-45.21186065673828,1
Derek went to those libraries.,Derek gone to those libraries.,morphology,irregular_forms,irregular_past_participle_verbs,True,True,False,False,560,-41.62152099609375,-45.902427673339844,1
Many teachers spoke up.,Many teachers spoken up.,morphology,irregular_forms,irregular_past_participle_verbs,True,True,False,False,561,-26.162721633911133,-29.489564895629883,1
That cilantro went bad.,That cilantro gone bad.,morphology,irregular_forms,irregular_past_participle_verbs,True,True,False,False,562,-34.42924499511719,-36.85737609863281,1
Nancy took that skateboard.,Nancy taken that skateboard.,morphology,irregular_forms,irregular_past_participle_verbs,True,True,False,False,563,-41.887569427490234,-45.902130126953125,1
Steven broke this mirror.,Steven broken this mirror.,morphology,irregular_forms,irregular_past_participle_verbs,True,True,False,False,564,-27.249889373779297,-28.101211547851562,1
Barbara woke up.,Barbara woken up.,morphology,irregular_forms,irregular_past_participle_verbs,True,True,False,False,565,-27.510974884033203,-33.67341613769531,1
The Lutherans wore many pants.,The Lutherans worn many pants.,morphology,irregular_forms,irregular_past_participle_verbs,True,True,False,False,566,-48.139862060546875,-51.41435241699219,1
Adults broke this computer.,Adults broken this computer.,morphology,irregular_forms,irregular_past_participle_verbs,True,True,False,False,567,-36.88279724121094,-37.83969497680664,1
The Borgias got fired.,The Borgias gotten fired.,morphology,irregular_forms,irregular_past_participle_verbs,True,True,False,False,568,-38.8651123046875,-46.42223358154297,1
These socks shrank.,These socks shrunk.,morphology,irregular_forms,irregular_past_participle_verbs,True,True,False,False,569,-33.1420783996582,-27.831035614013672,0
Noah drank.,Noah drunk.,morphology,irregular_forms,irregular_past_participle_verbs,True,True,False,False,570,-27.41267204284668,-25.854736328125,0
Julia forgot Raymond.,Julia forgotten Raymond.,morphology,irregular_forms,irregular_past_participle_verbs,True,True,False,False,571,-32.7662353515625,-34.3494987487793,1
This ice cream froze.,This ice cream frozen.,morphology,irregular_forms,irregular_past_participle_verbs,True,True,False,False,572,-25.880577087402344,-24.124370574951172,0
A lot of senators drank.,A lot of senators drunk.,morphology,irregular_forms,irregular_past_participle_verbs,True,True,False,False,573,-36.367942810058594,-35.774044036865234,0
Dennis knew Tracy.,Dennis known Tracy.,morphology,irregular_forms,irregular_past_participle_verbs,True,True,False,False,574,-33.41947555541992,-38.138729095458984,1
Carla hid the book.,Carla hidden the book.,morphology,irregular_forms,irregular_past_participle_verbs,True,True,False,False,575,-34.885292053222656,-36.14274597167969,1
Brenda went to every college campus.,Brenda gone to every college campus.,morphology,irregular_forms,irregular_past_participle_verbs,True,True,False,False,576,-44.28337860107422,-49.8116340637207,1
Michael drank.,Michael drunk.,morphology,irregular_forms,irregular_past_participle_verbs,True,True,False,False,577,-16.016782760620117,-14.186887741088867,0
Michael ate.,Michael eaten.,morphology,irregular_forms,irregular_past_participle_verbs,True,True,False,False,578,-14.113511085510254,-16.5092830657959,1
The Borgias broke the computers.,The Borgias broken the computers.,morphology,irregular_forms,irregular_past_participle_verbs,True,True,False,False,579,-46.528533935546875,-47.309329986572266,1
Janet broke those trucks.,Janet broken those trucks.,morphology,irregular_forms,irregular_past_participle_verbs,True,True,False,False,580,-36.36450958251953,-39.62699890136719,1
Marcus broke some screens.,Marcus broken some screens.,morphology,irregular_forms,irregular_past_participle_verbs,True,True,False,False,581,-28.437484741210938,-30.163253784179688,1
Teresa broke the trucks.,Teresa broken the trucks.,morphology,irregular_forms,irregular_past_participle_verbs,True,True,False,False,582,-37.159698486328125,-39.53450012207031,1
Daniel took that ladder.,Daniel taken that ladder.,morphology,irregular_forms,irregular_past_participle_verbs,True,True,False,False,583,-26.31060791015625,-29.223430633544922,1
Many blouses shrank.,Many blouses shrunk.,morphology,irregular_forms,irregular_past_participle_verbs,True,True,False,False,584,-34.382057189941406,-31.080028533935547,0
Rachel went to a lot of hospitals.,Rachel gone to a lot of hospitals.,morphology,irregular_forms,irregular_past_participle_verbs,True,True,False,False,585,-31.389434814453125,-34.67832946777344,1
Some cats broke many carriages.,Some cats broken many carriages.,morphology,irregular_forms,irregular_past_participle_verbs,True,True,False,False,586,-41.26731872558594,-43.501705169677734,1
Travis got a job.,Travis gotten a job.,morphology,irregular_forms,irregular_past_participle_verbs,True,True,False,False,587,-27.872772216796875,-32.75809860229492,1
Paula came here.,Paula come here.,morphology,irregular_forms,irregular_past_participle_verbs,True,True,False,False,588,-22.075529098510742,-22.773561477661133,1
Roger forgot Christine.,Roger forgotten Christine.,morphology,irregular_forms,irregular_past_participle_verbs,True,True,False,False,589,-24.777660369873047,-25.24957275390625,1
Nina spoke up.,Nina spoken up.,morphology,irregular_forms,irregular_past_participle_verbs,True,True,False,False,590,-26.324777603149414,-31.447925567626953,1
Patricia knew most students.,Patricia known most students.,morphology,irregular_forms,irregular_past_participle_verbs,True,True,False,False,591,-37.22517395019531,-41.417518615722656,1
These pedestrians drove to a lot of libraries.,These pedestrians driven to a lot of libraries.,morphology,irregular_forms,irregular_past_participle_verbs,True,True,False,False,592,-49.534584045410156,-52.19939422607422,1
The water froze.,The water frozen.,morphology,irregular_forms,irregular_past_participle_verbs,True,True,False,False,593,-21.28168487548828,-23.219562530517578,1
Regina got a job.,Regina gotten a job.,morphology,irregular_forms,irregular_past_participle_verbs,True,True,False,False,594,-28.116287231445312,-33.32606506347656,1
Debra hid.,Debra hidden.,morphology,irregular_forms,irregular_past_participle_verbs,True,True,False,False,595,-24.286334991455078,-24.360570907592773,1
Beverly drove to every closet.,Beverly driven to every closet.,morphology,irregular_forms,irregular_past_participle_verbs,True,True,False,False,596,-46.85374450683594,-48.619842529296875,1
Jennifer wrote.,Jennifer written.,morphology,irregular_forms,irregular_past_participle_verbs,True,True,False,False,597,-13.582572937011719,-16.691537857055664,1
Those people wrote.,Those people written.,morphology,irregular_forms,irregular_past_participle_verbs,True,True,False,False,598,-18.42378044128418,-21.186372756958008,1
Rachelle hid Brian.,Rachelle hidden Brian.,morphology,irregular_forms,irregular_past_participle_verbs,True,True,False,False,599,-34.239501953125,-37.1494255065918,1
Sharon broke that glass.,Sharon broken that glass.,morphology,irregular_forms,irregular_past_participle_verbs,True,True,False,False,600,-38.769203186035156,-42.43670654296875,1
Maria went to this mountain.,Maria gone to this mountain.,morphology,irregular_forms,irregular_past_participle_verbs,True,True,False,False,601,-25.762168884277344,-28.65424346923828,1
Donald broke these cups.,Donald broken these cups.,morphology,irregular_forms,irregular_past_participle_verbs,True,True,False,False,602,-29.420495986938477,-30.92656707763672,1
A lot of pedestrians went to art galleries.,A lot of pedestrians gone to art galleries.,morphology,irregular_forms,irregular_past_participle_verbs,True,True,False,False,603,-48.070255279541016,-50.98065948486328,1
Many rabbits broke couches.,Many rabbits broken couches.,morphology,irregular_forms,irregular_past_participle_verbs,True,True,False,False,604,-39.343780517578125,-39.51739501953125,1
This dancer went to the cafe.,This dancer gone to the cafe.,morphology,irregular_forms,irregular_past_participle_verbs,True,True,False,False,605,-35.45521545410156,-42.28527069091797,1
Sally drove to every mountain.,Sally driven to every mountain.,morphology,irregular_forms,irregular_past_participle_verbs,True,True,False,False,606,-40.89234161376953,-40.219940185546875,0
Some girls forgot Kristin.,Some girls forgotten Kristin.,morphology,irregular_forms,irregular_past_participle_verbs,True,True,False,False,607,-34.5908317565918,-36.021541595458984,1
The jackets shrank.,The jackets shrunk.,morphology,irregular_forms,irregular_past_participle_verbs,True,True,False,False,608,-35.031959533691406,-31.457853317260742,0
Erin came here.,Erin come here.,morphology,irregular_forms,irregular_past_participle_verbs,True,True,False,False,609,-22.13164710998535,-23.448091506958008,1
Candice hid.,Candice hidden.,morphology,irregular_forms,irregular_past_participle_verbs,True,True,False,False,610,-25.047645568847656,-24.6676025390625,0
The ladies drank.,The ladies drunk.,morphology,irregular_forms,irregular_past_participle_verbs,True,True,False,False,611,-26.57827377319336,-26.523975372314453,0
A lot of rivers froze.,A lot of rivers frozen.,morphology,irregular_forms,irregular_past_participle_verbs,True,True,False,False,612,-33.73299789428711,-33.538787841796875,0
Monet knew Stacy.,Monet known Stacy.,morphology,irregular_forms,irregular_past_participle_verbs,True,True,False,False,613,-34.894989013671875,-37.85608673095703,1
Cindy got fired.,Cindy gotten fired.,morphology,irregular_forms,irregular_past_participle_verbs,True,True,False,False,614,-36.129173278808594,-40.788551330566406,1
Benjamin took this dog.,Benjamin taken this dog.,morphology,irregular_forms,irregular_past_participle_verbs,True,True,False,False,615,-36.467063903808594,-40.40243911743164,1
Denise broke every skateboard.,Denise broken every skateboard.,morphology,irregular_forms,irregular_past_participle_verbs,True,True,False,False,616,-41.30530548095703,-43.992218017578125,1
Many icicles froze.,Many icicles frozen.,morphology,irregular_forms,irregular_past_participle_verbs,True,True,False,False,617,-33.52726364135742,-31.608684539794922,0
Diane went to every closet.,Diane gone to every closet.,morphology,irregular_forms,irregular_past_participle_verbs,True,True,False,False,618,-41.33849334716797,-45.55721664428711,1
Derek broke every plane.,Derek broken every plane.,morphology,irregular_forms,irregular_past_participle_verbs,True,True,False,False,619,-41.482261657714844,-43.25276565551758,1
Catherine came here.,Catherine come here.,morphology,irregular_forms,irregular_past_participle_verbs,True,True,False,False,620,-26.89563751220703,-28.17304801940918,1
A child went to those hills.,A child gone to those hills.,morphology,irregular_forms,irregular_past_participle_verbs,True,True,False,False,621,-39.840675354003906,-43.10649490356445,1
Some schools took those scarves.,Some schools taken those scarves.,morphology,irregular_forms,irregular_past_participle_verbs,True,True,False,False,622,-38.5435791015625,-40.21503448486328,1
Some actors hid.,Some actors hidden.,morphology,irregular_forms,irregular_past_participle_verbs,True,True,False,False,623,-27.952096939086914,-28.937591552734375,1
Matt ate.,Matt eaten.,morphology,irregular_forms,irregular_past_participle_verbs,True,True,False,False,624,-13.412740707397461,-15.521085739135742,1
Amanda sang.,Amanda sung.,morphology,irregular_forms,irregular_past_participle_verbs,True,True,False,False,625,-24.526016235351562,-27.185901641845703,1
That guy hid.,That guy hidden.,morphology,irregular_forms,irregular_past_participle_verbs,True,True,False,False,626,-23.641571044921875,-25.01136016845703,1
Cynthia came here.,Cynthia come here.,morphology,irregular_forms,irregular_past_participle_verbs,True,True,False,False,627,-31.341386795043945,-32.902156829833984,1
Karla ate.,Karla eaten.,morphology,irregular_forms,irregular_past_participle_verbs,True,True,False,False,628,-23.57714080810547,-26.989898681640625,1
Karen went to a lot of grocery stores.,Karen gone to a lot of grocery stores.,morphology,irregular_forms,irregular_past_participle_verbs,True,True,False,False,629,-40.25124740600586,-46.85453414916992,1
That actor drove to that closet.,That actor driven to that closet.,morphology,irregular_forms,irregular_past_participle_verbs,True,True,False,False,630,-42.78110122680664,-44.97198486328125,1
Some shawls shrank.,Some shawls shrunk.,morphology,irregular_forms,irregular_past_participle_verbs,True,True,False,False,631,-34.79977035522461,-32.20259475708008,0
Deborah broke these plates.,Deborah broken these plates.,morphology,irregular_forms,irregular_past_participle_verbs,True,True,False,False,632,-37.06403350830078,-39.81330871582031,1
Catherine spoke up.,Catherine spoken up.,morphology,irregular_forms,irregular_past_participle_verbs,True,True,False,False,633,-29.03453826904297,-34.33273696899414,1
Doctors drove to a high school.,Doctors driven to a high school.,morphology,irregular_forms,irregular_past_participle_verbs,True,True,False,False,634,-27.388797760009766,-29.17778778076172,1
Some patients sang.,Some patients sung.,morphology,irregular_forms,irregular_past_participle_verbs,True,True,False,False,635,-24.128498077392578,-27.715530395507812,1
Those dancers took every nose.,Those dancers taken every nose.,morphology,irregular_forms,irregular_past_participle_verbs,True,True,False,False,636,-40.953033447265625,-43.92510986328125,1
Every student broke screens.,Every student broken screens.,morphology,irregular_forms,irregular_past_participle_verbs,True,True,False,False,637,-36.11585235595703,-36.86277389526367,1
Michelle wrote.,Michelle written.,morphology,irregular_forms,irregular_past_participle_verbs,True,True,False,False,638,-13.503255844116211,-16.876197814941406,1
Bradley hid.,Bradley hidden.,morphology,irregular_forms,irregular_past_participle_verbs,True,True,False,False,639,-25.009716033935547,-26.089738845825195,1
Becca knew Steve.,Becca known Steve.,morphology,irregular_forms,irregular_past_participle_verbs,True,True,False,False,640,-35.89860534667969,-40.0167350769043,1
Elaine got fired.,Elaine gotten fired.,morphology,irregular_forms,irregular_past_participle_verbs,True,True,False,False,641,-29.020362854003906,-35.00988006591797,1
Chad woke up.,Chad woken up.,morphology,irregular_forms,irregular_past_participle_verbs,True,True,False,False,642,-21.888341903686523,-29.254440307617188,1
Helen drove to all cafes.,Helen driven to all cafes.,morphology,irregular_forms,irregular_past_participle_verbs,True,True,False,False,643,-42.42064666748047,-46.0180549621582,1
Theodore forgot Bethany.,Theodore forgotten Bethany.,morphology,irregular_forms,irregular_past_participle_verbs,True,True,False,False,644,-40.34441375732422,-39.80323028564453,0
Melanie knew Amelia.,Melanie known Amelia.,morphology,irregular_forms,irregular_past_participle_verbs,True,True,False,False,645,-34.46247482299805,-36.20940399169922,1
A man hid away.,A man hidden away.,morphology,irregular_forms,irregular_past_participle_verbs,True,True,False,False,646,-26.583778381347656,-27.629486083984375,1
The glaciers froze.,The glaciers frozen.,morphology,irregular_forms,irregular_past_participle_verbs,True,True,False,False,647,-28.62530517578125,-29.28684425354004,1
Russell drove to the college campuses.,Russell driven to the college campuses.,morphology,irregular_forms,irregular_past_participle_verbs,True,True,False,False,648,-32.430850982666016,-34.054054260253906,1
Omar drove to these schools.,Omar driven to these schools.,morphology,irregular_forms,irregular_past_participle_verbs,True,True,False,False,649,-43.04715347290039,-45.814945220947266,1
Some ladies drank.,Some ladies drunk.,morphology,irregular_forms,irregular_past_participle_verbs,True,True,False,False,650,-26.20049476623535,-25.808490753173828,0
These guests wore some coat.,These guests worn some coat.,morphology,irregular_forms,irregular_past_participle_verbs,True,True,False,False,651,-34.11490249633789,-37.82990264892578,1
Tiffany forgot Suzanne.,Tiffany forgotten Suzanne.,morphology,irregular_forms,irregular_past_participle_verbs,True,True,False,False,652,-44.45102310180664,-47.142059326171875,1
Mark drove to that mall.,Mark driven to that mall.,morphology,irregular_forms,irregular_past_participle_verbs,True,True,False,False,653,-31.831180572509766,-34.73859405517578,1
Regina drove to all restaurants.,Regina driven to all restaurants.,morphology,irregular_forms,irregular_past_participle_verbs,True,True,False,False,654,-41.98036193847656,-45.954185485839844,1
Kristin hid.,Kristin hidden.,morphology,irregular_forms,irregular_past_participle_verbs,True,True,False,False,655,-23.025794982910156,-24.27056884765625,1
Karla drank.,Karla drunk.,morphology,irregular_forms,irregular_past_participle_verbs,True,True,False,False,656,-25.48802947998047,-24.693538665771484,0
Every driver went fishing.,Every driver gone fishing.,morphology,irregular_forms,irregular_past_participle_verbs,True,True,False,False,657,-30.760478973388672,-34.58893585205078,1
These customers hid.,These customers hidden.,morphology,irregular_forms,irregular_past_participle_verbs,True,True,False,False,658,-23.51410675048828,-24.703330993652344,1
Ella ate.,Ella eaten.,morphology,irregular_forms,irregular_past_participle_verbs,True,True,False,False,659,-29.036869049072266,-31.626283645629883,1
The actor broke most unicycles.,The actor broken most unicycles.,morphology,irregular_forms,irregular_past_participle_verbs,True,True,False,False,660,-48.47528839111328,-51.8969841003418,1
Denise drove to some public park.,Denise driven to some public park.,morphology,irregular_forms,irregular_past_participle_verbs,True,True,False,False,661,-47.36199951171875,-53.4874267578125,1
Jesus went fishing.,Jesus gone fishing.,morphology,irregular_forms,irregular_past_participle_verbs,True,True,False,False,662,-22.242860794067383,-24.86600685119629,1
Most teachers broke that plate.,Most teachers broken that plate.,morphology,irregular_forms,irregular_past_participle_verbs,True,True,False,False,663,-36.77521896362305,-41.30476760864258,1
Some pepper went bad.,Some pepper gone bad.,morphology,irregular_forms,irregular_past_participle_verbs,True,True,False,False,664,-31.72098159790039,-34.66022491455078,1
Every coat shrank.,Every coat shrunk.,morphology,irregular_forms,irregular_past_participle_verbs,True,True,False,False,665,-29.116559982299805,-28.414854049682617,0
Susan forgot Tracy.,Susan forgotten Tracy.,morphology,irregular_forms,irregular_past_participle_verbs,True,True,False,False,666,-23.343353271484375,-24.806095123291016,1
Chad wore the sock.,Chad worn the sock.,morphology,irregular_forms,irregular_past_participle_verbs,True,True,False,False,667,-32.94508743286133,-35.55816650390625,1
Some banks forgot Kendra.,Some banks forgotten Kendra.,morphology,irregular_forms,irregular_past_participle_verbs,True,True,False,False,668,-39.852935791015625,-42.50790023803711,1
Dan wore most glasses.,Dan worn most glasses.,morphology,irregular_forms,irregular_past_participle_verbs,True,True,False,False,669,-30.431900024414062,-30.652719497680664,1
Wendy knew Carrie.,Wendy known Carrie.,morphology,irregular_forms,irregular_past_participle_verbs,True,True,False,False,670,-33.216331481933594,-38.58493423461914,1
Clyde took most bananas.,Clyde taken most bananas.,morphology,irregular_forms,irregular_past_participle_verbs,True,True,False,False,671,-47.6121940612793,-52.76704788208008,1
That guest hid away.,That guest hidden away.,morphology,irregular_forms,irregular_past_participle_verbs,True,True,False,False,672,-30.88856315612793,-29.55175018310547,0
That senator got fired.,That senator gotten fired.,morphology,irregular_forms,irregular_past_participle_verbs,True,True,False,False,673,-28.826313018798828,-34.86708450317383,1
Teresa went to some high schools.,Teresa gone to some high schools.,morphology,irregular_forms,irregular_past_participle_verbs,True,True,False,False,674,-39.447792053222656,-46.138755798339844,1
Christopher broke the dishes.,Christopher broken the dishes.,morphology,irregular_forms,irregular_past_participle_verbs,True,True,False,False,675,-26.426719665527344,-27.543724060058594,1
Those gloves shrank.,Those gloves shrunk.,morphology,irregular_forms,irregular_past_participle_verbs,True,True,False,False,676,-34.782745361328125,-28.961742401123047,0
Many adults went fishing.,Many adults gone fishing.,morphology,irregular_forms,irregular_past_participle_verbs,True,True,False,False,677,-31.506668090820312,-33.115318298339844,1
That mushroom went bad.,That mushroom gone bad.,morphology,irregular_forms,irregular_past_participle_verbs,True,True,False,False,678,-31.199399948120117,-35.395912170410156,1
Susan broke vases.,Susan broken vases.,morphology,irregular_forms,irregular_past_participle_verbs,True,True,False,False,679,-29.11418342590332,-29.117809295654297,1
Homer broke a lot of screens.,Homer broken a lot of screens.,morphology,irregular_forms,irregular_past_participle_verbs,True,True,False,False,680,-43.53388214111328,-46.360313415527344,1
Stacey forgot all women.,Stacey forgotten all women.,morphology,irregular_forms,irregular_past_participle_verbs,True,True,False,False,681,-40.15749740600586,-43.01710891723633,1
Most pedestrians hid away.,Most pedestrians hidden away.,morphology,irregular_forms,irregular_past_participle_verbs,True,True,False,False,682,-30.834455490112305,-30.153226852416992,0
Allison hid away.,Allison hidden away.,morphology,irregular_forms,irregular_past_participle_verbs,True,True,False,False,683,-30.45220375061035,-31.426130294799805,1
Timothy got a job.,Timothy gotten a job.,morphology,irregular_forms,irregular_past_participle_verbs,True,True,False,False,684,-27.825016021728516,-33.62690734863281,1
Many shawls shrank.,Many shawls shrunk.,morphology,irregular_forms,irregular_past_participle_verbs,True,True,False,False,685,-34.17079162597656,-31.543384552001953,0
Christopher hid every convertible.,Christopher hidden every convertible.,morphology,irregular_forms,irregular_past_participle_verbs,True,True,False,False,686,-35.510765075683594,-37.31660461425781,1
Alexander broke those bikes.,Alexander broken those bikes.,morphology,irregular_forms,irregular_past_participle_verbs,True,True,False,False,687,-28.64588737487793,-31.623287200927734,1
Carol hid.,Carol hidden.,morphology,irregular_forms,irregular_past_participle_verbs,True,True,False,False,688,-25.85707664489746,-25.529788970947266,0
Many waiters got fired.,Many waiters gotten fired.,morphology,irregular_forms,irregular_past_participle_verbs,True,True,False,False,689,-30.001773834228516,-35.98365783691406,1
Edward came here.,Edward come here.,morphology,irregular_forms,irregular_past_participle_verbs,True,True,False,False,690,-17.17633819580078,-15.433485984802246,0
The waitresses forgot Michael.,The waitresses forgotten Michael.,morphology,irregular_forms,irregular_past_participle_verbs,True,True,False,False,691,-41.64091491699219,-43.72970962524414,1
Brett knew Paula.,Brett known Paula.,morphology,irregular_forms,irregular_past_participle_verbs,True,True,False,False,692,-36.720726013183594,-39.6784553527832,1
Sabrina took some dog.,Sabrina taken some dog.,morphology,irregular_forms,irregular_past_participle_verbs,True,True,False,False,693,-33.69728469848633,-38.265357971191406,1
These doctors went to glaciers.,These doctors gone to glaciers.,morphology,irregular_forms,irregular_past_participle_verbs,True,True,False,False,694,-36.781551361083984,-40.899620056152344,1
Every driver broke a plate.,Every driver broken a plate.,morphology,irregular_forms,irregular_past_participle_verbs,True,True,False,False,695,-34.586036682128906,-37.83186340332031,1
A lot of children hid Cynthia.,A lot of children hidden Cynthia.,morphology,irregular_forms,irregular_past_participle_verbs,True,True,False,False,696,-44.11982727050781,-45.75689697265625,1
Theodore wore every scarf.,Theodore worn every scarf.,morphology,irregular_forms,irregular_past_participle_verbs,True,True,False,False,697,-41.881778717041016,-44.616180419921875,1
Florence hid Noah.,Florence hidden Noah.,morphology,irregular_forms,irregular_past_participle_verbs,True,True,False,False,698,-40.991825103759766,-42.213600158691406,1
Those patients broke this computer.,Those patients broken this computer.,morphology,irregular_forms,irregular_past_participle_verbs,True,True,False,False,699,-33.6402702331543,-36.015357971191406,1
Carol took these sketches.,Carol taken these sketches.,morphology,irregular_forms,irregular_past_participle_verbs,True,True,False,False,700,-37.578773498535156,-40.18974304199219,1
Those mushrooms went bad.,Those mushrooms gone bad.,morphology,irregular_forms,irregular_past_participle_verbs,True,True,False,False,701,-31.0308837890625,-34.67619705200195,1
Vanessa took all art galleries.,Vanessa taken all art galleries.,morphology,irregular_forms,irregular_past_participle_verbs,True,True,False,False,702,-44.0576286315918,-49.212615966796875,1
Patrick went fishing.,Patrick gone fishing.,morphology,irregular_forms,irregular_past_participle_verbs,True,True,False,False,703,-22.01498794555664,-24.73836898803711,1
Tara hid.,Tara hidden.,morphology,irregular_forms,irregular_past_participle_verbs,True,True,False,False,704,-27.470966339111328,-27.731462478637695,1
This eggplant went bad.,This eggplant gone bad.,morphology,irregular_forms,irregular_past_participle_verbs,True,True,False,False,705,-36.20750427246094,-38.61543273925781,1
Wendy drank.,Wendy drunk.,morphology,irregular_forms,irregular_past_participle_verbs,True,True,False,False,706,-27.92393684387207,-27.22739601135254,0
Alexander woke up.,Alexander woken up.,morphology,irregular_forms,irregular_past_participle_verbs,True,True,False,False,707,-15.45579719543457,-17.260942459106445,1
Carol came here.,Carol come here.,morphology,irregular_forms,irregular_past_participle_verbs,True,True,False,False,708,-25.808849334716797,-24.693532943725586,0
Jeffrey took every candle.,Jeffrey taken every candle.,morphology,irregular_forms,irregular_past_participle_verbs,True,True,False,False,709,-36.51875305175781,-39.144630432128906,1
Brad got fired.,Brad gotten fired.,morphology,irregular_forms,irregular_past_participle_verbs,True,True,False,False,710,-17.876182556152344,-23.875808715820312,1
Many associations forgot Suzanne.,Many associations forgotten Suzanne.,morphology,irregular_forms,irregular_past_participle_verbs,True,True,False,False,711,-41.414405822753906,-41.32871627807617,0
Laurie went to some bank.,Laurie gone to some bank.,morphology,irregular_forms,irregular_past_participle_verbs,True,True,False,False,712,-41.56111526489258,-48.93551254272461,1
A skirt shrank.,A skirt shrunk.,morphology,irregular_forms,irregular_past_participle_verbs,True,True,False,False,713,-31.87512969970703,-29.762409210205078,0
Becky drove to that art gallery.,Becky driven to that art gallery.,morphology,irregular_forms,irregular_past_participle_verbs,True,True,False,False,714,-45.82734680175781,-49.038978576660156,1
Girls went to the Great Lakes.,Girls gone to the Great Lakes.,morphology,irregular_forms,irregular_past_participle_verbs,True,True,False,False,715,-25.51615333557129,-30.022802352905273,1
That jacket shrank.,That jacket shrunk.,morphology,irregular_forms,irregular_past_participle_verbs,True,True,False,False,716,-30.61015510559082,-28.028337478637695,0
Carlos forgot Steve.,Carlos forgotten Steve.,morphology,irregular_forms,irregular_past_participle_verbs,True,True,False,False,717,-31.655193328857422,-34.143714904785156,1
Every driver wore these hats.,Every driver worn these hats.,morphology,irregular_forms,irregular_past_participle_verbs,True,True,False,False,718,-35.003265380859375,-39.53158187866211,1
Tara got a job.,Tara gotten a job.,morphology,irregular_forms,irregular_past_participle_verbs,True,True,False,False,719,-28.374305725097656,-33.300941467285156,1
Naomi forgot Gary.,Naomi forgotten Gary.,morphology,irregular_forms,irregular_past_participle_verbs,True,True,False,False,720,-35.1306037902832,-37.453025817871094,1
Winston Churchill hid.,Winston Churchill hidden.,morphology,irregular_forms,irregular_past_participle_verbs,True,True,False,False,721,-38.04460144042969,-36.78773498535156,0
Michael hid.,Michael hidden.,morphology,irregular_forms,irregular_past_participle_verbs,True,True,False,False,722,-16.44405174255371,-15.647750854492188,0
Some hat shrank.,Some hat shrunk.,morphology,irregular_forms,irregular_past_participle_verbs,True,True,False,False,723,-29.87738037109375,-26.642845153808594,0
Jesus hid.,Jesus hidden.,morphology,irregular_forms,irregular_past_participle_verbs,True,True,False,False,724,-15.285381317138672,-14.634563446044922,0
Martha took a lot of bicycles.,Martha taken a lot of bicycles.,morphology,irregular_forms,irregular_past_participle_verbs,True,True,False,False,725,-37.10478973388672,-43.481597900390625,1
Melissa came here.,Melissa come here.,morphology,irregular_forms,irregular_past_participle_verbs,True,True,False,False,726,-23.614824295043945,-23.56829261779785,0
Brenda hid away.,Brenda hidden away.,morphology,irregular_forms,irregular_past_participle_verbs,True,True,False,False,727,-28.338329315185547,-27.21963119506836,0
George went to all movie theaters.,George gone to all movie theaters.,morphology,irregular_forms,irregular_past_participle_verbs,True,True,False,False,728,-35.63617706298828,-38.536720275878906,1
Some doctors wore those scarves.,Some doctors worn those scarves.,morphology,irregular_forms,irregular_past_participle_verbs,True,True,False,False,729,-39.99628448486328,-41.85000991821289,1
A teenager broke that bike.,A teenager broken that bike.,morphology,irregular_forms,irregular_past_participle_verbs,True,True,False,False,730,-35.5360107421875,-41.24470520019531,1
Nicole forgot Meredith.,Nicole forgotten Meredith.,morphology,irregular_forms,irregular_past_participle_verbs,True,True,False,False,731,-37.80377197265625,-38.121116638183594,1
Some bird woke up.,Some bird woken up.,morphology,irregular_forms,irregular_past_participle_verbs,True,True,False,False,732,-25.43956756591797,-30.333171844482422,1
Andrew broke this fork.,Andrew broken this fork.,morphology,irregular_forms,irregular_past_participle_verbs,True,True,False,False,733,-28.88193130493164,-29.896699905395508,1
Men spoke up.,Men spoken up.,morphology,irregular_forms,irregular_past_participle_verbs,True,True,False,False,734,-17.850383758544922,-23.23251724243164,1
Regina took some bread.,Regina taken some bread.,morphology,irregular_forms,irregular_past_participle_verbs,True,True,False,False,735,-33.65381622314453,-39.325782775878906,1
These girls hid Paul.,These girls hidden Paul.,morphology,irregular_forms,irregular_past_participle_verbs,True,True,False,False,736,-34.633094787597656,-38.20796585083008,1
Gerald broke those carriages.,Gerald broken those carriages.,morphology,irregular_forms,irregular_past_participle_verbs,True,True,False,False,737,-44.614990234375,-45.74526596069336,1
Thomas woke up.,Thomas woken up.,morphology,irregular_forms,irregular_past_participle_verbs,True,True,False,False,738,-15.134378433227539,-17.304052352905273,1
Cheryl broke every bike.,Cheryl broken every bike.,morphology,irregular_forms,irregular_past_participle_verbs,True,True,False,False,739,-45.89208221435547,-48.00031280517578,1
Melanie went to every high school.,Melanie gone to every high school.,morphology,irregular_forms,irregular_past_participle_verbs,True,True,False,False,740,-40.311954498291016,-46.09226608276367,1
The shoe shrank.,The shoe shrunk.,morphology,irregular_forms,irregular_past_participle_verbs,True,True,False,False,741,-28.157386779785156,-25.89414405822754,0
Holly got fired.,Holly gotten fired.,morphology,irregular_forms,irregular_past_participle_verbs,True,True,False,False,742,-30.133968353271484,-35.33068084716797,1
Edward went to that college campus.,Edward gone to that college campus.,morphology,irregular_forms,irregular_past_participle_verbs,True,True,False,False,743,-36.05484390258789,-38.294898986816406,1
Douglas woke up.,Douglas woken up.,morphology,irregular_forms,irregular_past_participle_verbs,True,True,False,False,744,-24.147815704345703,-29.513572692871094,1
Jane woke up.,Jane woken up.,morphology,irregular_forms,irregular_past_participle_verbs,True,True,False,False,745,-14.78205394744873,-17.221071243286133,1
Alexander broke these cups.,Alexander broken these cups.,morphology,irregular_forms,irregular_past_participle_verbs,True,True,False,False,746,-29.404251098632812,-30.963531494140625,1
Judy got fired.,Judy gotten fired.,morphology,irregular_forms,irregular_past_participle_verbs,True,True,False,False,747,-25.560426712036133,-31.272018432617188,1
David took most convertibles.,David taken most convertibles.,morphology,irregular_forms,irregular_past_participle_verbs,True,True,False,False,748,-37.4466438293457,-41.722923278808594,1
The Clintons hid Tiffany.,The Clintons hidden Tiffany.,morphology,irregular_forms,irregular_past_participle_verbs,True,True,False,False,749,-42.28839874267578,-43.630279541015625,1
Elaine sang.,Elaine sung.,morphology,irregular_forms,irregular_past_participle_verbs,True,True,False,False,750,-25.752246856689453,-27.528493881225586,1
Julia knew Peter.,Julia known Peter.,morphology,irregular_forms,irregular_past_participle_verbs,True,True,False,False,751,-27.903968811035156,-33.13287353515625,1
Jessica hid a newspaper article.,Jessica hidden a newspaper article.,morphology,irregular_forms,irregular_past_participle_verbs,True,True,False,False,752,-34.40758514404297,-34.42440414428711,1
Melanie wrote.,Melanie written.,morphology,irregular_forms,irregular_past_participle_verbs,True,True,False,False,753,-21.27398681640625,-26.198928833007812,1
The waiters hid away.,The waiters hidden away.,morphology,irregular_forms,irregular_past_participle_verbs,True,True,False,False,754,-32.06143569946289,-33.0509147644043,1
Thomas hid.,Thomas hidden.,morphology,irregular_forms,irregular_past_participle_verbs,True,True,False,False,755,-16.27129364013672,-15.663961410522461,0
Every adult came here.,Every adult come here.,morphology,irregular_forms,irregular_past_participle_verbs,True,True,False,False,756,-24.985553741455078,-23.845352172851562,0
Erin ate.,Erin eaten.,morphology,irregular_forms,irregular_past_participle_verbs,True,True,False,False,757,-22.193824768066406,-23.451404571533203,1
Sabrina sang.,Sabrina sung.,morphology,irregular_forms,irregular_past_participle_verbs,True,True,False,False,758,-24.38401985168457,-26.616260528564453,1
Stacey hid Sabrina.,Stacey hidden Sabrina.,morphology,irregular_forms,irregular_past_participle_verbs,True,True,False,False,759,-40.844146728515625,-41.58131408691406,1
Christina went to every closet.,Christina gone to every closet.,morphology,irregular_forms,irregular_past_participle_verbs,True,True,False,False,760,-40.73818588256836,-45.0794677734375,1
That actress spoke up.,That actress spoken up.,morphology,irregular_forms,irregular_past_participle_verbs,True,True,False,False,761,-29.896160125732422,-34.20969772338867,1
Bruce hid Sarah.,Bruce hidden Sarah.,morphology,irregular_forms,irregular_past_participle_verbs,True,True,False,False,762,-25.824501037597656,-25.150909423828125,0
Most waiters broke a screen.,Most waiters broken a screen.,morphology,irregular_forms,irregular_past_participle_verbs,True,True,False,False,763,-35.80137634277344,-38.54419708251953,1
Christopher spoke up.,Christopher spoken up.,morphology,irregular_forms,irregular_past_participle_verbs,True,True,False,False,764,-18.864151000976562,-24.725109100341797,1
A woman broke a glass.,A woman broken a glass.,morphology,irregular_forms,irregular_past_participle_verbs,True,True,False,False,765,-31.27216339111328,-34.515403747558594,1
Alicia ate.,Alicia eaten.,morphology,irregular_forms,irregular_past_participle_verbs,True,True,False,False,766,-30.017486572265625,-32.602195739746094,1
Aaron hid away.,Aaron hidden away.,morphology,irregular_forms,irregular_past_participle_verbs,True,True,False,False,767,-22.268898010253906,-19.461448669433594,0
Those guys got a job.,Those guys gotten a job.,morphology,irregular_forms,irregular_past_participle_verbs,True,True,False,False,768,-23.847774505615234,-29.82301902770996,1
Most waiters wore some shawls.,Most waiters worn some shawls.,morphology,irregular_forms,irregular_past_participle_verbs,True,True,False,False,769,-43.38530731201172,-46.45469665527344,1
Most skirts shrank.,Most skirts shrunk.,morphology,irregular_forms,irregular_past_participle_verbs,True,True,False,False,770,-34.871192932128906,-30.00890350341797,0
That teenager hid away.,That teenager hidden away.,morphology,irregular_forms,irregular_past_participle_verbs,True,True,False,False,771,-29.867847442626953,-29.604440689086914,0
Alice got fired.,Alice gotten fired.,morphology,irregular_forms,irregular_past_participle_verbs,True,True,False,False,772,-18.013378143310547,-23.849349975585938,1
Stephen got fired.,Stephen gotten fired.,morphology,irregular_forms,irregular_past_participle_verbs,True,True,False,False,773,-18.555246353149414,-23.916759490966797,1
Every glacier froze.,Every glacier frozen.,morphology,irregular_forms,irregular_past_participle_verbs,True,True,False,False,774,-28.906150817871094,-27.50741958618164,0
Monica knew dancers.,Monica known dancers.,morphology,irregular_forms,irregular_past_participle_verbs,True,True,False,False,775,-37.263275146484375,-40.7367057800293,1
Tamara wore blouses.,Tamara worn blouses.,morphology,irregular_forms,irregular_past_participle_verbs,True,True,False,False,776,-35.46215057373047,-38.61750411987305,1
Karen hid that hamster.,Karen hidden that hamster.,morphology,irregular_forms,irregular_past_participle_verbs,True,True,False,False,777,-43.116451263427734,-46.63153076171875,1
Carrie sang.,Carrie sung.,morphology,irregular_forms,irregular_past_participle_verbs,True,True,False,False,778,-26.822601318359375,-28.30360221862793,1
Bill drank.,Bill drunk.,morphology,irregular_forms,irregular_past_participle_verbs,True,True,False,False,779,-16.914485931396484,-13.957850456237793,0
These waitresses went to Spain.,These waitresses gone to Spain.,morphology,irregular_forms,irregular_past_participle_verbs,True,True,False,False,780,-36.853233337402344,-41.26097869873047,1
Edward wrote.,Edward written.,morphology,irregular_forms,irregular_past_participle_verbs,True,True,False,False,781,-13.158246994018555,-16.613536834716797,1
Carlos came here.,Carlos come here.,morphology,irregular_forms,irregular_past_participle_verbs,True,True,False,False,782,-23.542724609375,-22.33999252319336,0
These children drove to Spain.,These children driven to Spain.,morphology,irregular_forms,irregular_past_participle_verbs,True,True,False,False,783,-33.509788513183594,-38.10795593261719,1
Ronald got a job.,Ronald gotten a job.,morphology,irregular_forms,irregular_past_participle_verbs,True,True,False,False,784,-25.966312408447266,-31.346160888671875,1
Peter went to most high schools.,Peter gone to most high schools.,morphology,irregular_forms,irregular_past_participle_verbs,True,True,False,False,785,-34.79636001586914,-39.4102897644043,1
All guys hid Angela.,All guys hidden Angela.,morphology,irregular_forms,irregular_past_participle_verbs,True,True,False,False,786,-37.42232894897461,-39.96663284301758,1
Sherry drove to the hospital.,Sherry driven to the hospital.,morphology,irregular_forms,irregular_past_participle_verbs,True,True,False,False,787,-35.35358428955078,-42.097171783447266,1
The Impressionists woke up.,The Impressionists woken up.,morphology,irregular_forms,irregular_past_participle_verbs,True,True,False,False,788,-34.25065612792969,-36.805259704589844,1
These cashiers hid Margaret.,These cashiers hidden Margaret.,morphology,irregular_forms,irregular_past_participle_verbs,True,True,False,False,789,-43.072654724121094,-46.1500244140625,1
Those children went to that movie theater.,Those children gone to that movie theater.,morphology,irregular_forms,irregular_past_participle_verbs,True,True,False,False,790,-43.78268051147461,-45.83742904663086,1
Amelia went fishing.,Amelia gone fishing.,morphology,irregular_forms,irregular_past_participle_verbs,True,True,False,False,791,-31.69478988647461,-36.59423065185547,1
Jesus forgot Denise.,Jesus forgotten Denise.,morphology,irregular_forms,irregular_past_participle_verbs,True,True,False,False,792,-25.002361297607422,-26.0700740814209,1
This water froze.,This water frozen.,morphology,irregular_forms,irregular_past_participle_verbs,True,True,False,False,793,-21.66014289855957,-22.828969955444336,1
Wendy went to a lot of public parks.,Wendy gone to a lot of public parks.,morphology,irregular_forms,irregular_past_participle_verbs,True,True,False,False,794,-46.817283630371094,-53.40529251098633,1
Most museums knew Benjamin.,Most museums known Benjamin.,morphology,irregular_forms,irregular_past_participle_verbs,True,True,False,False,795,-36.98805236816406,-38.69212341308594,1
Tanya came here.,Tanya come here.,morphology,irregular_forms,irregular_past_participle_verbs,True,True,False,False,796,-26.481246948242188,-27.384967803955078,1
The Clintons drove to many restaurants.,The Clintons driven to many restaurants.,morphology,irregular_forms,irregular_past_participle_verbs,True,True,False,False,797,-43.149017333984375,-46.561954498291016,1
Rodney broke some plates.,Rodney broken some plates.,morphology,irregular_forms,irregular_past_participle_verbs,True,True,False,False,798,-35.32707595825195,-38.21834945678711,1
Alexander drove to restaurants.,Alexander driven to restaurants.,morphology,irregular_forms,irregular_past_participle_verbs,True,True,False,False,799,-28.265674591064453,-33.21405792236328,1
Catherine took some eggplants.,Catherine taken some eggplants.,morphology,irregular_forms,irregular_past_participle_verbs,True,True,False,False,800,-45.38428497314453,-49.890316009521484,1
Every woman drove to college campuses.,Every woman driven to college campuses.,morphology,irregular_forms,irregular_past_participle_verbs,True,True,False,False,801,-35.750953674316406,-38.00727081298828,1
Charles wore that coat.,Charles worn that coat.,morphology,irregular_forms,irregular_past_participle_verbs,True,True,False,False,802,-26.93166160583496,-29.126911163330078,1
This pedestrian ate.,This pedestrian eaten.,morphology,irregular_forms,irregular_past_participle_verbs,True,True,False,False,803,-29.019445419311523,-31.769134521484375,1
These dancers sang.,These dancers sung.,morphology,irregular_forms,irregular_past_participle_verbs,True,True,False,False,804,-25.08605194091797,-28.314809799194336,1
Elizabeth got fired.,Elizabeth gotten fired.,morphology,irregular_forms,irregular_past_participle_verbs,True,True,False,False,805,-19.229528427124023,-25.52792739868164,1
Thomas sang.,Thomas sung.,morphology,irregular_forms,irregular_past_participle_verbs,True,True,False,False,806,-15.778295516967773,-16.695566177368164,1
Some shoes shrank.,Some shoes shrunk.,morphology,irregular_forms,irregular_past_participle_verbs,True,True,False,False,807,-31.787086486816406,-25.378822326660156,0
The Lutherans got a job.,The Lutherans gotten a job.,morphology,irregular_forms,irregular_past_participle_verbs,True,True,False,False,808,-39.150611877441406,-46.142982482910156,1
Brian forgot Sherry.,Brian forgotten Sherry.,morphology,irregular_forms,irregular_past_participle_verbs,True,True,False,False,809,-26.981037139892578,-28.494064331054688,1
Jane wore the shirt.,Jane worn the shirt.,morphology,irregular_forms,irregular_past_participle_verbs,True,True,False,False,810,-20.196500778198242,-22.509735107421875,1
This teacher broke a skateboard.,This teacher broken a skateboard.,morphology,irregular_forms,irregular_past_participle_verbs,True,True,False,False,811,-36.760887145996094,-41.42890548706055,1
Jason took many boxes.,Jason taken many boxes.,morphology,irregular_forms,irregular_past_participle_verbs,True,True,False,False,812,-27.022836685180664,-29.42268180847168,1
Rose drank.,Rose drunk.,morphology,irregular_forms,irregular_past_participle_verbs,True,True,False,False,813,-14.615312576293945,-13.549633026123047,0
Lori broke glasses.,Lori broken glasses.,morphology,irregular_forms,irregular_past_participle_verbs,True,True,False,False,814,-35.2454833984375,-34.44195556640625,0
Theresa wore a lot of coats.,Theresa worn a lot of coats.,morphology,irregular_forms,irregular_past_participle_verbs,True,True,False,False,815,-40.25582504272461,-44.0607795715332,1
This patient went fishing.,This patient gone fishing.,morphology,irregular_forms,irregular_past_participle_verbs,True,True,False,False,816,-29.740964889526367,-33.484375,1
Most students forgot Jesus.,Most students forgotten Jesus.,morphology,irregular_forms,irregular_past_participle_verbs,True,True,False,False,817,-30.663040161132812,-32.32139587402344,1
A mushroom went bad.,A mushroom gone bad.,morphology,irregular_forms,irregular_past_participle_verbs,True,True,False,False,818,-32.444244384765625,-35.78748321533203,1
Libraries forgot Wayne.,Libraries forgotten Wayne.,morphology,irregular_forms,irregular_past_participle_verbs,True,True,False,False,819,-37.478214263916016,-40.73654556274414,1
Aaron wore that shoe.,Aaron worn that shoe.,morphology,irregular_forms,irregular_past_participle_verbs,True,True,False,False,820,-26.127790451049805,-28.561208724975586,1
Girls sang.,Girls sung.,morphology,irregular_forms,irregular_past_participle_verbs,True,True,False,False,821,-15.69510269165039,-16.54869842529297,1
Diana got a job.,Diana gotten a job.,morphology,irregular_forms,irregular_past_participle_verbs,True,True,False,False,822,-27.460268020629883,-34.326358795166016,1
Edward hid away.,Edward hidden away.,morphology,irregular_forms,irregular_past_participle_verbs,True,True,False,False,823,-21.40519905090332,-18.778717041015625,0
Regina got fired.,Regina gotten fired.,morphology,irregular_forms,irregular_past_participle_verbs,True,True,False,False,824,-29.004714965820312,-34.641319274902344,1
Ella took rice.,Ella taken rice.,morphology,irregular_forms,irregular_past_participle_verbs,True,True,False,False,825,-36.97651672363281,-40.00629425048828,1
Heidi wore some glove.,Heidi worn some glove.,morphology,irregular_forms,irregular_past_participle_verbs,True,True,False,False,826,-41.55651092529297,-44.33597183227539,1
Frank broke a couch.,Frank broken a couch.,morphology,irregular_forms,irregular_past_participle_verbs,True,True,False,False,827,-27.609832763671875,-27.749542236328125,1
Dana hid away.,Dana hidden away.,morphology,irregular_forms,irregular_past_participle_verbs,True,True,False,False,828,-29.759687423706055,-30.050060272216797,1
Monet knew Mary.,Monet known Mary.,morphology,irregular_forms,irregular_past_participle_verbs,True,True,False,False,829,-31.378095626831055,-35.989681243896484,1
This senator broke these plates.,This senator broken these plates.,morphology,irregular_forms,irregular_past_participle_verbs,True,True,False,False,830,-40.27334976196289,-43.00606918334961,1
These students drove to a restaurant.,These students driven to a restaurant.,morphology,irregular_forms,irregular_past_participle_verbs,True,True,False,False,831,-36.14917755126953,-40.519256591796875,1
Walter went fishing.,Walter gone fishing.,morphology,irregular_forms,irregular_past_participle_verbs,True,True,False,False,832,-28.696636199951172,-34.45159149169922,1
Ann knew Florence.,Ann known Florence.,morphology,irregular_forms,irregular_past_participle_verbs,True,True,False,False,833,-25.029987335205078,-25.117324829101562,1
Broccoli went bad.,Broccoli gone bad.,morphology,irregular_forms,irregular_past_participle_verbs,True,True,False,False,834,-31.049352645874023,-34.55047607421875,1
The association took those bikes.,The association taken those bikes.,morphology,irregular_forms,irregular_past_participle_verbs,True,True,False,False,835,-38.847808837890625,-44.76255416870117,1
Carolyn knew Rachelle.,Carolyn known Rachelle.,morphology,irregular_forms,irregular_past_participle_verbs,True,True,False,False,836,-40.16901397705078,-43.821292877197266,1
Aaron went to every art gallery.,Aaron gone to every art gallery.,morphology,irregular_forms,irregular_past_participle_verbs,True,True,False,False,837,-35.507110595703125,-39.435699462890625,1
The Impressionists drove to the mall.,The Impressionists driven to the mall.,morphology,irregular_forms,irregular_past_participle_verbs,True,True,False,False,838,-43.923004150390625,-48.42017364501953,1
Every icicle froze.,Every icicle frozen.,morphology,irregular_forms,irregular_past_participle_verbs,True,True,False,False,839,-32.83888244628906,-32.800682067871094,0
The Clintons drove to this high school.,The Clintons driven to this high school.,morphology,irregular_forms,irregular_past_participle_verbs,True,True,False,False,840,-42.4377555847168,-44.17280578613281,1
Gerald hid these apples.,Gerald hidden these apples.,morphology,irregular_forms,irregular_past_participle_verbs,True,True,False,False,841,-41.93842697143555,-44.66897201538086,1
Colleen went fishing.,Colleen gone fishing.,morphology,irregular_forms,irregular_past_participle_verbs,True,True,False,False,842,-31.58989715576172,-36.36092758178711,1
All governments forgot Kenneth.,All governments forgotten Kenneth.,morphology,irregular_forms,irregular_past_participle_verbs,True,True,False,False,843,-40.18175506591797,-41.321651458740234,1
Kristin hid away.,Kristin hidden away.,morphology,irregular_forms,irregular_past_participle_verbs,True,True,False,False,844,-27.893526077270508,-27.87997055053711,0
Some patients drank.,Some patients drunk.,morphology,irregular_forms,irregular_past_participle_verbs,True,True,False,False,845,-22.760330200195312,-24.547679901123047,1
The Lutherans drank.,The Lutherans drunk.,morphology,irregular_forms,irregular_past_participle_verbs,True,True,False,False,846,-35.52165222167969,-37.87379455566406,1
Stacy broke a lot of cars.,Stacy broken a lot of cars.,morphology,irregular_forms,irregular_past_participle_verbs,True,True,False,False,847,-34.44797134399414,-39.0789680480957,1
These senators drank.,These senators drunk.,morphology,irregular_forms,irregular_past_participle_verbs,True,True,False,False,848,-28.031414031982422,-27.8334903717041,0
Ronald went fishing.,Ronald gone fishing.,morphology,irregular_forms,irregular_past_participle_verbs,True,True,False,False,849,-28.383317947387695,-34.39031982421875,1
Denise knew Stacy.,Denise known Stacy.,morphology,irregular_forms,irregular_past_participle_verbs,True,True,False,False,850,-33.5759391784668,-34.91257095336914,1
Walter went to that school.,Walter gone to that school.,morphology,irregular_forms,irregular_past_participle_verbs,True,True,False,False,851,-33.59022903442383,-39.5462646484375,1
Most rivers froze.,Most rivers frozen.,morphology,irregular_forms,irregular_past_participle_verbs,True,True,False,False,852,-26.823007583618164,-26.167438507080078,0
Adults hid away.,Adults hidden away.,morphology,irregular_forms,irregular_past_participle_verbs,True,True,False,False,853,-31.382247924804688,-29.611583709716797,0
The senators drank.,The senators drunk.,morphology,irregular_forms,irregular_past_participle_verbs,True,True,False,False,854,-28.264049530029297,-27.573104858398438,0
These eggplants went bad.,These eggplants gone bad.,morphology,irregular_forms,irregular_past_participle_verbs,True,True,False,False,855,-39.9954833984375,-44.243141174316406,1
Eva spoke up.,Eva spoken up.,morphology,irregular_forms,irregular_past_participle_verbs,True,True,False,False,856,-19.784748077392578,-24.414928436279297,1
Martin wore some blouses.,Martin worn some blouses.,morphology,irregular_forms,irregular_past_participle_verbs,True,True,False,False,857,-29.71201515197754,-31.470792770385742,1
Patricia drank.,Patricia drunk.,morphology,irregular_forms,irregular_past_participle_verbs,True,True,False,False,858,-24.596710205078125,-24.251821517944336,0
All senators went to this hill.,All senators gone to this hill.,morphology,irregular_forms,irregular_past_participle_verbs,True,True,False,False,859,-36.6815071105957,-39.2591552734375,1
The shawls shrank.,The shawls shrunk.,morphology,irregular_forms,irregular_past_participle_verbs,True,True,False,False,860,-33.923583984375,-32.46045684814453,0
Angela wrote.,Angela written.,morphology,irregular_forms,irregular_past_participle_verbs,True,True,False,False,861,-20.303089141845703,-26.22561264038086,1
Carmen went fishing.,Carmen gone fishing.,morphology,irregular_forms,irregular_past_participle_verbs,True,True,False,False,862,-34.97568130493164,-39.44624328613281,1
Stephanie came here.,Stephanie come here.,morphology,irregular_forms,irregular_past_participle_verbs,True,True,False,False,863,-30.658740997314453,-31.097488403320312,1
Those waitresses wrote.,Those waitresses written.,morphology,irregular_forms,irregular_past_participle_verbs,True,True,False,False,864,-31.498485565185547,-32.89994430541992,1
Teresa broke some mirror.,Teresa broken some mirror.,morphology,irregular_forms,irregular_past_participle_verbs,True,True,False,False,865,-39.74534606933594,-42.28815460205078,1
Clyde hid.,Clyde hidden.,morphology,irregular_forms,irregular_past_participle_verbs,True,True,False,False,866,-32.346717834472656,-33.140869140625,1
Connie ate.,Connie eaten.,morphology,irregular_forms,irregular_past_participle_verbs,True,True,False,False,867,-24.996353149414062,-29.540822982788086,1
Ronald broke that wheelbarrow.,Ronald broken that wheelbarrow.,morphology,irregular_forms,irregular_past_participle_verbs,True,True,False,False,868,-51.96556854248047,-56.34351348876953,1
Robert hid.,Robert hidden.,morphology,irregular_forms,irregular_past_participle_verbs,True,True,False,False,869,-16.20313262939453,-15.058361053466797,0
Elizabeth wore all sweaters.,Elizabeth worn all sweaters.,morphology,irregular_forms,irregular_past_participle_verbs,True,True,False,False,870,-30.628889083862305,-31.736459732055664,1
Daniel ate.,Daniel eaten.,morphology,irregular_forms,irregular_past_participle_verbs,True,True,False,False,871,-14.682476997375488,-16.12908172607422,1
Many children drank.,Many children drunk.,morphology,irregular_forms,irregular_past_participle_verbs,True,True,False,False,872,-22.390419006347656,-24.158767700195312,1
Winston Churchill broke most forks.,Winston Churchill broken most forks.,morphology,irregular_forms,irregular_past_participle_verbs,True,True,False,False,873,-55.7240104675293,-57.79560089111328,1
Snakes woke up.,Snakes woken up.,morphology,irregular_forms,irregular_past_participle_verbs,True,True,False,False,874,-25.450979232788086,-27.325454711914062,1
Craig got a job.,Craig gotten a job.,morphology,irregular_forms,irregular_past_participle_verbs,True,True,False,False,875,-16.52096939086914,-21.974811553955078,1
These patients broke this cart.,These patients broken this cart.,morphology,irregular_forms,irregular_past_participle_verbs,True,True,False,False,876,-35.5324821472168,-37.24125671386719,1
Martha hid away.,Martha hidden away.,morphology,irregular_forms,irregular_past_participle_verbs,True,True,False,False,877,-31.470535278320312,-30.94281768798828,0
Ann wrote.,Ann written.,morphology,irregular_forms,irregular_past_participle_verbs,True,True,False,False,878,-13.835217475891113,-16.463376998901367,1
Tammy sang.,Tammy sung.,morphology,irregular_forms,irregular_past_participle_verbs,True,True,False,False,879,-23.96645164489746,-25.579158782958984,1
Jacqueline wrote.,Jacqueline written.,morphology,irregular_forms,irregular_past_participle_verbs,True,True,False,False,880,-23.3354434967041,-29.41118812561035,1
The senator knew Carl.,The senator known Carl.,morphology,irregular_forms,irregular_past_participle_verbs,True,True,False,False,881,-33.983848571777344,-36.37036895751953,1
Mary broke this unicycle.,Mary broken this unicycle.,morphology,irregular_forms,irregular_past_participle_verbs,True,True,False,False,882,-34.764495849609375,-36.029762268066406,1
Karen hid away.,Karen hidden away.,morphology,irregular_forms,irregular_past_participle_verbs,True,True,False,False,883,-29.957868576049805,-29.208887100219727,0
Marla got a job.,Marla gotten a job.,morphology,irregular_forms,irregular_past_participle_verbs,True,True,False,False,884,-31.42462158203125,-35.67698669433594,1
Donald spoke up.,Donald spoken up.,morphology,irregular_forms,irregular_past_participle_verbs,True,True,False,False,885,-18.16759490966797,-23.48893928527832,1
Clyde hid those drawings.,Clyde hidden those drawings.,morphology,irregular_forms,irregular_past_participle_verbs,True,True,False,False,886,-48.17503356933594,-50.280296325683594,1
Derek took most mushrooms.,Derek taken most mushrooms.,morphology,irregular_forms,irregular_past_participle_verbs,True,True,False,False,887,-44.48090362548828,-50.43794631958008,1
Claire wore most skirts.,Claire worn most skirts.,morphology,irregular_forms,irregular_past_participle_verbs,True,True,False,False,888,-42.06043243408203,-45.74503707885742,1
Carol hid this scarf.,Carol hidden this scarf.,morphology,irregular_forms,irregular_past_participle_verbs,True,True,False,False,889,-36.315486907958984,-39.984771728515625,1
A jacket shrank.,A jacket shrunk.,morphology,irregular_forms,irregular_past_participle_verbs,True,True,False,False,890,-29.7950439453125,-28.23560333251953,0
Travis went fishing.,Travis gone fishing.,morphology,irregular_forms,irregular_past_participle_verbs,True,True,False,False,891,-30.842090606689453,-35.561275482177734,1
Hospitals forgot most actors.,Hospitals forgotten most actors.,morphology,irregular_forms,irregular_past_participle_verbs,True,True,False,False,892,-50.41825866699219,-51.66364288330078,1
A lot of jackets shrank.,A lot of jackets shrunk.,morphology,irregular_forms,irregular_past_participle_verbs,True,True,False,False,893,-42.01079559326172,-38.82950973510742,0
Many patients came here.,Many patients come here.,morphology,irregular_forms,irregular_past_participle_verbs,True,True,False,False,894,-23.406909942626953,-19.436847686767578,0
Every adult got a job.,Every adult gotten a job.,morphology,irregular_forms,irregular_past_participle_verbs,True,True,False,False,895,-27.979564666748047,-33.490516662597656,1
The bird broke some trucks.,The bird broken some trucks.,morphology,irregular_forms,irregular_past_participle_verbs,True,True,False,False,896,-40.90406799316406,-44.14439392089844,1
Those children forgot Andrew.,Those children forgotten Andrew.,morphology,irregular_forms,irregular_past_participle_verbs,True,True,False,False,897,-34.00743865966797,-33.96244430541992,0
Mark woke up.,Mark woken up.,morphology,irregular_forms,irregular_past_participle_verbs,True,True,False,False,898,-15.496543884277344,-16.919893264770508,1
The Borgias wrote.,The Borgias written.,morphology,irregular_forms,irregular_past_participle_verbs,True,True,False,False,899,-30.99060821533203,-34.87203598022461,1
Alexander hid away.,Alexander hidden away.,morphology,irregular_forms,irregular_past_participle_verbs,True,True,False,False,900,-22.257049560546875,-19.76108169555664,0
A lot of doctors broke a lot of couches.,A lot of doctors broken a lot of couches.,morphology,irregular_forms,irregular_past_participle_verbs,True,True,False,False,901,-46.282958984375,-49.42829895019531,1
Clyde sang.,Clyde sung.,morphology,irregular_forms,irregular_past_participle_verbs,True,True,False,False,902,-31.577438354492188,-32.79912185668945,1
These associations took all skateboards.,These associations taken all skateboards.,morphology,irregular_forms,irregular_past_participle_verbs,True,True,False,False,903,-42.51988220214844,-44.819297790527344,1
A child knew some driver.,A child known some driver.,morphology,irregular_forms,irregular_past_participle_verbs,True,True,False,False,904,-37.073265075683594,-38.631343841552734,1
Nancy drove to restaurants.,Nancy driven to restaurants.,morphology,irregular_forms,irregular_past_participle_verbs,True,True,False,False,905,-39.03838348388672,-44.610721588134766,1
Adam got a job.,Adam gotten a job.,morphology,irregular_forms,irregular_past_participle_verbs,True,True,False,False,906,-16.589229583740234,-21.656085968017578,1
Steven wore this coat.,Steven worn this coat.,morphology,irregular_forms,irregular_past_participle_verbs,True,True,False,False,907,-23.430171966552734,-24.49129295349121,1
Gregory got a job.,Gregory gotten a job.,morphology,irregular_forms,irregular_past_participle_verbs,True,True,False,False,908,-27.505332946777344,-33.17300033569336,1
Senators went to some closet.,Senators gone to some closet.,morphology,irregular_forms,irregular_past_participle_verbs,True,True,False,False,909,-41.79671096801758,-47.5142936706543,1
Grace broke the carts.,Grace broken the carts.,morphology,irregular_forms,irregular_past_participle_verbs,True,True,False,False,910,-32.01081848144531,-34.070762634277344,1
A lot of teachers wore the gloves.,A lot of teachers worn the gloves.,morphology,irregular_forms,irregular_past_participle_verbs,True,True,False,False,911,-40.63417053222656,-44.26988983154297,1
These glaciers froze.,These glaciers frozen.,morphology,irregular_forms,irregular_past_participle_verbs,True,True,False,False,912,-28.37689208984375,-28.270793914794922,0
Nancy went to these closets.,Nancy gone to these closets.,morphology,irregular_forms,irregular_past_participle_verbs,True,True,False,False,913,-41.2188720703125,-46.3907585144043,1
Most banks knew Julie.,Most banks known Julie.,morphology,irregular_forms,irregular_past_participle_verbs,True,True,False,False,914,-34.91474533081055,-38.490478515625,1
Christina hid.,Christina hidden.,morphology,irregular_forms,irregular_past_participle_verbs,True,True,False,False,915,-25.197582244873047,-25.143144607543945,0
Eric forgot Vanessa.,Eric forgotten Vanessa.,morphology,irregular_forms,irregular_past_participle_verbs,True,True,False,False,916,-25.19681167602539,-25.551624298095703,1
Those students came here.,Those students come here.,morphology,irregular_forms,irregular_past_participle_verbs,True,True,False,False,917,-23.764785766601562,-21.28598403930664,0
Laura drove to some mountain.,Laura driven to some mountain.,morphology,irregular_forms,irregular_past_participle_verbs,True,True,False,False,918,-30.5296573638916,-35.286136627197266,1
Jodi drove to some hills.,Jodi driven to some hills.,morphology,irregular_forms,irregular_past_participle_verbs,True,True,False,False,919,-42.643638610839844,-47.36580276489258,1
Donald ate.,Donald eaten.,morphology,irregular_forms,irregular_past_participle_verbs,True,True,False,False,920,-13.959013938903809,-16.208261489868164,1
Margaret came here.,Margaret come here.,morphology,irregular_forms,irregular_past_participle_verbs,True,True,False,False,921,-26.203901290893555,-26.2530517578125,1
This woman got a job.,This woman gotten a job.,morphology,irregular_forms,irregular_past_participle_verbs,True,True,False,False,922,-25.349536895751953,-31.49888038635254,1
Every teenager forgot Sharon.,Every teenager forgotten Sharon.,morphology,irregular_forms,irregular_past_participle_verbs,True,True,False,False,923,-34.08837890625,-35.4783935546875,1
Vincent hid a dog.,Vincent hidden a dog.,morphology,irregular_forms,irregular_past_participle_verbs,True,True,False,False,924,-36.327545166015625,-37.969993591308594,1
Ruth went fishing.,Ruth gone fishing.,morphology,irregular_forms,irregular_past_participle_verbs,True,True,False,False,925,-31.95575714111328,-37.0460319519043,1
Curtis wore these dresses.,Curtis worn these dresses.,morphology,irregular_forms,irregular_past_participle_verbs,True,True,False,False,926,-36.16779708862305,-40.92533493041992,1
A lake froze.,A lake frozen.,morphology,irregular_forms,irregular_past_participle_verbs,True,True,False,False,927,-28.410354614257812,-27.10348129272461,0
Karla came here.,Karla come here.,morphology,irregular_forms,irregular_past_participle_verbs,True,True,False,False,928,-24.831090927124023,-24.418310165405273,0
Tracy drove to many restaurants.,Tracy driven to many restaurants.,morphology,irregular_forms,irregular_past_participle_verbs,True,True,False,False,929,-35.37982940673828,-39.59019470214844,1
Nina drove to some hill.,Nina driven to some hill.,morphology,irregular_forms,irregular_past_participle_verbs,True,True,False,False,930,-38.97304153442383,-45.39274978637695,1
Lucille broke this unicycle.,Lucille broken this unicycle.,morphology,irregular_forms,irregular_past_participle_verbs,True,True,False,False,931,-42.65376663208008,-44.318763732910156,1
Some dancers hid dancers.,Some dancers hidden dancers.,morphology,irregular_forms,irregular_past_participle_verbs,True,True,False,False,932,-37.811214447021484,-36.660099029541016,0
Carla wrote.,Carla written.,morphology,irregular_forms,irregular_past_participle_verbs,True,True,False,False,933,-23.976303100585938,-27.36907958984375,1
Carlos took a bird.,Carlos taken a bird.,morphology,irregular_forms,irregular_past_participle_verbs,True,True,False,False,934,-30.811168670654297,-33.420997619628906,1
Kayla took some window.,Kayla taken some window.,morphology,irregular_forms,irregular_past_participle_verbs,True,True,False,False,935,-36.70515060424805,-41.2659912109375,1
Some socks shrank.,Some socks shrunk.,morphology,irregular_forms,irregular_past_participle_verbs,True,True,False,False,936,-34.53326416015625,-28.7517147064209,0
Tracy knew Kathleen.,Tracy known Kathleen.,morphology,irregular_forms,irregular_past_participle_verbs,True,True,False,False,937,-30.1173152923584,-34.39704132080078,1
Gary knew many women.,Gary known many women.,morphology,irregular_forms,irregular_past_participle_verbs,True,True,False,False,938,-25.427032470703125,-25.868074417114258,1
Patrick drove to a bank.,Patrick driven to a bank.,morphology,irregular_forms,irregular_past_participle_verbs,True,True,False,False,939,-27.52674102783203,-31.04686737060547,1
All students broke a lot of glasses.,All students broken a lot of glasses.,morphology,irregular_forms,irregular_past_participle_verbs,True,True,False,False,940,-36.488441467285156,-39.960018157958984,1
Charles wrote.,Charles written.,morphology,irregular_forms,irregular_past_participle_verbs,True,True,False,False,941,-12.74071979522705,-16.36239242553711,1
Many patients hid Omar.,Many patients hidden Omar.,morphology,irregular_forms,irregular_past_participle_verbs,True,True,False,False,942,-34.58390808105469,-37.10723876953125,1
Clyde took all shirts.,Clyde taken all shirts.,morphology,irregular_forms,irregular_past_participle_verbs,True,True,False,False,943,-45.410194396972656,-48.90574645996094,1
The Impressionists drove to this high school.,The Impressionists driven to this high school.,morphology,irregular_forms,irregular_past_participle_verbs,True,True,False,False,944,-47.69720458984375,-50.03571701049805,1
Many students wore most shawls.,Many students worn most shawls.,morphology,irregular_forms,irregular_past_participle_verbs,True,True,False,False,945,-45.41646957397461,-48.827125549316406,1
Florence wore most gloves.,Florence worn most gloves.,morphology,irregular_forms,irregular_past_participle_verbs,True,True,False,False,946,-46.922645568847656,-47.610435485839844,1
Tamara got fired.,Tamara gotten fired.,morphology,irregular_forms,irregular_past_participle_verbs,True,True,False,False,947,-27.61368751525879,-33.1329345703125,1
Jeffrey went to libraries.,Jeffrey gone to libraries.,morphology,irregular_forms,irregular_past_participle_verbs,True,True,False,False,948,-33.69770431518555,-39.441650390625,1
These dancers took the art galleries.,These dancers taken the art galleries.,morphology,irregular_forms,irregular_past_participle_verbs,True,True,False,False,949,-40.07217788696289,-43.187286376953125,1
Dawn wrote.,Dawn written.,morphology,irregular_forms,irregular_past_participle_verbs,True,True,False,False,950,-23.523616790771484,-27.180801391601562,1
James wrote.,James written.,morphology,irregular_forms,irregular_past_participle_verbs,True,True,False,False,951,-12.504891395568848,-16.012144088745117,1
Maria wore some shirt.,Maria worn some shirt.,morphology,irregular_forms,irregular_past_participle_verbs,True,True,False,False,952,-25.322101593017578,-28.10042953491211,1
This child knew a lot of men.,This child known a lot of men.,morphology,irregular_forms,irregular_past_participle_verbs,True,True,False,False,953,-34.525482177734375,-36.76250076293945,1
Jerry broke some carriage.,Jerry broken some carriage.,morphology,irregular_forms,irregular_past_participle_verbs,True,True,False,False,954,-31.376258850097656,-31.877052307128906,1
All snakes broke all bicycles.,All snakes broken all bicycles.,morphology,irregular_forms,irregular_past_participle_verbs,True,True,False,False,955,-42.482147216796875,-44.831642150878906,1
The students knew Jason.,The students known Jason.,morphology,irregular_forms,irregular_past_participle_verbs,True,True,False,False,956,-32.23029327392578,-36.89545440673828,1
Those girls broke that wheelbarrow.,Those girls broken that wheelbarrow.,morphology,irregular_forms,irregular_past_participle_verbs,True,True,False,False,957,-50.96879196166992,-56.04441452026367,1
Timothy hid Danielle.,Timothy hidden Danielle.,morphology,irregular_forms,irregular_past_participle_verbs,True,True,False,False,958,-36.72574234008789,-37.73347473144531,1
Christopher hid away.,Christopher hidden away.,morphology,irregular_forms,irregular_past_participle_verbs,True,True,False,False,959,-22.26055335998535,-19.061458587646484,0
Deborah got fired.,Deborah gotten fired.,morphology,irregular_forms,irregular_past_participle_verbs,True,True,False,False,960,-28.770477294921875,-34.71001052856445,1
Anna hid away.,Anna hidden away.,morphology,irregular_forms,irregular_past_participle_verbs,True,True,False,False,961,-21.255130767822266,-18.795604705810547,0
Richard got a job.,Richard gotten a job.,morphology,irregular_forms,irregular_past_participle_verbs,True,True,False,False,962,-17.00995635986328,-22.536394119262695,1
Theodore forgot Janice.,Theodore forgotten Janice.,morphology,irregular_forms,irregular_past_participle_verbs,True,True,False,False,963,-39.33677673339844,-37.933074951171875,0
The children got fired.,The children gotten fired.,morphology,irregular_forms,irregular_past_participle_verbs,True,True,False,False,964,-27.73785400390625,-33.244014739990234,1
Every doctor drove to the college campuses.,Every doctor driven to the college campuses.,morphology,irregular_forms,irregular_past_participle_verbs,True,True,False,False,965,-41.201114654541016,-42.671661376953125,1
Kirsten hid the college campus.,Kirsten hidden the college campus.,morphology,irregular_forms,irregular_past_participle_verbs,True,True,False,False,966,-50.631412506103516,-52.0685920715332,1
The actresses knew Scott.,The actresses known Scott.,morphology,irregular_forms,irregular_past_participle_verbs,True,True,False,False,967,-35.512969970703125,-36.26224136352539,1
Amelia forgot George.,Amelia forgotten George.,morphology,irregular_forms,irregular_past_participle_verbs,True,True,False,False,968,-34.22795867919922,-36.41471862792969,1
Paula went fishing.,Paula gone fishing.,morphology,irregular_forms,irregular_past_participle_verbs,True,True,False,False,969,-28.60588264465332,-34.145225524902344,1
Sally went to every hill.,Sally gone to every hill.,morphology,irregular_forms,irregular_past_participle_verbs,True,True,False,False,970,-39.74195861816406,-40.50575637817383,1
Gary took photographs.,Gary taken photographs.,morphology,irregular_forms,irregular_past_participle_verbs,True,True,False,False,971,-21.236005783081055,-24.413677215576172,1
That girl hid away.,That girl hidden away.,morphology,irregular_forms,irregular_past_participle_verbs,True,True,False,False,972,-27.88741683959961,-27.688995361328125,0
Tiffany ate.,Tiffany eaten.,morphology,irregular_forms,irregular_past_participle_verbs,True,True,False,False,973,-31.978153228759766,-34.568138122558594,1
Aaron broke these computers.,Aaron broken these computers.,morphology,irregular_forms,irregular_past_participle_verbs,True,True,False,False,974,-27.739789962768555,-29.131528854370117,1
A pedestrian wrote.,A pedestrian written.,morphology,irregular_forms,irregular_past_participle_verbs,True,True,False,False,975,-29.019489288330078,-30.178050994873047,1
Steven drank.,Steven drunk.,morphology,irregular_forms,irregular_past_participle_verbs,True,True,False,False,976,-15.623027801513672,-13.26584243774414,0
Galileo knew Richard.,Galileo known Richard.,morphology,irregular_forms,irregular_past_participle_verbs,True,True,False,False,977,-38.10617446899414,-44.15838623046875,1
Mary knew Bruce.,Mary known Bruce.,morphology,irregular_forms,irregular_past_participle_verbs,True,True,False,False,978,-25.268604278564453,-25.708663940429688,1
Winston Churchill forgot Charles.,Winston Churchill forgotten Charles.,morphology,irregular_forms,irregular_past_participle_verbs,True,True,False,False,979,-46.23618698120117,-43.9811897277832,0
The girls went to all cafes.,The girls gone to all cafes.,morphology,irregular_forms,irregular_past_participle_verbs,True,True,False,False,980,-39.56806182861328,-44.66310119628906,1
Mitchell drank.,Mitchell drunk.,morphology,irregular_forms,irregular_past_participle_verbs,True,True,False,False,981,-28.06714630126953,-26.96208953857422,0
Richard got fired.,Richard gotten fired.,morphology,irregular_forms,irregular_past_participle_verbs,True,True,False,False,982,-17.945249557495117,-23.743270874023438,1
Colleen broke this car.,Colleen broken this car.,morphology,irregular_forms,irregular_past_participle_verbs,True,True,False,False,983,-35.70423126220703,-38.12678146362305,1
Gerald wore this glove.,Gerald worn this glove.,morphology,irregular_forms,irregular_past_participle_verbs,True,True,False,False,984,-36.90190505981445,-40.309898376464844,1
Guy drove to art galleries.,Guy driven to art galleries.,morphology,irregular_forms,irregular_past_participle_verbs,True,True,False,False,985,-33.26528549194336,-34.67681121826172,1
Karen hid.,Karen hidden.,morphology,irregular_forms,irregular_past_participle_verbs,True,True,False,False,986,-26.889415740966797,-26.945201873779297,1
Jason ate.,Jason eaten.,morphology,irregular_forms,irregular_past_participle_verbs,True,True,False,False,987,-13.207562446594238,-15.616451263427734,1
Alan took this bicycle.,Alan taken this bicycle.,morphology,irregular_forms,irregular_past_participle_verbs,True,True,False,False,988,-26.96710968017578,-29.137683868408203,1
Sonia took these newspaper articles.,Sonia taken these newspaper articles.,morphology,irregular_forms,irregular_past_participle_verbs,True,True,False,False,989,-41.00896072387695,-44.76069641113281,1
Veronica hid away.,Veronica hidden away.,morphology,irregular_forms,irregular_past_participle_verbs,True,True,False,False,990,-32.562416076660156,-32.2815055847168,0
The man broke some skateboard.,The man broken some skateboard.,morphology,irregular_forms,irregular_past_participle_verbs,True,True,False,False,991,-37.14436340332031,-41.42218780517578,1
Charles went fishing.,Charles gone fishing.,morphology,irregular_forms,irregular_past_participle_verbs,True,True,False,False,992,-21.305402755737305,-24.685089111328125,1
Cynthia woke up.,Cynthia woken up.,morphology,irregular_forms,irregular_past_participle_verbs,True,True,False,False,993,-31.82022476196289,-37.66517639160156,1
Vanessa ate.,Vanessa eaten.,morphology,irregular_forms,irregular_past_participle_verbs,True,True,False,False,994,-23.447124481201172,-27.001991271972656,1
All teachers drank.,All teachers drunk.,morphology,irregular_forms,irregular_past_participle_verbs,True,True,False,False,995,-25.941482543945312,-27.202476501464844,1
Every cat broke that skateboard.,Every cat broken that skateboard.,morphology,irregular_forms,irregular_past_participle_verbs,True,True,False,False,996,-40.88963317871094,-43.14727020263672,1
Every dancer wore that sweater.,Every dancer worn that sweater.,morphology,irregular_forms,irregular_past_participle_verbs,True,True,False,False,997,-39.23548889160156,-43.786102294921875,1
Ann went to some river.,Ann gone to some river.,morphology,irregular_forms,irregular_past_participle_verbs,True,True,False,False,998,-30.702716827392578,-34.43480682373047,1
Deanna broke the cart.,Deanna broken the cart.,morphology,irregular_forms,irregular_past_participle_verbs,True,True,False,False,999,-32.72467803955078,-33.85745620727539,1
