sentence_good,sentence_bad,field,linguistics_term,UID,simple_LM_method,one_prefix_method,two_prefix_method,lexically_identical,pair_id,good_slor,bad_slor,slor_diff,correct,good_model_logprob,bad_model_logprob,good_unigram_logprob,bad_unigram_logprob,good_num_tokens,bad_num_tokens
All convertibles weren't there existing.,There weren't all convertibles existing.,semantics,quantifiers,existential_there_quantifiers_2,True,False,False,False,0,0.8584885639210604,1.305029747773613,-0.4465411838525526,0,-64.30077308416367,-60.34229716658592,-71.16868159553215,-70.78253514877483,8,8
Every fish was there astounding Sally.,There was every fish astounding Sally.,semantics,quantifiers,existential_there_quantifiers_2,True,False,False,False,1,0.1833038429757861,0.49320539299358856,-0.30990155001780245,0,-58.693254470825195,-56.138906717300415,-59.9763813716557,-59.591344468255535,7,7
All sisters of Roger weren't there going to this school.,There weren't all sisters of Roger going to this school.,semantics,quantifiers,existential_there_quantifiers_2,True,False,False,False,2,1.6011489684374993,1.6367760985404611,-0.03562713010296181,0,-65.83301021903753,-65.01933821104467,-85.04679784028752,-84.6606513935302,12,12
Every documentary is there annoying Anna.,There is every documentary annoying Anna.,semantics,quantifiers,existential_there_quantifiers_2,True,False,False,False,3,0.945718803976351,1.2468567001027253,-0.3011378961263743,0,-53.87892770767212,-51.38592553138733,-60.49895933550658,-60.113922432106406,7,7
Each government was there hurting Rhonda.,There was each government hurting Rhonda.,semantics,quantifiers,existential_there_quantifiers_2,True,False,False,False,4,0.8555998392323723,1.0369452031069777,-0.18134536387460543,0,-65.03740060329437,-62.271520137786865,-71.88219931715335,-70.56708176264269,8,8
Every newspaper article wasn't there wasting away.,There wasn't every newspaper article wasting away.,semantics,quantifiers,existential_there_quantifiers_2,True,False,False,False,5,1.1300654211292043,1.1259184206255606,0.004147000503643694,1,-65.94696597009897,-65.5992520712316,-76.11755476026181,-75.73251785686165,9,9
Every student wasn't there leaving Andrew.,There wasn't every student leaving Andrew.,semantics,quantifiers,existential_there_quantifiers_2,True,False,False,False,6,1.8803805897359478,1.9462965865309787,-0.0659159967950309,0,-51.23563063889742,-50.32326576113701,-66.278675356785,-65.89363845338484,8,8
Each screen is there alarming Tara.,There is each screen alarming Tara.,semantics,quantifiers,existential_there_quantifiers_2,True,False,False,False,7,0.6199794504271807,0.8149550711276693,-0.19497562070048857,0,-59.59269595146179,-56.91274905204773,-63.93255210445206,-62.617434549941414,7,7
Most universities weren't there hurting this child.,There weren't most universities hurting this child.,semantics,quantifiers,existential_there_quantifiers_2,True,False,False,False,8,1.5505976656013791,1.3434606746462583,0.20713699095512084,1,-59.625730426982045,-60.68338271044195,-73.58110941739446,-72.77452878225827,9,9
Each book is there disturbing Margaret.,There is each book disturbing Margaret.,semantics,quantifiers,existential_there_quantifiers_2,True,False,False,False,9,1.6729226606599974,1.2136737323394473,0.4592489283205501,1,-46.5883355140686,-48.48796045780182,-58.298794138688585,-56.98367658417795,7,7
Each art gallery was there irritating a lot of committees.,There was each art gallery irritating a lot of committees.,semantics,quantifiers,existential_there_quantifiers_2,True,False,False,False,10,1.8483128777825315,1.3803721556344561,0.46794072214807536,1,-72.54885274171829,-76.38108313083649,-92.88029439732614,-91.5651768428155,11,11
All students weren't there noticing some box.,There weren't all students noticing some box.,semantics,quantifiers,existential_there_quantifiers_2,True,False,False,False,11,1.276853540991586,1.4784393741743176,-0.2015858331827316,0,-60.15706439502537,-57.956645449623466,-71.64874626394965,-71.26259981719232,9,9
Each mother of a teenager isn't there asking Mark to scratch.,There isn't each mother of a teenager asking Mark to scratch.,semantics,quantifiers,existential_there_quantifiers_2,True,False,False,False,12,1.6414011041676024,1.632953604525979,0.008447499641623502,1,-78.93941722810268,-77.73411716893315,-100.27763158228151,-98.96251402777088,13,13
Most shows about the Great Lakes are there distracting Lisa.,There are most shows about the Great Lakes distracting Lisa.,semantics,quantifiers,existential_there_quantifiers_2,True,False,False,False,13,1.7276398505262411,1.856780717753576,-0.12914086722733487,0,-76.44454431533813,-74.2174141407013,-95.44858267112679,-94.64200203599063,11,11
Most nephews of Irene were there telephoning.,There were most nephews of Irene telephoning.,semantics,quantifiers,existential_there_quantifiers_2,True,False,False,False,14,2.7173217258199074,3.066328408270001,-0.3490066824500935,0,-72.89198929071426,-67.89732846617699,-105.49985000055315,-104.693269365417,12,12
Each horse is there upsetting a lot of teachers.,There is each horse upsetting a lot of teachers.,semantics,quantifiers,existential_there_quantifiers_2,True,False,False,False,15,1.740516714002314,1.6930196901968315,0.047497023805482375,1,-59.63990890979767,-58.79976159334183,-77.0450760498208,-75.72995849531014,10,10
Every story was there hurting Judy.,There was every story hurting Judy.,semantics,quantifiers,existential_there_quantifiers_2,True,False,False,False,16,1.5569047169197816,1.4377161417174205,0.11918857520236115,1,-46.58983492851257,-47.03911805152893,-57.488167946951044,-57.103131043550874,7,7
Every plate is there embarrassing Richard.,There is every plate embarrassing Richard.,semantics,quantifiers,existential_there_quantifiers_2,True,False,False,False,17,0.8948220505612495,0.8768467943198957,0.017975256241353876,1,-51.892452239990234,-51.63324213027954,-58.15620659391898,-57.77116969051881,7,7
Most computers weren't there alarming Sabrina.,There weren't most computers alarming Sabrina.,semantics,quantifiers,existential_there_quantifiers_2,True,False,False,False,18,1.8244857606782086,1.9105099414185152,-0.0860241807403066,0,-69.57911451067775,-67.99831624887884,-85.99948635678163,-85.19290572164547,9,9
Every computer wasn't there shocking that actress.,There wasn't every computer shocking that actress.,semantics,quantifiers,existential_there_quantifiers_2,True,False,False,False,19,1.144828982373222,1.269037678666949,-0.124208696293727,0,-62.78631269186735,-61.283397521823645,-73.08977353322635,-72.70473662982619,9,9
Most reports aren't there disappearing.,There aren't most reports disappearing.,semantics,quantifiers,existential_there_quantifiers_2,True,False,False,False,20,2.0086586474187462,1.864049223216418,0.14460942420232814,1,-44.752701848745346,-44.95838718302548,-58.81331238067657,-58.00673174554041,7,7
Each university was there worrying.,There was each university worrying.,semantics,quantifiers,existential_there_quantifiers_2,True,False,False,False,21,0.49034233055525317,0.8115184692998376,-0.32117613874458445,0,-46.42338538169861,-43.18121099472046,-49.36543936503013,-48.050321810519485,6,6
Every popsicle isn't there wasting away.,There isn't every popsicle wasting away.,semantics,quantifiers,existential_there_quantifiers_2,True,False,False,False,22,1.7799115931632028,1.972698822871264,-0.19278722970806128,0,-61.05170622654259,-58.93158425576985,-77.07091056501142,-76.68587366161123,9,9
All granddaughters of Donald weren't there confusing this doctor.,There weren't all granddaughters of Donald confusing this doctor.,semantics,quantifiers,existential_there_quantifiers_2,True,False,False,False,23,2.1292709357472814,2.09830018249991,0.03097075324737153,1,-81.13996413350105,-81.15643747895956,-108.82048629821571,-108.43433985145839,13,13
Most cars weren't there scaring Kendra.,There weren't most cars scaring Kendra.,semantics,quantifiers,existential_there_quantifiers_2,True,False,False,False,24,2.4294444264917927,2.3516828179084825,0.07776160858331016,1,-66.00243472121656,-65.9734701719135,-90.29687898613449,-89.49029835099833,10,10
Every coat wasn't there twirling.,There wasn't every coat twirling.,semantics,quantifiers,existential_there_quantifiers_2,True,False,False,False,25,2.4686783068290836,2.3374217680407376,0.13125653878834598,1,-47.12159015983343,-47.786605566740036,-66.8710166144661,-66.48597971106594,8,8
All bikes are there embarrassing Brian.,There are all bikes embarrassing Brian.,semantics,quantifiers,existential_there_quantifiers_2,True,False,False,False,26,1.408121920531136,1.3725478049748279,0.03557411555630807,1,-50.371336221694946,-50.23420858383179,-60.2281896654129,-59.84204321865558,7,7
Each essay isn't there embarrassing Kenneth.,There isn't each essay embarrassing Kenneth.,semantics,quantifiers,existential_there_quantifiers_2,True,False,False,False,27,1.3254135511598477,1.2426402054329948,0.08277334572685291,1,-60.13866276666522,-59.48573197796941,-70.741971175944,-69.42685362143337,8,8
Most organizations are there compelling Claire to stretch.,There are most organizations compelling Claire to stretch.,semantics,quantifiers,existential_there_quantifiers_2,True,False,False,False,28,1.1777341605841736,1.3099821679274095,-0.13224800734323594,0,-69.92718839645386,-67.93037569522858,-80.52679584171142,-79.72021520657526,9,9
Every fork wasn't there appearing.,There wasn't every fork appearing.,semantics,quantifiers,existential_there_quantifiers_2,True,False,False,False,29,1.421721177343649,1.6241816077778606,-0.2024604304342117,0,-47.38148279301822,-45.57922287657857,-57.333531034423764,-56.948494131023594,7,7
All dancers are there talking to Pamela.,There are all dancers talking to Pamela.,semantics,quantifiers,existential_there_quantifiers_2,True,False,False,False,30,1.6168883083266303,1.9763631882405557,-0.35947487991392535,0,-49.423155546188354,-46.16121006011963,-62.3582620128014,-61.972115566044074,8,8
Most sisters of Veronica weren't there clashing.,There weren't most sisters of Veronica clashing.,semantics,quantifiers,existential_there_quantifiers_2,True,False,False,False,31,1.9623917537742812,1.8264612051311304,0.1359305486431508,1,-65.68786758929491,-66.24059244059026,-85.31178512703772,-84.50520449190157,10,10
All lights are there distracting Sarah.,There are all lights distracting Sarah.,semantics,quantifiers,existential_there_quantifiers_2,True,False,False,False,32,1.3034879063761255,1.7290663273482687,-0.42557842097214316,0,-49.6293443441391,-46.26414895057678,-58.75375968877198,-58.36761324201466,7,7
All daughters of these teachers weren't there messing up pants.,There weren't all daughters of these teachers messing up pants.,semantics,quantifiers,existential_there_quantifiers_2,True,False,False,False,33,2.2247474352088736,2.193770512175874,0.030976923032999704,1,-70.42792173288763,-70.4134983625263,-97.12489095539411,-96.73874450863678,12,12
Every casserole isn't there looking like a lot of sketches.,There isn't every casserole looking like a lot of sketches.,semantics,quantifiers,existential_there_quantifiers_2,True,False,False,False,34,2.8181696519322634,2.9429932432073906,-0.12482359127512721,0,-71.8534003822133,-69.72083320096135,-111.30777550926499,-110.92273860586482,14,14
Each drawing of Cheryl isn't there existing.,There isn't each drawing of Cheryl existing.,semantics,quantifiers,existential_there_quantifiers_2,True,False,False,False,35,0.924354728950334,1.0956544818585061,-0.17129975290817212,0,-66.84297014214098,-63.9861548114568,-75.16216270269399,-73.84704514818335,9,9
Each picture is there appearing.,There is each picture appearing.,semantics,quantifiers,existential_there_quantifiers_2,True,False,False,False,36,1.4190238789926741,1.2138925739595383,0.2051313050331358,1,-38.758599519729614,-38.674269795417786,-47.27274279368566,-45.957625239175016,6,6
Every grocery store was there falling.,There was every grocery store falling.,semantics,quantifiers,existential_there_quantifiers_2,True,False,False,False,37,1.6307630161913411,2.1417549872045814,-0.5109919710132402,0,-46.385098934173584,-42.423118233680725,-57.80044004751297,-57.415403144112794,7,7
Most dishes are there wasting away.,There are most dishes wasting away.,semantics,quantifiers,existential_there_quantifiers_2,True,False,False,False,38,1.3964062881816315,1.4622947650890166,-0.06588847690738509,0,-47.3080335855484,-46.04023361206055,-57.08287760281982,-56.27629696768366,7,7
All pants were there impressing Alexander.,There were all pants impressing Alexander.,semantics,quantifiers,existential_there_quantifiers_2,True,False,False,False,39,1.0230171219964497,1.443607862849401,-0.42059074085295123,0,-61.18891406059265,-57.43804168701172,-69.37305103656425,-68.98690458980693,8,8
Most commentaries about the Impressionists were there bothering Beverly.,There were most commentaries about the Impressionists bothering Beverly.,semantics,quantifiers,existential_there_quantifiers_2,True,False,False,False,40,2.1105645450163264,2.5101628155009204,-0.39959827048459395,0,-94.42257916927338,-88.42122101783752,-121.85991825448562,-121.05333761934949,13,13
Each college campus isn't there alarming Irene.,There isn't each college campus alarming Irene.,semantics,quantifiers,existential_there_quantifiers_2,True,False,False,False,41,2.0583232156488576,1.5641430943989036,0.4941801212499539,1,-70.77475048229098,-74.40143414027989,-91.35798263877956,-90.04286508426893,10,10
All organizations were there convincing Winston Churchill to escape.,There were all organizations convincing Winston Churchill to escape.,semantics,quantifiers,existential_there_quantifiers_2,True,False,False,False,42,2.0522692525940385,2.289900535728978,-0.23763128313493942,0,-70.29343032836914,-67.53097105026245,-90.81612285430953,-90.42997640755223,10,10
Most wheelbarrows are there dropping.,There are most wheelbarrows dropping.,semantics,quantifiers,existential_there_quantifiers_2,True,False,False,False,43,1.5741042913190242,2.349561781278201,-0.7754574899591766,0,-57.39834952354431,-50.38810896873474,-69.9911838540965,-69.18460321896035,8,8
Most skirts were there aggravating waiters.,There were most skirts aggravating waiters.,semantics,quantifiers,existential_there_quantifiers_2,True,False,False,False,44,1.7481656029272175,1.961178380778266,-0.21301277785104844,0,-65.20930933952332,-62.48561370372772,-80.94279976586827,-80.13621913073212,9,9
Most cars aren't there slipping.,There aren't most cars slipping.,semantics,quantifiers,existential_there_quantifiers_2,True,False,False,False,45,2.014332032303867,1.9319323201768757,0.08239971212699149,1,-42.611793395131826,-42.38201074488461,-56.7121176212589,-55.90553698612274,7,7
All slopes are there alarming Kathleen.,There are all slopes alarming Kathleen.,semantics,quantifiers,existential_there_quantifiers_2,True,False,False,False,46,0.32837553397626557,0.6389522253919152,-0.31057669141564964,0,-60.63262963294983,-58.07244634628296,-62.93125837078369,-62.545111924026365,7,7
Every hospital wasn't there urging Wayne to find most cars.,There wasn't every hospital urging Wayne to find most cars.,semantics,quantifiers,existential_there_quantifiers_2,True,False,False,False,47,1.4346434920822777,1.6646392262209868,-0.2299957341387091,0,-82.46675349026918,-79.32176777720451,-99.68247539525652,-99.29743849185635,12,12
Most guests were there attacking Kimberley.,There were most guests attacking Kimberley.,semantics,quantifiers,existential_there_quantifiers_2,True,False,False,False,48,2.265838470704381,2.635065034149882,-0.3692265634455012,0,-56.024340748786926,-52.26394760608673,-74.15104851442197,-73.34446787928579,8,8
Every picture of a lot of pants wasn't there looking like those sketches.,There wasn't every picture of a lot of pants looking like those sketches.,semantics,quantifiers,existential_there_quantifiers_2,True,False,False,False,49,2.410697917398352,2.3696646475009877,0.04103326989736411,1,-75.41945376247168,-75.64991590753198,-111.57992252344695,-111.19488562004679,15,15
Most computers weren't there alarming Valerie.,There weren't most computers alarming Valerie.,semantics,quantifiers,existential_there_quantifiers_2,True,False,False,False,50,1.233109046084472,1.1831551845295998,0.04995386155487225,1,-64.35977108683437,-63.95282134413719,-74.22464345551015,-73.41806282037399,8,8
Every restaurant is there impressing Patrick.,There is every restaurant impressing Patrick.,semantics,quantifiers,existential_there_quantifiers_2,True,False,False,False,51,1.471396502075887,1.5759344115812866,-0.10453790950539954,0,-59.384541749954224,-58.163201570510864,-71.15571376656132,-70.77067686316116,8,8
Every dish was there wasting away.,There was every dish wasting away.,semantics,quantifiers,existential_there_quantifiers_2,True,False,False,False,52,0.8608584308467481,1.1293605189820946,-0.2685020881353465,0,-50.09358608722687,-47.82903456687927,-56.119595103154104,-55.734558199753934,7,7
Each cucumber was there burning.,There was each cucumber burning.,semantics,quantifiers,existential_there_quantifiers_2,True,False,False,False,53,1.9326312269368873,2.3812823765723996,-0.44865114963551234,0,-47.67742681503296,-43.22175121307373,-61.20584540359117,-59.89072784908053,7,7
Most movies aren't there worrying Peter.,There aren't most movies worrying Peter.,semantics,quantifiers,existential_there_quantifiers_2,True,False,False,False,54,1.4484760674470216,1.0101465386190824,0.4383295288279392,1,-55.193711925297976,-57.89376752078533,-66.78152046487415,-65.97493982973799,8,8
Every commentary about the Impressionists is there disgusting an actor.,There is every commentary about the Impressionists disgusting an actor.,semantics,quantifiers,existential_there_quantifiers_2,True,False,False,False,55,2.24118093789369,2.481601548540178,-0.2404206106464879,0,-85.83571410179138,-82.32520925998688,-114.97106629440935,-114.58602939100919,13,13
Every muffin isn't there charring.,There isn't every muffin charring.,semantics,quantifiers,existential_there_quantifiers_2,True,False,False,False,56,1.4965539101655199,1.9000325669611995,-0.4034786567956796,0,-60.845644758082926,-56.82929994352162,-74.3146299495726,-73.92959304617241,9,9
Most peppers aren't there boring Ann.,There aren't most peppers boring Ann.,semantics,quantifiers,existential_there_quantifiers_2,True,False,False,False,57,1.8973377358642658,1.2419276821465743,0.6554100537176915,1,-54.69216465763748,-59.12886445224285,-69.8708665445516,-69.06428590941545,8,8
All cousins of William aren't there predicting Gerald to sigh.,There aren't all cousins of William predicting Gerald to sigh.,semantics,quantifiers,existential_there_quantifiers_2,True,False,False,False,58,0.992649612445201,1.0822485115259042,-0.08959889908070318,0,-89.20968366414309,-87.74835042841733,-101.1214790134855,-100.73533256672818,12,12
All shows about the Impressionists weren't there scaring Michael.,There weren't all shows about the Impressionists scaring Michael.,semantics,quantifiers,existential_there_quantifiers_2,True,False,False,False,59,2.636457190246103,2.780831035417267,-0.14437384517116403,0,-84.70554842427373,-82.29816814512014,-121.61594908771917,-121.22980264096188,14,14
All sweaters weren't there shocking Clyde.,There weren't all sweaters shocking Clyde.,semantics,quantifiers,existential_there_quantifiers_2,True,False,False,False,60,2.155732879849293,2.0475753117480053,0.10815756810128763,1,-63.61453841626644,-64.2018100824207,-83.01613433491008,-82.62998788815275,9,9
Every slope was there vanishing.,There was every slope vanishing.,semantics,quantifiers,existential_there_quantifiers_2,True,False,False,False,61,1.0980911891885583,1.2635331463412847,-0.16544195715272636,0,-44.54657244682312,-43.16888380050659,-51.13511958195447,-50.7500826785543,6,6
Most computers are there falling.,There are most computers falling.,semantics,quantifiers,existential_there_quantifiers_2,True,False,False,False,62,1.1935158274300537,1.6741175599910807,-0.480601732561027,0,-41.12949502468109,-37.43930399417877,-48.29058998926141,-47.484009354125256,6,6
All public parks are there boring Jill.,There are all public parks boring Jill.,semantics,quantifiers,existential_there_quantifiers_2,True,False,False,False,63,1.4056933387958104,1.3968052555101202,0.00888808328569013,1,-58.447081089019775,-58.132039308547974,-69.69262779938626,-69.30648135262894,8,8
Most mountains are there distracting Scott.,There are most mountains distracting Scott.,semantics,quantifiers,existential_there_quantifiers_2,True,False,False,False,64,1.4300908753133206,1.5117637009810383,-0.08167282566771772,0,-51.710853695869446,-50.332563281059265,-61.72148982306269,-60.91490918792653,7,7
Every pepper isn't there scorching.,There isn't every pepper scorching.,semantics,quantifiers,existential_there_quantifiers_2,True,False,False,False,65,1.7832692779552062,2.4282342214828923,-0.6449649435276861,0,-55.03178649954498,-49.48703004792333,-69.29794072318663,-68.91290381978646,8,8
Most boys are there divorcing.,There are most boys divorcing.,semantics,quantifiers,existential_there_quantifiers_2,True,False,False,False,66,2.4565845117051928,2.5571520097667095,-0.10056749806151677,0,-44.84795689582825,-43.337403774261475,-62.0440484777646,-61.23746784262844,7,7
Each cart is there appearing.,There is each cart appearing.,semantics,quantifiers,existential_there_quantifiers_2,True,False,False,False,67,0.8257217565398088,1.0666950177628785,-0.2409732612230696,0,-44.45414924621582,-41.69319212436676,-49.408479785454674,-48.09336223094403,6,6
Each mushroom is there annoying Amelia.,There is each mushroom annoying Amelia.,semantics,quantifiers,existential_there_quantifiers_2,True,False,False,False,68,0.9390997469043205,0.9574000819929763,-0.018300335088655806,0,-57.639081716537476,-56.19586181640625,-64.21277994486772,-62.897662390357084,7,7
Each closet isn't there appearing.,There isn't each closet appearing.,semantics,quantifiers,existential_there_quantifiers_2,True,False,False,False,69,1.3276705525599795,1.1869031861002972,0.14076736645968224,1,-48.718785643577576,-48.389039654284716,-58.01247951149743,-56.697361956986796,7,7
Each association isn't there intending to bother Tamara.,There isn't each association intending to bother Tamara.,semantics,quantifiers,existential_there_quantifiers_2,True,False,False,False,70,2.0241605373463987,1.8405029228529382,0.18365761449346052,1,-74.34583627618849,-75.05095248110592,-96.61160218699888,-95.29648463248824,11,11
Each casserole is there alarming Anne.,There is each casserole alarming Anne.,semantics,quantifiers,existential_there_quantifiers_2,True,False,False,False,71,1.4452032123183978,1.8236440475465183,-0.37844083522812055,0,-69.50526368618011,-64.7841786146164,-82.5120925970457,-81.19697504253506,9,9
All slopes were there boring Homer.,There were all slopes boring Homer.,semantics,quantifiers,existential_there_quantifiers_2,True,False,False,False,72,0.438356958944294,0.8803728763742191,-0.44201591742992513,0,-58.00519609451294,-54.524938225746155,-61.073694807123,-60.68754836036569,7,7
Every glacier was there disgusting Walter.,There was every glacier disgusting Walter.,semantics,quantifiers,existential_there_quantifiers_2,True,False,False,False,73,0.6630167843663445,0.6624441089311779,0.0005726754351665919,1,-57.335923194885254,-56.95489501953125,-61.977040685449666,-61.592003782049495,7,7
All bananas weren't there burning.,There weren't all bananas burning.,semantics,quantifiers,existential_there_quantifiers_2,True,False,False,False,74,1.3692315592958724,1.8834394753544308,-0.5142079160585584,0,-46.21189157478511,-42.226289715617895,-55.79651248985622,-55.41036604309891,7,7
Every guest was there visiting Ann.,There was every guest visiting Ann.,semantics,quantifiers,existential_there_quantifiers_2,True,False,False,False,75,1.5039910787307724,1.7782582813778822,-0.2742672026471098,0,-47.96450996398926,-45.659602642059326,-58.492447515104665,-58.1074106117045,7,7
Most convertibles are there looking like every painting.,There are most convertibles looking like every painting.,semantics,quantifiers,existential_there_quantifiers_2,True,False,False,False,76,1.3923863681458186,1.5911876261310738,-0.19880125798525516,0,-72.31681776046753,-69.52222454547882,-86.24068144192572,-85.43410080678956,10,10
All windows aren't there alarming a committee.,There aren't all windows alarming a committee.,semantics,quantifiers,existential_there_quantifiers_2,True,False,False,False,77,1.8710615255289946,1.4871241809455915,0.3839373445834031,1,-55.131641464307904,-58.200931118801236,-71.97119519406886,-71.58504874731156,9,9
Every doctor wasn't there existing.,There wasn't every doctor existing.,semantics,quantifiers,existential_there_quantifiers_2,True,False,False,False,78,1.4500763160707848,1.3695838950221966,0.08049242104858823,1,-45.35300418548286,-45.53141422942281,-55.50353839797835,-55.11850149457818,7,7
All glasses were there scaring Clyde.,There were all glasses scaring Clyde.,semantics,quantifiers,existential_there_quantifiers_2,True,False,False,False,79,1.1681279006307257,1.6930315978168373,-0.5249036971861116,0,-58.73236322402954,-54.146987199783325,-68.07738642907535,-67.69123998231802,8,8
All icicles aren't there disturbing Marie.,There aren't all icicles disturbing Marie.,semantics,quantifiers,existential_there_quantifiers_2,True,False,False,False,80,2.330790632035991,2.059578029787338,0.27121260224865296,1,-60.79906913265586,-62.85383610613644,-81.77618482097978,-81.39003837422248,9,9
Each cousin of Linda isn't there irritating Veronica.,There isn't each cousin of Linda irritating Veronica.,semantics,quantifiers,existential_there_quantifiers_2,True,False,False,False,81,1.6910376082259178,1.596155100253992,0.09488250797192577,1,-71.51367773115635,-71.14738525636494,-88.42405381341553,-87.10893625890486,10,10
Every carriage wasn't there bothering Pamela.,There wasn't every carriage bothering Pamela.,semantics,quantifiers,existential_there_quantifiers_2,True,False,False,False,82,2.06652586460698,1.9317055203353526,0.1348203442716276,1,-53.58808520436287,-54.28161105513573,-70.12029212121871,-69.73525521781855,8,8
Every woman was there intending to remember Thomas.,There was every woman intending to remember Thomas.,semantics,quantifiers,existential_there_quantifiers_2,True,False,False,False,83,1.6325581895827352,1.8371863107977333,-0.20462812121499807,0,-54.491125628352165,-52.26443563401699,-69.18414933459678,-68.79911243119659,9,9
Every show about Winston Churchill wasn't there astounding Jacqueline.,There wasn't every show about Winston Churchill astounding Jacqueline.,semantics,quantifiers,existential_there_quantifiers_2,True,False,False,False,84,2.618110215760263,2.9665922257954023,-0.3484820100351391,0,-83.40950347483158,-78.84268245100975,-114.82682606395474,-114.44178916055458,12,12
Every hamster isn't there distracting Danielle.,There isn't every hamster distracting Danielle.,semantics,quantifiers,existential_there_quantifiers_2,True,False,False,False,85,2.0687039605044695,2.2512396455896226,-0.18253568508515317,0,-64.03658659011126,-62.008728520944715,-82.65492223465148,-82.26988533125132,9,9
Most libraries were there boring Sally.,There were most libraries boring Sally.,semantics,quantifiers,existential_there_quantifiers_2,True,False,False,False,86,0.7278648992884941,1.0218550554528636,-0.2939901561643695,0,-57.73741388320923,-54.872902154922485,-62.83246817822869,-62.02588754309253,7,7
All women aren't there discovering Amelia to climb down those slopes.,There aren't all women discovering Amelia to climb down those slopes.,semantics,quantifiers,existential_there_quantifiers_2,True,False,False,False,87,2.0086533937590048,2.1512675904532226,-0.14261419669421782,0,-84.26234498620033,-82.02221398241818,-110.3748391050674,-109.98869265831007,13,13
All icicles were there confusing this man.,There were all icicles confusing this man.,semantics,quantifiers,existential_there_quantifiers_2,True,False,False,False,88,1.8068920794936691,2.181343303867913,-0.37445122437424394,0,-59.75393080711365,-55.99772334098816,-76.01595952255667,-75.62981307579938,9,9
All prints of Derek are there disappearing.,There are all prints of Derek disappearing.,semantics,quantifiers,existential_there_quantifiers_2,True,False,False,False,89,1.0107254347727146,1.5672629858711815,-0.5565375510984669,0,-57.72117495536804,-52.882728099823,-65.80697843354976,-65.42083198679245,8,8
Most patients were there pressuring Ella to break a lot of dishes.,There were most patients pressuring Ella to break a lot of dishes.,semantics,quantifiers,existential_there_quantifiers_2,True,False,False,False,90,2.338877356283677,2.5604233312488724,-0.22154597496519557,0,-81.56555140018463,-77.65732711553574,-114.3098343881561,-113.50325375301995,14,14
Most movie theaters aren't there distracting Karla.,There aren't most movie theaters distracting Karla.,semantics,quantifiers,existential_there_quantifiers_2,True,False,False,False,91,1.8647919633551937,1.8729544275217962,-0.00816246416660249,0,-74.51389411464334,-73.62568883784115,-93.16181374819527,-92.35523311305911,10,10
Most waiters were there worrying Carla.,There were most waiters worrying Carla.,semantics,quantifiers,existential_there_quantifiers_2,True,False,False,False,92,1.086868712207165,1.6957591030198766,-0.6088903908127117,0,-67.29925990104675,-61.01266574859619,-77.08107831091124,-76.27449767577508,9,9
Each government was there looking to get a job.,There was each government looking to get a job.,semantics,quantifiers,existential_there_quantifiers_2,True,False,False,False,93,1.4569722705643613,1.6047969556764996,-0.1478246851121383,0,-54.136616230010986,-51.34325182437897,-68.7063389356546,-67.39122138114396,10,10
Most guys aren't there escaping.,There aren't most guys escaping.,semantics,quantifiers,existential_there_quantifiers_2,True,False,False,False,94,2.1346566769713573,1.9958924455888638,0.1387642313824935,1,-41.53187584504485,-41.69664482958615,-56.47447258384435,-55.667891948708196,7,7
All fish are there vanishing.,There are all fish vanishing.,semantics,quantifiers,existential_there_quantifiers_2,True,False,False,False,95,0.7918795835877539,1.5391212361471933,-0.7472416525594394,0,-42.476197361946106,-37.60660099983215,-47.22747486347263,-46.841328416715314,6,6
Each painting isn't there aggravating Barbara.,There isn't each painting aggravating Barbara.,semantics,quantifiers,existential_there_quantifiers_2,True,False,False,False,96,2.1032618766612234,1.824762586339511,0.2784992903217125,1,-61.63626914098859,-62.827645199373364,-80.5656260309396,-79.25050847642896,9,9
Each shoe is there disturbing Erin.,There is each shoe disturbing Erin.,semantics,quantifiers,existential_there_quantifiers_2,True,False,False,False,97,1.065179659161902,1.1140550482830176,-0.04887538912111555,0,-54.12480676174164,-52.46756148338318,-61.58106437587495,-60.2659468213643,7,7
All stories about the Balkans are there aggravating all boys.,There are all stories about the Balkans aggravating all boys.,semantics,quantifiers,existential_there_quantifiers_2,True,False,False,False,98,1.847302447553621,2.322517811329907,-0.47521536377628615,0,-75.49769961833954,-69.40896880626678,-97.66532898898299,-97.27918254222567,12,12
Each legislature is there retaliating.,There is each legislature retaliating.,semantics,quantifiers,existential_there_quantifiers_2,True,False,False,False,99,2.0938378215084623,1.7413876101417327,0.3524502113667296,1,-49.755597710609436,-50.907631635665894,-64.41246246116867,-63.09734490665802,7,7
Each lake was there boring Marla.,There was each lake boring Marla.,semantics,quantifiers,existential_there_quantifiers_2,True,False,False,False,100,1.332662316379917,1.1328359769159029,0.19982633946401407,1,-58.03700304031372,-58.3204962015152,-68.69830157135306,-67.38318401684242,8,8
Each granddaughter of Stephen is there escaping from James.,There is each granddaughter of Stephen escaping from James.,semantics,quantifiers,existential_there_quantifiers_2,True,False,False,False,101,1.6796442135671015,2.1408676175131633,-0.46122340394606187,0,-67.83913612365723,-61.911784529685974,-84.63557825932824,-83.3204607048176,10,10
Each cake wasn't there vanishing.,There wasn't each cake vanishing.,semantics,quantifiers,existential_there_quantifiers_2,True,False,False,False,102,1.3333426436809706,1.6273820716816192,-0.29403942800064864,0,-49.58092376962304,-46.207530219107866,-58.914322275389836,-57.5992047208792,7,7
Every rabbit wasn't there distracting Roger.,There wasn't every rabbit distracting Roger.,semantics,quantifiers,existential_there_quantifiers_2,True,False,False,False,103,1.600751522169233,1.7517718817705692,-0.1510203596013362,0,-56.45783176086843,-54.86463198065758,-69.2638439382223,-68.87880703482213,8,8
All icicles are there freezing.,There are all icicles freezing.,semantics,quantifiers,existential_there_quantifiers_2,True,False,False,False,104,2.6645635430556007,2.8170456750742363,-0.15248213201863559,0,-43.08183693885803,-41.628315567970276,-61.73378174024724,-61.34763529348993,7,7
All windows are there opening.,There are all windows opening.,semantics,quantifiers,existential_there_quantifiers_2,True,False,False,False,105,1.7311589335630184,2.1788435956579306,-0.4476846620949122,0,-34.55327904224396,-31.481024622917175,-44.94023264362207,-44.55408619686476,6,6
Every cafe is there astounding Gerald.,There is every cafe astounding Gerald.,semantics,quantifiers,existential_there_quantifiers_2,True,False,False,False,106,0.8069918199454459,0.9047759875049682,-0.09778416755952235,0,-58.45023810863495,-57.380712032318115,-64.09918084825307,-63.71414394485289,7,7
Most waiters were there hugging George.,There were most waiters hugging George.,semantics,quantifiers,existential_there_quantifiers_2,True,False,False,False,107,0.5256344042375467,1.1465569582454904,-0.6209225540079437,0,-62.51853549480438,-56.744574427604675,-66.72361072870476,-65.9170300935686,8,8
Most lakes weren't there irritating Allison.,There weren't most lakes irritating Allison.,semantics,quantifiers,existential_there_quantifiers_2,True,False,False,False,108,1.5206925821045552,1.236464854381456,0.2842277277230991,1,-60.89185209199786,-62.35909327864647,-73.0573927488343,-72.25081211369812,8,8
Each son of Heather is there kissing Carla.,There is each son of Heather kissing Carla.,semantics,quantifiers,existential_there_quantifiers_2,True,False,False,False,109,1.9228766181692123,2.4889651916404203,-0.566088573471208,0,-66.04941856861115,-59.07341527938843,-85.27818475030327,-83.96306719579263,10,10
All waiters are there fleeing from Eva.,There are all waiters fleeing from Eva.,semantics,quantifiers,existential_there_quantifiers_2,True,False,False,False,110,1.0559719900426627,1.407304625757408,-0.35133263571474527,0,-63.697556138038635,-60.14941596984863,-73.2013040484226,-72.8151576016653,9,9
Each light was there stunning Jason.,There was each light stunning Jason.,semantics,quantifiers,existential_there_quantifiers_2,True,False,False,False,111,0.6847558386977316,0.8207822272967787,-0.13602638859904714,0,-55.101277589797974,-52.833975315093994,-59.894568460682095,-58.579450906171445,7,7
Every light wasn't there worrying Peter.,There wasn't every light worrying Peter.,semantics,quantifiers,existential_there_quantifiers_2,True,False,False,False,112,1.7362651204797146,1.6522915489421628,0.0839735715375518,1,-50.91264205053449,-51.19939371943474,-64.8027630143722,-64.41772611097204,8,8
Each hat isn't there twirling.,There isn't each hat twirling.,semantics,quantifiers,existential_there_quantifiers_2,True,False,False,False,113,2.1168064540287244,1.9402173378359908,0.17658911619273354,1,-49.40367100387812,-49.50126637890935,-66.33812263610791,-65.02300508159728,8,8
All photographs of some screen aren't there looking like most cars.,There aren't all photographs of some screen looking like most cars.,semantics,quantifiers,existential_there_quantifiers_2,True,False,False,False,114,1.9997022011236931,1.9104677902617329,0.08923441086196027,1,-73.62037457898259,-74.39427547343075,-99.6165031935906,-99.23035674683328,13,13
Each commentary about the Impressionists wasn't there impressing Julie.,There wasn't each commentary about the Impressionists impressing Julie.,semantics,quantifiers,existential_there_quantifiers_2,True,False,False,False,115,2.720451958089581,2.7859405750418103,-0.06548861695222907,0,-92.93423201143742,-90.70227381959558,-131.02055942469156,-129.70544187018092,14,14
Most libraries are there continuing to conceal those waitresses.,There are most libraries continuing to conceal those waitresses.,semantics,quantifiers,existential_there_quantifiers_2,True,False,False,False,116,1.5174796656352705,1.690122056270628,-0.17264239063535758,0,-80.93893927335739,-78.2332923412323,-97.63121559534537,-96.82463496020921,11,11
Each jacket is there existing.,There is each jacket existing.,semantics,quantifiers,existential_there_quantifiers_2,True,False,False,False,117,1.014421645915392,0.8235132409549912,0.19090840496040085,1,-43.17572259902954,-43.00605547428131,-49.262252474521894,-47.94713492001126,6,6
Most mirrors are there hurting Alexander.,There are most mirrors hurting Alexander.,semantics,quantifiers,existential_there_quantifiers_2,True,False,False,False,118,1.3381753896004907,1.6561439664311461,-0.3179685768306555,0,-52.91027808189392,-49.877917408943176,-62.277505809097356,-61.4709251739612,7,7
Most customers are there swallowing.,There are most customers swallowing.,semantics,quantifiers,existential_there_quantifiers_2,True,False,False,False,119,1.625990843558295,1.819191039018848,-0.1932001954605529,0,-41.861196994781494,-39.89541518688202,-51.617142056131264,-50.81056142099511,6,6
Most glasses were there soaking.,There were most glasses soaking.,semantics,quantifiers,existential_there_quantifiers_2,True,False,False,False,120,1.627332770010657,1.7094596503276247,-0.08212688031696769,0,-40.88043403625488,-39.58109211921692,-50.644430656318825,-49.83785002118267,6,6
Every book about music isn't there disturbing Roger.,There isn't every book about music disturbing Roger.,semantics,quantifiers,existential_there_quantifiers_2,True,False,False,False,121,1.3200187711204108,1.531328853704639,-0.21131008258422823,0,-67.58305946364999,-65.08492173440754,-80.7832471748541,-80.39821027145393,10,10
Most cups aren't there hurting Dennis.,There aren't most cups hurting Dennis.,semantics,quantifiers,existential_there_quantifiers_2,True,False,False,False,122,1.7875552070273777,1.4050165356113595,0.38253867141601816,1,-54.59527724608779,-56.84900598227978,-68.89571890230681,-68.08913826717065,8,8
Each shirt is there hurting Guy.,There is each shirt hurting Guy.,semantics,quantifiers,existential_there_quantifiers_2,True,False,False,False,123,0.8459520401066801,0.9914052949646229,-0.1454532548579428,0,-53.77002823352814,-51.4367378950119,-59.6916925142749,-58.37657495976426,7,7
Most windows are there alarming Frank.,There are most windows alarming Frank.,semantics,quantifiers,existential_there_quantifiers_2,True,False,False,False,124,0.8289017004260069,0.8893255383508917,-0.060423837924884816,0,-54.30958080291748,-53.08003330230713,-60.11189270589953,-59.30531207076337,7,7
Every cafe is there aggravating Donna.,There is every cafe aggravating Donna.,semantics,quantifiers,existential_there_quantifiers_2,True,False,False,False,125,1.7961699192028355,1.884963291593138,-0.0887933723903025,0,-60.14364719390869,-59.04826331138611,-74.51300654753138,-74.12796964413121,8,8
Every boy was there explaining everything.,There was every boy explaining everything.,semantics,quantifiers,existential_there_quantifiers_2,True,False,False,False,126,2.135832394557599,2.421627356892948,-0.28579496233534885,0,-39.37158477306366,-36.98598313331604,-54.322411534966854,-53.937374631566676,7,7
Each lamp wasn't there hurting a girl.,There wasn't each lamp hurting a girl.,semantics,quantifiers,existential_there_quantifiers_2,True,False,False,False,127,1.6431442285696898,1.7691751047928252,-0.12603087622313547,0,-55.79590069130063,-53.346505250781775,-70.58419874842784,-69.2690811939172,9,9
Each art gallery was there annoying Beth.,There was each art gallery annoying Beth.,semantics,quantifiers,existential_there_quantifiers_2,True,False,False,False,128,0.9518194805298172,0.8253548358785778,0.1264646446512394,1,-64.71055686473846,-64.40715646743774,-72.325112708977,-71.00999515446637,8,8
Most coats aren't there drying.,There aren't most coats drying.,semantics,quantifiers,existential_there_quantifiers_2,True,False,False,False,129,2.038320305870523,1.6206053893850043,0.4177149164855185,1,-45.09311989881098,-47.21054367907345,-59.36136203990464,-58.554781404768484,7,7
Most legislatures weren't there reuniting.,There weren't most legislatures reuniting.,semantics,quantifiers,existential_there_quantifiers_2,True,False,False,False,130,2.1819986475327156,2.114310115548353,0.06768853198436275,1,-57.644288424402475,-57.37921604514122,-75.1002776046642,-74.29369696952804,8,8
Every shirt is there tightening.,There is every shirt tightening.,semantics,quantifiers,existential_there_quantifiers_2,True,False,False,False,131,1.058714212029513,1.2605646929007566,-0.20185048087124358,0,-43.15546417236328,-41.55932438373566,-49.50774944454036,-49.122712541140196,6,6
Each report wasn't there confusing John.,There wasn't each report confusing John.,semantics,quantifiers,existential_there_quantifiers_2,True,False,False,False,132,1.6428395389290529,1.5074890766755367,0.1353504622535162,1,-53.778729155659676,-53.54641529917717,-66.9214454670921,-65.60632791258146,8,8
Each banana was there astounding Candice.,There was each banana astounding Candice.,semantics,quantifiers,existential_there_quantifiers_2,True,False,False,False,133,0.5805679664329482,1.0594680616765757,-0.47890009524362753,0,-69.05207109451294,-63.905752778053284,-73.69661482597652,-72.38149727146589,8,8
Most icicles aren't there melting.,There aren't most icicles melting.,semantics,quantifiers,existential_there_quantifiers_2,True,False,False,False,134,2.85234283507884,2.7433552787304976,0.10898755634834245,1,-50.17901576124132,-50.2443355768919,-72.99775844187204,-72.19117780673588,8,8
Every person isn't there thinking about who will eat.,There isn't every person thinking about who will eat.,semantics,quantifiers,existential_there_quantifiers_2,True,False,False,False,135,1.9043529505405765,2.240654568037291,-0.3363016174967146,0,-59.25218768324703,-55.16783298738301,-80.20007013919337,-79.81503323579321,11,11
Most paintings of Sheila weren't there falling.,There weren't most paintings of Sheila falling.,semantics,quantifiers,existential_there_quantifiers_2,True,False,False,False,136,1.5808066033817074,1.549945904871521,0.03086069851018647,1,-61.09209581837058,-60.5632614698261,-75.31935524880595,-74.51277461366979,9,9
Most patients were there threatening to testify.,There were most patients threatening to testify.,semantics,quantifiers,existential_there_quantifiers_2,True,False,False,False,137,2.061684154275394,2.6390619687985506,-0.5773778145231567,0,-50.98402237892151,-45.5584192276001,-67.47749561312466,-66.6709149779885,8,8
Each mouth wasn't there aggravating Bill.,There wasn't each mouth aggravating Bill.,semantics,quantifiers,existential_there_quantifiers_2,True,False,False,False,138,1.7980430209978868,1.9071402639995023,-0.1090972430016155,0,-62.14078085497022,-59.843788113445044,-78.3231680439512,-77.00805048944056,9,9
Each pie isn't there upsetting Elaine.,There isn't each pie upsetting Elaine.,semantics,quantifiers,existential_there_quantifiers_2,True,False,False,False,139,1.6189363017930027,1.663866263728309,-0.044929961935306295,0,-58.21329075098038,-56.53873350098729,-71.1647811653244,-69.84966361081376,8,8
All photographs of Theresa are there astounding Spain.,There are all photographs of Theresa astounding Spain.,semantics,quantifiers,existential_there_quantifiers_2,True,False,False,False,140,1.1063304813971766,1.580056433804695,-0.47372595240751836,0,-68.70508050918579,-64.0554004907608,-78.66205484176038,-78.27590839500306,9,9
All organizations were there thinking about who wouldn't tour that closet.,There were all organizations thinking about who wouldn't tour that closet.,semantics,quantifiers,existential_there_quantifiers_2,True,False,False,False,141,1.3560092293666584,1.653609536648411,-0.2976003072817526,0,-83.88861521705985,-79.63366477563977,-101.51673519882641,-101.13058875206912,13,13
Each shirt wasn't there twisting.,There wasn't each shirt twisting.,semantics,quantifiers,existential_there_quantifiers_2,True,False,False,False,142,1.3984501683414763,1.7343853908912823,-0.335935222549806,0,-48.580691166222095,-44.91402705386281,-58.36984234461243,-57.05472479010179,7,7
Each newspaper article isn't there shocking Carl.,There isn't each newspaper article shocking Carl.,semantics,quantifiers,existential_there_quantifiers_2,True,False,False,False,143,1.3402869824524513,0.8527198226132006,0.4875671598392507,1,-68.01133010163903,-71.08431698568165,-80.0739129437111,-78.75879538920046,9,9
All reports aren't there disgusting Mitchell.,There aren't all reports disgusting Mitchell.,semantics,quantifiers,existential_there_quantifiers_2,True,False,False,False,144,1.9154391289832873,1.5080362245034848,0.40740290447980243,1,-52.782945446670055,-55.65602223575115,-68.10645847853635,-67.72031203177903,8,8
All sisters of Denise are there approving.,There are all sisters of Denise approving.,semantics,quantifiers,existential_there_quantifiers_2,True,False,False,False,145,0.6537729512863635,1.116615040634798,-0.4628420893484346,0,-60.51563000679016,-56.42674684524536,-65.74581361708107,-65.35966717032375,8,8
All movies weren't there winning.,There weren't all movies winning.,semantics,quantifiers,existential_there_quantifiers_2,True,False,False,False,146,1.682268261582825,1.882259307359006,-0.19999104577618088,0,-42.53621391020715,-40.75013014301658,-54.31209174128693,-53.92594529452962,7,7
Every hat is there crumpling.,There is every hat crumpling.,semantics,quantifiers,existential_there_quantifiers_2,True,False,False,False,147,1.5597971552561605,1.5012042002605606,0.05859295499559991,1,-51.486722111701965,-51.5704288482666,-63.96509935375125,-63.580062450351086,8,8
Each book was there scaring some student.,There was each book scaring some student.,semantics,quantifiers,existential_there_quantifiers_2,True,False,False,False,148,1.767561795095402,1.4424780672759014,0.32508372781950046,1,-57.185614347457886,-58.796250343322754,-73.0936705033165,-71.77855294880587,9,9
All projectors were there aggravating Monet.,There were all projectors aggravating Monet.,semantics,quantifiers,existential_there_quantifiers_2,True,False,False,False,149,1.3853914529255262,1.7371842512963667,-0.35179279837084043,0,-75.67950391769409,-71.7754294872284,-89.53341844694936,-89.14727200019206,10,10
Most governments were there conspiring.,There were most governments conspiring.,semantics,quantifiers,existential_there_quantifiers_2,True,False,False,False,150,0.8927096330384678,1.8604118475864944,-0.9677022145480265,0,-48.38929772377014,-41.776503801345825,-53.74555552200095,-52.93897488686479,6,6
Every art gallery isn't there impressing Jesus.,There isn't every art gallery impressing Jesus.,semantics,quantifiers,existential_there_quantifiers_2,True,False,False,False,151,2.233581822276173,1.8566607473489256,0.37692107492724736,1,-67.4597760848701,-70.84394993074238,-89.79559430763183,-89.41055740423164,10,10
Every school was there profiting.,There was every school profiting.,semantics,quantifiers,existential_there_quantifiers_2,True,False,False,False,152,1.9059637321470808,2.143763348549334,-0.23779961640225333,0,-43.81037139892578,-41.76073718070984,-57.15211752395535,-56.76708062055518,7,7
All photographs are there stunning William.,There are all photographs stunning William.,semantics,quantifiers,existential_there_quantifiers_2,True,False,False,False,153,1.0432317753101046,1.113577974542616,-0.0703461992325114,0,-52.4980046749115,-51.61943483352661,-59.80062710208223,-59.41448065532492,7,7
Each grandfather of Julia isn't there considering Marla to praise Nicole.,There isn't each grandfather of Julia considering Marla to praise Nicole.,semantics,quantifiers,existential_there_quantifiers_2,True,False,False,False,154,1.6812602211196048,1.5394224945226844,0.1418377265969204,1,-97.77058083564043,-98.44119145348668,-121.3082239313149,-119.99310637680426,14,14
Each cart wasn't there slowing.,There wasn't each cart slowing.,semantics,quantifiers,existential_there_quantifiers_2,True,False,False,False,155,1.2028243173928206,1.5916781986674795,-0.3888538812746589,0,-51.434154599905014,-47.39705987647176,-59.85392482165476,-58.538807267144115,7,7
All cups weren't there disappearing.,There weren't all cups disappearing.,semantics,quantifiers,existential_there_quantifiers_2,True,False,False,False,156,1.8571824522692921,2.0133015176189053,-0.15611906534961317,0,-43.8318816870451,-42.35290178284049,-56.83215885293014,-56.44601240617283,7,7
All restaurants weren't there embarrassing every school.,There weren't all restaurants embarrassing every school.,semantics,quantifiers,existential_there_quantifiers_2,True,False,False,False,157,1.5064598315779025,1.4022617737450516,0.10419805783285097,1,-61.110611306503415,-61.66224738024175,-74.66874979070454,-74.28260334394722,9,9
Each grandmother of Sarah is there wanting to depart.,There is each grandmother of Sarah wanting to depart.,semantics,quantifiers,existential_there_quantifiers_2,True,False,False,False,158,1.6285162336067145,2.002084400235691,-0.3735681666289763,0,-64.53399935364723,-59.48320013284683,-80.81916168971438,-79.50404413520374,10,10
Each painting was there stunning Diana.,There was each painting stunning Diana.,semantics,quantifiers,existential_there_quantifiers_2,True,False,False,False,159,0.5129331383032384,0.6730619422596027,-0.1601288039563643,0,-58.48149347305298,-56.04547429084778,-62.07202544117565,-60.756907886665,7,7
Every photograph of most closets is there appearing.,There is every photograph of most closets appearing.,semantics,quantifiers,existential_there_quantifiers_2,True,False,False,False,160,2.0595833583203076,2.5815377678223626,-0.521954409502055,0,-65.07216691970825,-59.46758592128754,-85.66800050291133,-85.28296359951116,10,10
Each dancer was there researching the painting.,There was each dancer researching the painting.,semantics,quantifiers,existential_there_quantifiers_2,True,False,False,False,161,1.3535007676004618,1.723444779188732,-0.36994401158827017,0,-56.17422950267792,-51.89955985546112,-67.00223564348161,-65.68711808897098,8,8
Most banks weren't there finding out who disappear.,There weren't most banks finding out who disappear.,semantics,quantifiers,existential_there_quantifiers_2,True,False,False,False,162,1.8765245113832407,1.917424429390516,-0.04089991800727533,0,-63.88268926553428,-62.66710945032537,-82.64793437936669,-81.84135374423053,10,10
Each guest was there grinning.,There was each guest grinning.,semantics,quantifiers,existential_there_quantifiers_2,True,False,False,False,163,1.3293378483347833,1.324972093438215,0.004365754896568319,1,-42.2614551782608,-40.97253215312958,-50.2374822682695,-48.92236471375887,6,6
All scarves weren't there warping.,There weren't all scarves warping.,semantics,quantifiers,existential_there_quantifiers_2,True,False,False,False,164,1.8864500297188505,2.1489701935487724,-0.26252016382992194,0,-59.277368135750294,-56.52854021452367,-76.25541840321995,-75.86927195646263,9,9
Every girl is there cooking.,There is every girl cooking.,semantics,quantifiers,existential_there_quantifiers_2,True,False,False,False,165,1.4939186579306802,1.988968658118278,-0.4950500001875977,0,-35.051799058914185,-31.696462154388428,-44.015311006498266,-43.630274103098095,6,6
Every photograph of some candles was there scaring Benjamin.,There was every photograph of some candles scaring Benjamin.,semantics,quantifiers,existential_there_quantifiers_2,True,False,False,False,166,1.8040220982578086,2.2305922141257937,-0.4265701158679851,0,-73.2993369102478,-68.2220287322998,-93.1435799910837,-92.75854308768353,11,11
Every boy isn't there looking like the photographs.,There isn't every boy looking like the photographs.,semantics,quantifiers,existential_there_quantifiers_2,True,False,False,False,167,2.1386504515067655,2.279713629375098,-0.14106317786833245,0,-50.5146034732461,-48.71893479116261,-71.90110798831375,-71.51607108491359,10,10
Each truck was there embarrassing Martha.,There was each truck embarrassing Martha.,semantics,quantifiers,existential_there_quantifiers_2,True,False,False,False,168,0.053154824362852286,-0.13142852688664522,0.1845833512494975,1,-59.847151041030884,-59.824116945266724,-60.21923481157085,-58.90411725706021,7,7
Each door is there embarrassing Samuel.,There is each door embarrassing Samuel.,semantics,quantifiers,existential_there_quantifiers_2,True,False,False,False,169,0.8073017580990042,0.5472307250519352,0.260071033047069,1,-53.15300226211548,-53.658381938934326,-58.80411456880851,-57.48899701429787,7,7
All photographs weren't there boring Phillip.,There weren't all photographs boring Phillip.,semantics,quantifiers,existential_there_quantifiers_2,True,False,False,False,170,1.9727824356325847,1.8688994739505027,0.103882961682082,1,-54.06502215564251,-54.50993940234184,-69.84728164070319,-69.46113519394586,8,8
All movies about the Borgias weren't there winning.,There weren't all movies about the Borgias winning.,semantics,quantifiers,existential_there_quantifiers_2,True,False,False,False,171,1.6900207635495819,2.117276777064198,-0.42725601351461595,0,-71.03023936599493,-65.94427677057683,-89.62046776504033,-89.23432131828301,11,11
Most steps weren't there worrying George.,There weren't most steps worrying George.,semantics,quantifiers,existential_there_quantifiers_2,True,False,False,False,172,1.5145039162520995,1.5812185618047607,-0.06671464555266127,0,-55.674428176134825,-54.33413037657738,-67.79045950615162,-66.98387887101546,8,8
Most art galleries were there annoying Kristen.,There were most art galleries annoying Kristen.,semantics,quantifiers,existential_there_quantifiers_2,True,False,False,False,173,0.8425160090341031,1.3028296455673,-0.460313636533197,0,-69.1260256767273,-64.63693594932556,-75.86615374900012,-75.05957311386396,8,8
Each eye isn't there boring the Clintons.,There isn't each eye boring the Clintons.,semantics,quantifiers,existential_there_quantifiers_2,True,False,False,False,174,1.3925594470556841,1.0811930885161114,0.31136635853957273,1,-64.09088752791286,-65.57806720025837,-76.62392255141401,-75.30880499690338,9,9
Most banks weren't there continuing to bore Travis.,There weren't most banks continuing to bore Travis.,semantics,quantifiers,existential_there_quantifiers_2,True,False,False,False,175,1.2808249960315492,1.1938153967506167,0.08700959928093255,1,-75.26406886987388,-75.32758422754705,-88.07231883018937,-87.26573819505322,10,10
All chairs aren't there irritating Sandra.,There aren't all chairs irritating Sandra.,semantics,quantifiers,existential_there_quantifiers_2,True,False,False,False,176,2.2481992862850717,1.8229038452144621,0.42529544107060957,1,-51.57590825948864,-54.592125341296196,-69.56150254976922,-69.1753561030119,8,8
Most snakes are there disappearing.,There are most snakes disappearing.,semantics,quantifiers,existential_there_quantifiers_2,True,False,False,False,177,1.7039163511327402,2.216462140045747,-0.5125457889130067,0,-40.49225473403931,-36.61039936542511,-50.71575284083575,-49.90917220569959,6,6
Each nose was there existing.,There was each nose existing.,semantics,quantifiers,existential_there_quantifiers_2,True,False,False,False,178,0.48048643235766875,0.6325617699522491,-0.15207533759458036,0,-44.847543239593506,-42.61997365951538,-47.73046183373952,-46.415344279228876,6,6
All hamsters were there finding every patient.,There were all hamsters finding every patient.,semantics,quantifiers,existential_there_quantifiers_2,True,False,False,False,179,1.9820869242675359,2.552945294565818,-0.5708583702982823,0,-59.22569513320923,-53.701823353767395,-77.06447745161705,-76.67833100485976,9,9
All plays aren't there disgusting actors.,There aren't all plays disgusting actors.,semantics,quantifiers,existential_there_quantifiers_2,True,False,False,False,180,1.4802085538596472,2.038905447709954,-0.558696893850307,0,-54.043505121953785,-49.187783524394035,-65.88517355283096,-65.49902710607367,8,8
All cats weren't there irritating Lawrence.,There weren't all cats irritating Lawrence.,semantics,quantifiers,existential_there_quantifiers_2,True,False,False,False,181,1.360366322137729,1.6286429052998272,-0.26827658316209835,0,-58.11418541148305,-55.58182629942894,-68.99711598858488,-68.61096954182756,8,8
Each cafe isn't there shocking Sandra.,There isn't each cafe shocking Sandra.,semantics,quantifiers,existential_there_quantifiers_2,True,False,False,False,182,1.5504391794873875,1.2386957482570011,0.3117434312303864,1,-60.80584410019219,-61.984673995524645,-73.20935753609129,-71.89423998158065,8,8
Most legislatures were there needing a lot of doors to shut.,There were most legislatures needing a lot of doors to shut.,semantics,quantifiers,existential_there_quantifiers_2,True,False,False,False,183,1.8880613126683368,2.0279271231565184,-0.13986581048818159,0,-74.23552060127258,-71.75055024027824,-96.89225635329262,-96.08567571815647,12,12
Most pies are there shocking Brett.,There are most pies shocking Brett.,semantics,quantifiers,existential_there_quantifiers_2,True,False,False,False,184,1.0793510593178115,1.1276731277953707,-0.048322068477559155,0,-56.865926861763,-55.721091747283936,-64.42138427698768,-63.61480364185153,7,7
Most wheelbarrows weren't there disturbing Brenda.,There weren't most wheelbarrows disturbing Brenda.,semantics,quantifiers,existential_there_quantifiers_2,True,False,False,False,185,1.9461776358652743,2.010887266438985,-0.06470963057371071,0,-73.13745077699423,-71.68377383612096,-92.59922713564697,-91.79264650051081,10,10
Most mouths aren't there confusing a lot of dancers.,There aren't most mouths confusing a lot of dancers.,semantics,quantifiers,existential_there_quantifiers_2,True,False,False,False,186,2.4110522079479866,2.002075217356068,0.4089769905919187,1,-62.78195738233626,-66.47412364371121,-89.30353166976411,-88.49695103462795,11,11
Every guy isn't there yelling.,There isn't every guy yelling.,semantics,quantifiers,existential_there_quantifiers_2,True,False,False,False,187,2.1602254882394485,2.3280259537098655,-0.16780046547041705,0,-39.34966183826327,-37.79002167657018,-54.47124025593941,-54.086203352539236,7,7
Every committee was there describing many waitresses.,There was every committee describing many waitresses.,semantics,quantifiers,existential_there_quantifiers_2,True,False,False,False,188,0.742686766203453,1.178704164929627,-0.43601739872617407,0,-71.43356096744537,-67.12436747550964,-78.11774186327645,-77.73270495987629,9,9
All ladies are there noticing some senator.,There are all ladies noticing some senator.,semantics,quantifiers,existential_there_quantifiers_2,True,False,False,False,189,1.2352620152368772,1.5569273145863072,-0.32166529934943,0,-56.55695915222168,-53.597490310668945,-66.4390552741167,-66.0529088273594,8,8
Most rugs were there looking like some drawing.,There were most rugs looking like some drawing.,semantics,quantifiers,existential_there_quantifiers_2,True,False,False,False,190,2.6191395427040645,2.692699008487324,-0.07355946578325945,0,-53.063493490219116,-51.521318197250366,-79.25488891725976,-78.4483082821236,10,10
Every nose was there alarming Jennifer.,There was every nose alarming Jennifer.,semantics,quantifiers,existential_there_quantifiers_2,True,False,False,False,191,0.25747658727456624,0.483138620352933,-0.22566203307836674,0,-58.336976766586304,-56.37230563163757,-60.13931287750827,-59.754275974108104,7,7
All drawings of every box were there existing.,There were all drawings of every box existing.,semantics,quantifiers,existential_there_quantifiers_2,True,False,False,False,192,1.0986730446288453,1.652279870398587,-0.5536068257697417,0,-60.51024413108826,-55.14163625240326,-70.39830153274787,-70.01215508599054,9,9
Every bike isn't there distracting women.,There isn't every bike distracting women.,semantics,quantifiers,existential_there_quantifiers_2,True,False,False,False,193,1.507746230556215,1.5486147033339641,-0.040868472777749076,0,-55.17237825226039,-54.46039356663823,-67.23434809671011,-66.84931119330994,8,8
Every unicycle isn't there impressing Sabrina.,There isn't every unicycle impressing Sabrina.,semantics,quantifiers,existential_there_quantifiers_2,True,False,False,False,194,2.1107726266734876,2.08625616991605,0.024516456757437854,1,-80.98923592455685,-80.87388004548848,-104.20773481796522,-103.82269791456503,11,11
Each mirror wasn't there wasting away.,There wasn't each mirror wasting away.,semantics,quantifiers,existential_there_quantifiers_2,True,False,False,False,195,1.5876358269061122,1.5523379716655086,0.03529785524060358,1,-53.06815820001066,-52.03542348742485,-65.76924481525955,-64.45412726074892,8,8
Every convertible wasn't there boring Chad.,There wasn't every convertible boring Chad.,semantics,quantifiers,existential_there_quantifiers_2,True,False,False,False,196,1.6156241155074902,1.3295382790387364,0.28608583646875374,1,-59.266854990273714,-61.17050477862358,-72.19184791433364,-71.80681101093347,8,8
All governments are there seeming to hug.,There are all governments seeming to hug.,semantics,quantifiers,existential_there_quantifiers_2,True,False,False,False,197,0.9184178866623611,1.4360177741013738,-0.5175998874390126,0,-56.93461047112942,-52.40766492486,-64.2819535644283,-63.89580711767099,8,8
Most associations are there prompting Irene to perform.,There are most associations prompting Irene to perform.,semantics,quantifiers,existential_there_quantifiers_2,True,False,False,False,198,2.268261850953505,2.53219015385491,-0.26392830290140523,0,-67.76060789823532,-64.31474423408508,-90.44322640777037,-89.63664577263418,10,10
All organizations weren't there failing to help Melanie.,There weren't all organizations failing to help Melanie.,semantics,quantifiers,existential_there_quantifiers_2,True,False,False,False,199,2.2521045274873304,2.1271391248103924,0.12496540267693801,1,-60.89798439480364,-61.761491974815726,-83.41902966967695,-83.03288322291965,10,10
All dresses were there shrinking.,There were all dresses shrinking.,semantics,quantifiers,existential_there_quantifiers_2,True,False,False,False,200,0.9547786017708167,1.4497333234513003,-0.4949547216804836,0,-43.99832606315613,-40.64245128631592,-49.72699767378103,-49.34085122702372,6,6
Most lamps are there disgusting some legislature.,There are most lamps disgusting some legislature.,semantics,quantifiers,existential_there_quantifiers_2,True,False,False,False,201,0.35687872234169404,0.24903447737655426,0.10784424496513978,1,-67.71820259094238,-67.77437591552734,-70.57323236967594,-69.76665173453978,8,8
Each grandmother of Frank was there hiding an actress.,There was each grandmother of Frank hiding an actress.,semantics,quantifiers,existential_there_quantifiers_2,True,False,False,False,202,0.9340582213179033,1.1100982551505894,-0.17604003383268607,0,-70.03663563728333,-66.9611177444458,-79.37721785046236,-78.0621002959517,10,10
All carts are there tipping over.,There are all carts tipping over.,semantics,quantifiers,existential_there_quantifiers_2,True,False,False,False,203,1.5596656710365429,2.191453887824291,-0.6317882167877482,0,-46.849992871284485,-42.04132890701294,-57.767652568540285,-57.38150612178298,7,7
Each shawl was there impressing Stacey.,There was each shawl impressing Stacey.,semantics,quantifiers,existential_there_quantifiers_2,True,False,False,False,204,2.5167437842324034,2.180182151656541,0.33656163257586247,1,-70.64329814910889,-73.03035855293274,-98.32747977566532,-97.01236222115469,11,11
Most gates weren't there looking like most photographs.,There weren't most gates looking like most photographs.,semantics,quantifiers,existential_there_quantifiers_2,True,False,False,False,205,2.5108791627261184,2.375306234873565,0.13557292785255326,1,-56.96047496423125,-57.5096236076206,-82.06926659149244,-81.26268595635625,10,10
All planes were there tipping over.,There were all planes tipping over.,semantics,quantifiers,existential_there_quantifiers_2,True,False,False,False,206,1.7060602153380902,2.4581055202420754,-0.7520453049039852,0,-44.6487717628479,-38.998308181762695,-56.59119327021453,-56.205046823457224,7,7
All teenagers are there exploring most glaciers.,There are all teenagers exploring most glaciers.,semantics,quantifiers,existential_there_quantifiers_2,True,False,False,False,207,1.6188254402990658,2.2232694050718855,-0.6044439647728197,0,-59.14374577999115,-53.92204761505127,-72.09434930238368,-71.70820285562635,8,8
Most commentaries aren't there distracting some patients.,There aren't most commentaries distracting some patients.,semantics,quantifiers,existential_there_quantifiers_2,True,False,False,False,208,1.7912528093574764,1.559339661642167,0.23191314771530935,1,-71.77494577132165,-73.28749661333859,-89.68747386489642,-88.88089322976026,10,10
Most scarves aren't there folding.,There aren't most scarves folding.,semantics,quantifiers,existential_there_quantifiers_2,True,False,False,False,209,1.8783096094160499,1.8121352649799967,0.06617434443605319,1,-55.01933468133211,-54.74214880168438,-70.04581155666051,-69.23923092152435,8,8
Most coats aren't there appearing.,There aren't most coats appearing.,semantics,quantifiers,existential_there_quantifiers_2,True,False,False,False,210,1.9905680168158173,1.640292418033546,0.3502755987822712,1,-44.796977082267404,-46.442325638607144,-58.730953199978124,-57.92437256484197,7,7
Each grandson of Liam is there learning.,There is each grandson of Liam learning.,semantics,quantifiers,existential_there_quantifiers_2,True,False,False,False,211,1.1900162524475526,1.404794070192935,-0.2147778177453823,0,-57.72661077976227,-54.693270683288574,-67.24674079934269,-65.93162324483205,8,8
Most shows about art are there scaring Samuel.,There are most shows about art scaring Samuel.,semantics,quantifiers,existential_there_quantifiers_2,True,False,False,False,212,1.12364950400555,1.6682512094547945,-0.5446017054492445,0,-74.56284165382385,-68.31024396419525,-85.79933669387935,-84.9927560587432,10,10
All fathers of Scott are there hiding away.,There are all fathers of Scott hiding away.,semantics,quantifiers,existential_there_quantifiers_2,True,False,False,False,213,1.3187874777283766,1.704182075146949,-0.3853945974185724,0,-57.53836703300476,-53.683669209480286,-69.40745433256015,-69.02130788580283,9,9
Most books aren't there stunning Elaine.,There aren't most books stunning Elaine.,semantics,quantifiers,existential_there_quantifiers_2,True,False,False,False,214,1.809981460824659,1.3872917959050106,0.4226896649196483,1,-55.74434529617429,-58.31928198039532,-70.22419698277156,-69.4176163476354,8,8
Each painting of Alexander is there disgusting Nancy.,There is each painting of Alexander disgusting Nancy.,semantics,quantifiers,existential_there_quantifiers_2,True,False,False,False,215,0.3539457899960357,0.689126050883336,-0.3351802608873003,0,-72.87085628509521,-68.53911638259888,-76.05636839505954,-74.7412508405489,9,9
Most ladies weren't there thinking about this hair.,There weren't most ladies thinking about this hair.,semantics,quantifiers,existential_there_quantifiers_2,True,False,False,False,216,2.3635513926076586,2.2355301968556516,0.128021195752007,1,-52.97025158070028,-53.44388290308416,-76.60576550677686,-75.79918487164068,10,10
Most eyes weren't there hurting Timothy.,There weren't most eyes hurting Timothy.,semantics,quantifiers,existential_there_quantifiers_2,True,False,False,False,217,1.9336232337894295,1.598297444340833,0.33532578944859637,1,-52.97100266441703,-54.847028344869614,-68.43998853473246,-67.63340789959628,8,8
All cars are there looking like paintings.,There are all cars looking like paintings.,semantics,quantifiers,existential_there_quantifiers_2,True,False,False,False,218,2.065395040869043,2.3994025995063053,-0.3340075586372624,0,-43.93907904624939,-40.88087213039398,-60.46223937320173,-60.076092926444424,8,8
Most pants were there stretching.,There were most pants stretching.,semantics,quantifiers,existential_there_quantifiers_2,True,False,False,False,219,0.8244943973787819,1.1630720897176399,-0.3385776923388579,0,-44.63612222671509,-41.798075437545776,-49.58308861098778,-48.776507975851615,6,6
Every play about the Great Lakes isn't there impressing Elaine.,There isn't every play about the Great Lakes impressing Elaine.,semantics,quantifiers,existential_there_quantifiers_2,True,False,False,False,220,2.043857954656162,1.9761584002824248,0.06769955437373731,1,-84.60545247793198,-85.10050978139043,-111.17560588846209,-110.79056898506195,13,13
Most rugs were there hurting Andrew.,There were most rugs hurting Andrew.,semantics,quantifiers,existential_there_quantifiers_2,True,False,False,False,221,1.7311344305464722,2.16474301065076,-0.4336085801042877,0,-56.67736291885376,-52.4019136428833,-70.52643836322554,-69.71985772808938,8,8
Most slopes were there astounding Mary.,There were most slopes astounding Mary.,semantics,quantifiers,existential_there_quantifiers_2,True,False,False,False,222,0.16451961638621324,0.5687039447285775,-0.4041843283423643,0,-62.35011601448059,-58.714245080947876,-63.50175332918408,-62.69517269404792,7,7
Most pedestrians weren't there meeting.,There weren't most pedestrians meeting.,semantics,quantifiers,existential_there_quantifiers_2,True,False,False,False,223,1.6187129682647676,2.0243662043827553,-0.40565323611798765,0,-48.20290235988796,-44.55674907192588,-59.53389313774133,-58.727312502605166,7,7
Every hamster wasn't there falling.,There wasn't every hamster falling.,semantics,quantifiers,existential_there_quantifiers_2,True,False,False,False,224,1.8639729708439816,2.3980311706943347,-0.5340581998503531,0,-51.26959091424942,-46.61208841204643,-66.18137468100127,-65.79633777760111,8,8
Most candles weren't there boring Bruce.,There weren't most candles boring Bruce.,semantics,quantifiers,existential_there_quantifiers_2,True,False,False,False,225,1.8508256560761147,1.624884780323498,0.22594087575261668,1,-55.51413965411484,-56.51508602499962,-70.32074490272376,-69.5141642675876,8,8
Each senator is there astounding Grace.,There is each senator astounding Grace.,semantics,quantifiers,existential_there_quantifiers_2,True,False,False,False,226,0.48058405112148456,0.44026308183435453,0.040320969287130026,1,-61.044434785842896,-60.01156401634216,-64.40852314369329,-63.093405589182645,7,7
Every drawing wasn't there astounding the government.,There wasn't every drawing astounding the government.,semantics,quantifiers,existential_there_quantifiers_2,True,False,False,False,227,0.7589174278685991,0.9792603308563564,-0.22034290298775738,0,-64.81105977483094,-62.44293674454093,-71.64131662564833,-71.25627972224814,9,9
Every hat was there upsetting a government.,There was every hat upsetting a government.,semantics,quantifiers,existential_there_quantifiers_2,True,False,False,False,228,0.7176504277437816,0.7046649203723874,0.012985507371394256,1,-56.004517555236816,-55.7233647108078,-61.74572097718707,-61.3606840737869,8,8
Every horse wasn't there disappearing.,There wasn't every horse disappearing.,semantics,quantifiers,existential_there_quantifiers_2,True,False,False,False,229,1.7872480178273824,2.1010859948253398,-0.31383797699795735,0,-43.52429671958089,-40.942393977195024,-56.035032844372566,-55.6499959409724,7,7
Most ladders were there astounding Danielle.,There were most ladders astounding Danielle.,semantics,quantifiers,existential_there_quantifiers_2,True,False,False,False,230,1.3839528075732659,1.7781082090333733,-0.3941554014601074,0,-64.02218079566956,-60.06235694885254,-75.09380325625568,-74.28722262111953,8,8
Most friends of Omar weren't there reacting.,There weren't most friends of Omar reacting.,semantics,quantifiers,existential_there_quantifiers_2,True,False,False,False,231,0.8303019286843809,1.2042186804542514,-0.3739167517698705,0,-67.37946581095457,-63.20763440988958,-74.852183169114,-74.04560253397784,9,9
Every glacier is there existing.,There is every glacier existing.,semantics,quantifiers,existential_there_quantifiers_2,True,False,False,False,232,1.3531949108295862,1.4999130423686549,-0.14671813153906865,0,-42.61843299865723,-41.353087306022644,-50.737602463634744,-50.352565560234574,6,6
All doctors are there lifting every college campus.,There are all doctors lifting every college campus.,semantics,quantifiers,existential_there_quantifiers_2,True,False,False,False,233,1.3056018058139973,1.9617576281912017,-0.6561558223772044,0,-66.2065052986145,-59.91495645046234,-77.95692155094048,-77.57077510418316,9,9
Each museum was there selling these computers.,There was each museum selling these computers.,semantics,quantifiers,existential_there_quantifiers_2,True,False,False,False,234,1.7747570990279904,1.7742472164779244,0.0005098825500660098,1,-53.98542642593384,-52.67438793182373,-68.18348321815776,-66.86836566364713,8,8
Each museum wasn't there enticing some synopsis to disgust this doctor.,There wasn't each museum enticing some synopsis to disgust this doctor.,semantics,quantifiers,existential_there_quantifiers_2,True,False,False,False,235,0.8330503543774538,0.5445158551200328,0.28853449925742103,1,-105.39884864166379,-107.83467957749963,-116.22850324857069,-114.91338569406005,13,13
All fathers of Karla were there worrying.,There were all fathers of Karla worrying.,semantics,quantifiers,existential_there_quantifiers_2,True,False,False,False,236,1.281802232292086,1.3564532991193294,-0.07465106682724354,0,-63.90502667427063,-62.847020626068115,-75.4412467648994,-75.05510031814208,9,9
Every public park wasn't there embarrassing Veronica.,There wasn't every public park embarrassing Veronica.,semantics,quantifiers,existential_there_quantifiers_2,True,False,False,False,237,1.4890424680718328,1.4350068418271842,0.05403562624464864,1,-66.68087031692266,-66.78215404972434,-80.08225252956916,-79.697215626169,9,9
All cousins of Kathleen weren't there going to Spain.,There weren't all cousins of Kathleen going to Spain.,semantics,quantifiers,existential_there_quantifiers_2,True,False,False,False,238,1.828056972202107,1.7375522525742275,0.09050471962787943,1,-64.02856088615954,-64.63796635530889,-84.13718758038272,-83.75104113362539,11,11
All teenagers are there reacting.,There are all teenagers reacting.,semantics,quantifiers,existential_there_quantifiers_2,True,False,False,False,239,1.2162770073350337,1.792156736676701,-0.5758797293416673,0,-42.916404485702515,-39.0749796628952,-50.21406652971272,-49.82792008295541,6,6
Every fish was there upsetting Jennifer.,There was every fish upsetting Jennifer.,semantics,quantifiers,existential_there_quantifiers_2,True,False,False,False,240,0.5739986752658562,0.9229931236524942,-0.34899444838663796,0,-55.862831234931946,-53.03483319282532,-59.88082196179294,-59.49578505839278,7,7
Every lamp was there wasting away.,There was every lamp wasting away.,semantics,quantifiers,existential_there_quantifiers_2,True,False,False,False,241,1.0910087673048434,1.083035068277409,0.007973699027434389,1,-48.72258448600769,-48.39336347579956,-56.359645857141594,-55.97460895374142,7,7
Each patient was there speaking up.,There was each patient speaking up.,semantics,quantifiers,existential_there_quantifiers_2,True,False,False,False,242,0.42243402215176523,1.0056115948328446,-0.5831775726810793,0,-50.699424743652344,-45.302064180374146,-53.6564628987147,-52.34134534420406,7,7
Each restaurant isn't there alarming Chad.,There isn't each restaurant alarming Chad.,semantics,quantifiers,existential_there_quantifiers_2,True,False,False,False,243,0.7819429740182144,0.45922012204953333,0.3227228519686811,1,-65.29704270511866,-66.56370796635747,-71.55258649726437,-70.23746894275374,8,8
Each school is there discovering every lamp to brighten.,There is each school discovering every lamp to brighten.,semantics,quantifiers,existential_there_quantifiers_2,True,False,False,False,244,1.4014708789446244,1.1808658129192766,0.2206050660253478,1,-74.5917797088623,-75.7033178806305,-90.00795937725317,-88.69284182274254,11,11
All children were there begging a friend of Rose to kiss Janet.,There were all children begging a friend of Rose to kiss Janet.,semantics,quantifiers,existential_there_quantifiers_2,True,False,False,False,245,1.5137736017047592,2.1149269371619757,-0.6011533354572165,0,-80.60556995868683,-72.40443015098572,-100.2846267808487,-99.8984803340914,13,13
Every cup isn't there bothering Gerald.,There isn't every cup bothering Gerald.,semantics,quantifiers,existential_there_quantifiers_2,True,False,False,False,246,1.5820623089104036,1.5433328608102919,0.038729448100111696,1,-54.04068333376199,-53.965482015162706,-66.69718180504522,-66.31214490164504,8,8
Every lake wasn't there confusing Holly.,There wasn't every lake confusing Holly.,semantics,quantifiers,existential_there_quantifiers_2,True,False,False,False,247,1.334279134734956,1.170424303491533,0.16385483124342315,1,-58.715481378138065,-59.64128312468529,-69.38971445601771,-69.00467755261755,8,8
All pies are there blackening.,There are all pies blackening.,semantics,quantifiers,existential_there_quantifiers_2,True,False,False,False,248,1.013699286814224,1.3471671420558633,-0.33346785524163924,0,-48.659252882003784,-45.93883144855499,-55.75514788970335,-55.369001442946036,7,7
Every plate wasn't there hurting Veronica.,There wasn't every plate hurting Veronica.,semantics,quantifiers,existential_there_quantifiers_2,True,False,False,False,249,1.5636691144855064,1.8837167331945217,-0.3200476187090153,0,-56.76333290524781,-53.81791505217552,-69.27268582113186,-68.8876489177317,8,8
Every bird is there finding some water.,There is every bird finding some water.,semantics,quantifiers,existential_there_quantifiers_2,True,False,False,False,250,1.8875505589309354,1.7611027971545203,0.12644776177641504,1,-45.11695671081543,-45.74350190162659,-60.21736118226291,-59.83232427886275,8,8
Most girls are there figuring out who could tour the cafes.,There are most girls figuring out who could tour the cafes.,semantics,quantifiers,existential_there_quantifiers_2,True,False,False,False,251,2.268567969537145,2.317826382767045,-0.0492584132299001,0,-72.19377410411835,-70.79609251022339,-99.41658973856408,-98.61000910342793,12,12
Most actors are there wearing glasses.,There are most actors wearing glasses.,semantics,quantifiers,existential_there_quantifiers_2,True,False,False,False,252,2.6082997744590983,2.7684947884497006,-0.16019501399060232,0,-40.776814699172974,-38.8488689661026,-59.03491312038666,-58.228332485250505,7,7
Most peppers were there going bad.,There were most peppers going bad.,semantics,quantifiers,existential_there_quantifiers_2,True,False,False,False,253,0.6763817198284882,1.1345841709801263,-0.45820245115163816,0,-50.841472864151,-46.82747507095337,-55.57614490295042,-54.76956426781425,7,7
Each photograph was there stunning Amelia.,There was each photograph stunning Amelia.,semantics,quantifiers,existential_there_quantifiers_2,True,False,False,False,254,1.168432405912861,0.9039686808448317,0.2644637250680293,1,-56.67089319229126,-57.207021713256836,-64.84992003368129,-63.53480247917066,7,7
All waiters weren't there alarming Nina.,There weren't all waiters alarming Nina.,semantics,quantifiers,existential_there_quantifiers_2,True,False,False,False,255,1.0240714659470376,0.9595200694371644,0.06455139650987318,1,-66.25972230359912,-66.45453842543066,-75.47636549712246,-75.09021905036514,9,9
Most men are there boring guys.,There are most men boring guys.,semantics,quantifiers,existential_there_quantifiers_2,True,False,False,False,256,2.1336346566512097,1.9737474659593255,0.15988719069188417,1,-40.49423348903656,-40.80686318874359,-55.42967608559503,-54.62309545045887,7,7
Every committee was there succeeding.,There was every committee succeeding.,semantics,quantifiers,existential_there_quantifiers_2,True,False,False,False,257,0.8319192376498078,1.6724187649421,-0.8404995272922923,0,-44.77640247344971,-39.348368406295776,-49.767917899348554,-49.382880995948376,6,6
Each book is there annoying Tanya.,There is each book annoying Tanya.,semantics,quantifiers,existential_there_quantifiers_2,True,False,False,False,258,1.8372460310806495,1.929334422880748,-0.09208839180009853,0,-52.506019711494446,-50.45419502258301,-67.20398796013964,-65.88887040562899,8,8
All icicles aren't there disappearing.,There aren't all icicles disappearing.,semantics,quantifiers,existential_there_quantifiers_2,True,False,False,False,259,2.8610374097332247,2.8661761820317686,-0.00513877229854387,0,-47.89139291271567,-47.46413628757,-70.77969219058147,-70.39354574382415,8,8
All windows aren't there distracting Kristin.,There aren't all windows distracting Kristin.,semantics,quantifiers,existential_there_quantifiers_2,True,False,False,False,260,2.162018010472865,1.8270231788255211,0.3349948316473439,1,-57.77781422622502,-60.40662126429379,-77.2359763204808,-76.84982987372348,9,9
Most trucks weren't there accelerating.,There weren't most trucks accelerating.,semantics,quantifiers,existential_there_quantifiers_2,True,False,False,False,261,2.1971191736083813,1.9758616527190267,0.22125752088935458,1,-45.62609579786658,-46.36831780895591,-61.00593001312525,-60.199349377989094,7,7
All grandsons of Aaron were there disappearing.,There were all grandsons of Aaron disappearing.,semantics,quantifiers,existential_there_quantifiers_2,True,False,False,False,262,1.433636153510656,1.6757174121361629,-0.24208125862550678,0,-70.37207007408142,-67.56511104106903,-84.70843160918798,-84.32228516243066,10,10
Most senators weren't there fighting.,There weren't most senators fighting.,semantics,quantifiers,existential_there_quantifiers_2,True,False,False,False,263,2.1392125456490976,1.9926860202700476,0.14652652537904998,1,-44.11182348802686,-44.33092853054404,-59.08631130757054,-58.279730672434376,7,7
Every book about Harvard University was there confusing that cashier.,There was every book about Harvard University confusing that cashier.,semantics,quantifiers,existential_there_quantifiers_2,True,False,False,False,264,2.009892484417847,1.9561809344984222,0.05371154991942473,1,-76.17089748382568,-76.43039917945862,-100.28960729683985,-99.90457039343968,12,12
All teenagers weren't there considering Julia to sing.,There weren't all teenagers considering Julia to sing.,semantics,quantifiers,existential_there_quantifiers_2,True,False,False,False,265,1.6575588696400387,1.9629376500541724,-0.3053787804141337,0,-66.74898381810635,-63.309049567207694,-83.32457251450674,-82.93842606774942,10,10
Each cake isn't there distracting every teenager.,There isn't each cake distracting every teenager.,semantics,quantifiers,existential_there_quantifiers_2,True,False,False,False,266,1.4164879403202708,1.41263996630356,0.0038479740167107757,1,-66.55542569980025,-65.27493991144001,-79.30381716268269,-77.98869960817206,9,9
Each library isn't there hurting Michael.,There isn't each library hurting Michael.,semantics,quantifiers,existential_there_quantifiers_2,True,False,False,False,267,1.6036465594621205,1.4137601368956716,0.18988642256644894,1,-54.44205089658499,-54.646024722605944,-67.27122337228195,-65.95610581777132,8,8
Every grandfather of Deborah wasn't there encouraging Katherine to drink.,There wasn't every grandfather of Deborah encouraging Katherine to drink.,semantics,quantifiers,existential_there_quantifiers_2,True,False,False,False,268,1.49535229348074,1.4247081474192196,0.07064414606152036,1,-83.38039074093103,-83.84308359026909,-101.32461826269991,-100.93958135929972,12,12
Most bananas were there charring.,There were most bananas charring.,semantics,quantifiers,existential_there_quantifiers_2,True,False,False,False,269,1.1554431617089744,1.3788857030945525,-0.22344254138557806,0,-52.391170263290405,-50.0204918384552,-60.479272395253226,-59.67269176011707,7,7
All reports are there scaring Roger.,There are all reports scaring Roger.,semantics,quantifiers,existential_there_quantifiers_2,True,False,False,False,270,1.8852456018100519,2.356833435982896,-0.4715878341728441,0,-51.99564731121063,-47.83679819107056,-67.07761212569105,-66.69146567893372,8,8
Each college campus is there appearing.,There is each college campus appearing.,semantics,quantifiers,existential_there_quantifiers_2,True,False,False,False,271,1.2896184160778918,1.244312710348197,0.045305705729694834,1,-51.74849832057953,-50.75052070617676,-60.77582723312477,-59.46070967861414,7,7
All shows about the Impressionists are there upsetting Thomas.,There are all shows about the Impressionists upsetting Thomas.,semantics,quantifiers,existential_there_quantifiers_2,True,False,False,False,272,2.0028465829124094,2.3624483073339917,-0.35960172442158234,0,-79.69157028198242,-74.99020314216614,-103.72572927693133,-103.33958283017404,12,12
Each muffin wasn't there blackening.,There wasn't each muffin blackening.,semantics,quantifiers,existential_there_quantifiers_2,True,False,False,False,273,1.761349489302006,2.3393481322405623,-0.5779986429385562,0,-57.84608539566398,-51.328980054706335,-73.69823079938203,-72.3831132448714,9,9
Every popsicle isn't there worrying every man.,There isn't every popsicle worrying every man.,semantics,quantifiers,existential_there_quantifiers_2,True,False,False,False,274,1.8050066482461802,2.0417978176135194,-0.23679116936733924,0,-67.31150672025979,-64.55855812318623,-85.36157320272159,-84.97653629932142,10,10
Each play about the Lutherans isn't there bothering Deanna.,There isn't each play about the Lutherans bothering Deanna.,semantics,quantifiers,existential_there_quantifiers_2,True,False,False,False,275,0.8706355348914158,1.161199888128583,-0.2905643532371672,0,-96.15099403262138,-91.05853988602757,-107.46925598620979,-106.15413843169915,13,13
Each casserole was there existing.,There was each casserole existing.,semantics,quantifiers,existential_there_quantifiers_2,True,False,False,False,276,2.070988706522172,2.455235403967258,-0.38424669744508577,0,-54.166513442993164,-49.777422308921814,-70.73442309517054,-69.41930554065988,8,8
Each mirror wasn't there confusing that dancer.,There wasn't each mirror confusing that dancer.,semantics,quantifiers,existential_there_quantifiers_2,True,False,False,False,277,1.3523074983912313,1.31554707673985,0.03676042165138127,1,-63.40475385822356,-62.420480098575354,-75.57552134374464,-74.260403789234,9,9
All eyes were there impressing girls.,There were all eyes impressing girls.,semantics,quantifiers,existential_there_quantifiers_2,True,False,False,False,278,1.782468807566957,2.3376091214837587,-0.5551403139168016,0,-50.629547357559204,-45.80227839946747,-64.88929781809486,-64.50315137133754,8,8
Most pants weren't there twisting.,There weren't most pants twisting.,semantics,quantifiers,existential_there_quantifiers_2,True,False,False,False,279,1.4742986436534085,1.3626118394048317,0.1116868042485768,1,-48.661743491888046,-48.63697048649192,-58.981833997461905,-58.17525336232574,7,7
Every shawl is there flattening.,There is every shawl flattening.,semantics,quantifiers,existential_there_quantifiers_2,True,False,False,False,280,2.1720658439929346,2.8600060355776566,-0.6879401915847221,0,-57.1859028339386,-50.60940420627594,-76.73449542987501,-76.34945852647485,9,9
Most essays aren't there upsetting every company.,There aren't most essays upsetting every company.,semantics,quantifiers,existential_there_quantifiers_2,True,False,False,False,281,1.8659597323836674,1.8599481754074847,0.006011556976182719,1,-61.97751650866121,-61.2250398863107,-78.77115410011422,-77.96457346497806,9,9
All grocery stores are there disgusting Melanie.,There are all grocery stores disgusting Melanie.,semantics,quantifiers,existential_there_quantifiers_2,True,False,False,False,282,1.8140915765055752,1.6271055596890776,0.18698601681649762,1,-58.233506083488464,-59.34324777126312,-72.74623869553307,-72.36009224877574,8,8
Most windows were there worrying the Impressionists.,There were most windows worrying the Impressionists.,semantics,quantifiers,existential_there_quantifiers_2,True,False,False,False,283,2.5806484825950746,2.883718422583351,-0.30306993998827636,0,-64.46475267410278,-60.62747263908386,-90.27123750005353,-89.46465686491737,10,10
All cousins of Noah are there profiting.,There are all cousins of Noah profiting.,semantics,quantifiers,existential_there_quantifiers_2,True,False,False,False,284,1.7436572262441876,2.3068466775089953,-0.5631894512648077,0,-60.64326000213623,-55.18840849399567,-76.33617503833392,-75.95002859157663,9,9
Most pictures are there vanishing.,There are most pictures vanishing.,semantics,quantifiers,existential_there_quantifiers_2,True,False,False,False,285,1.7411540746494747,1.820394560306763,-0.07924048565728836,0,-39.72846484184265,-38.446441292762756,-50.1753892897395,-49.368808654603335,6,6
Most cakes are there blackening.,There are most cakes blackening.,semantics,quantifiers,existential_there_quantifiers_2,True,False,False,False,286,1.327180552843559,1.239159244344014,0.08802130849954493,1,-47.867814898490906,-47.67738342285156,-57.15807876839582,-56.35149813325966,7,7
All waiters aren't there yawning.,There aren't all waiters yawning.,semantics,quantifiers,existential_there_quantifiers_2,True,False,False,False,287,2.0853587033431515,1.7062411203075258,0.3791175830356257,1,-50.39038192667067,-53.416293727234006,-69.15861025675903,-68.77246381000174,9,9
Most eggplants were there wasting away.,There were most eggplants wasting away.,semantics,quantifiers,existential_there_quantifiers_2,True,False,False,False,288,0.9845840936116304,1.7246454195253211,-0.7400613259136908,0,-68.79700005054474,-61.329867482185364,-77.65825689304941,-76.85167625791325,9,9
Every story about Harvard University wasn't there astounding those patients.,There wasn't every story about Harvard University astounding those patients.,semantics,quantifiers,existential_there_quantifiers_2,True,False,False,False,289,2.1031506381062735,2.122643976838617,-0.019493338732343712,0,-79.42184318602085,-78.80288621783257,-104.65965084329613,-104.27461393989597,12,12
Most tomatoes were there going bad.,There were most tomatoes going bad.,semantics,quantifiers,existential_there_quantifiers_2,True,False,False,False,290,0.9464592391430783,1.3098296446033626,-0.3633704054602843,0,-47.96384644508362,-44.613672971725464,-54.589061119085166,-53.782480483949,7,7
Every unicycle was there turning.,There was every unicycle turning.,semantics,quantifiers,existential_there_quantifiers_2,True,False,False,False,291,0.3166959076500108,0.8950357969012107,-0.5783398892512,0,-55.39191007614136,-50.95849394798279,-57.60878142969143,-57.22374452629126,7,7
All lights aren't there looking like pictures.,There aren't all lights looking like pictures.,semantics,quantifiers,existential_there_quantifiers_2,True,False,False,False,292,2.513522985406771,2.5704372356621974,-0.05691425025542651,0,-44.628910372033715,-43.73053567297757,-67.25061724069465,-66.86447079393734,9,9
All cucumbers weren't there disgusting Wendy.,There weren't all cucumbers disgusting Wendy.,semantics,quantifiers,existential_there_quantifiers_2,True,False,False,False,293,2.6970110296156204,2.671752693805846,0.025258335809774657,1,-58.08062760159373,-57.92180617712438,-82.35372686813432,-81.967580421377,9,9
Every drawing was there vanishing.,There was every drawing vanishing.,semantics,quantifiers,existential_there_quantifiers_2,True,False,False,False,294,0.5401095560326835,0.8196371477348686,-0.2795275917021851,0,-46.26110768318176,-44.19890522956848,-49.50176501937786,-49.11672811597769,6,6
Each window was there appearing.,There was each window appearing.,semantics,quantifiers,existential_there_quantifiers_2,True,False,False,False,295,1.1039169269572422,1.3047095646489701,-0.20079263769172795,0,-41.143259048461914,-38.6233856678009,-47.76676061020537,-46.451643055694724,6,6
Each guest is there managing to clean the chair.,There is each guest managing to clean the chair.,semantics,quantifiers,existential_there_quantifiers_2,True,False,False,False,296,1.1839193173137859,1.1051185837628992,0.07880073355088668,1,-64.82003283500671,-64.29292261600494,-76.65922600814457,-75.34410845363394,10,10
Every actor is there learning what ripens.,There is every actor learning what ripens.,semantics,quantifiers,existential_there_quantifiers_2,True,False,False,False,297,1.0201159882822646,1.3051218935375049,-0.2850059052552403,0,-65.31567597389221,-62.365585923194885,-74.49671986843259,-74.11168296503243,9,9
Most pictures of most books were there hurting Kirsten.,There were most pictures of most books hurting Kirsten.,semantics,quantifiers,existential_there_quantifiers_2,True,False,False,False,298,2.346107041612093,2.499838826448382,-0.15373178483628935,0,-66.34686815738678,-63.84923788905144,-92.1540456151198,-91.34746497998364,11,11
Every bike is there existing.,There is every bike existing.,semantics,quantifiers,existential_there_quantifiers_2,True,False,False,False,299,0.9624680396745937,1.217364508628722,-0.2548964689541282,0,-42.063294887542725,-40.148879170417786,-47.83810312559029,-47.45306622219012,6,6
All libraries were there failing to help Gary.,There were all libraries failing to help Gary.,semantics,quantifiers,existential_there_quantifiers_2,True,False,False,False,300,1.5367703583907604,1.813479661022244,-0.2767093026314835,0,-60.632168650627136,-57.75563848018646,-74.46310187614398,-74.07695542938666,9,9
Each light is there wasting away.,There is each light wasting away.,semantics,quantifiers,existential_there_quantifiers_2,True,False,False,False,301,1.2952432643449927,1.3026556019426283,-0.007412337597635599,0,-45.74900770187378,-44.38200378417969,-54.81571055228873,-53.500592997778085,7,7
Most girls are there remembering what frays.,There are most girls remembering what frays.,semantics,quantifiers,existential_there_quantifiers_2,True,False,False,False,302,2.015076709788199,2.250923404515299,-0.23584669472709985,0,-57.062687277793884,-54.13348639011383,-75.19837766588768,-74.39179703075152,9,9
All skateboards are there rolling.,There are all skateboards rolling.,semantics,quantifiers,existential_there_quantifiers_2,True,False,False,False,303,2.1673660868389866,2.503979653843191,-0.3366135670042043,0,-44.634905099868774,-41.89246368408203,-59.80646770774168,-59.420321260984366,7,7
All shirts were there scaring the child.,There were all shirts scaring the child.,semantics,quantifiers,existential_there_quantifiers_2,True,False,False,False,304,1.3953153071352284,1.8885431178301342,-0.49322781069490573,0,-57.06330466270447,-52.23810791969299,-69.62114242692152,-69.2349959801642,9,9
Most men are there continuing to react.,There are most men continuing to react.,semantics,quantifiers,existential_there_quantifiers_2,True,False,False,False,305,2.263179635398111,2.4971487908207353,-0.2339691554226242,0,-45.536723017692566,-42.858389139175415,-63.642160100877454,-62.8355794657413,8,8
Each driver is there studying.,There is each driver studying.,semantics,quantifiers,existential_there_quantifiers_2,True,False,False,False,306,1.0084578334534815,1.1544890017810445,-0.14603116832756302,0,-41.94796276092529,-39.75665819644928,-47.99870976164618,-46.68359220713555,6,6
Each photograph wasn't there wasting away.,There wasn't each photograph wasting away.,semantics,quantifiers,existential_there_quantifiers_2,True,False,False,False,307,1.7588684435802016,1.7158095786036114,0.04305886497659017,1,-52.7872444242239,-51.816597789525986,-66.85819197286551,-65.54307441835488,8,8
All doctors are there spinning around.,There are all doctors spinning around.,semantics,quantifiers,existential_there_quantifiers_2,True,False,False,False,308,1.7925601831975086,2.6461802666583174,-0.8536200834608088,0,-42.63007438182831,-36.26858735084534,-55.17799566421087,-54.79184921745356,7,7
Every woman was there failing to chat.,There was every woman failing to chat.,semantics,quantifiers,existential_there_quantifiers_2,True,False,False,False,309,1.7193251898065878,2.0551792187444367,-0.3358540289378489,0,-48.81775617599487,-45.74588704109192,-62.572357694447575,-62.18732079104741,8,8
Every dancer is there stretching.,There is every dancer stretching.,semantics,quantifiers,existential_there_quantifiers_2,True,False,False,False,310,0.8448524466506235,1.2941345633784944,-0.4492821167278709,0,-44.37274956703186,-41.292019963264465,-49.4418642469356,-49.05682734353543,6,6
Each print of the patient isn't there shocking Raymond.,There isn't each print of the patient shocking Raymond.,semantics,quantifiers,existential_there_quantifiers_2,True,False,False,False,311,1.310871188676063,1.1529619447365618,0.15790924393950112,1,-75.56428772956133,-75.9861718583852,-89.98387080499802,-88.66875325048738,11,11
All movie theaters aren't there impressing libraries.,There aren't all movie theaters impressing libraries.,semantics,quantifiers,existential_there_quantifiers_2,True,False,False,False,312,2.2049366047361985,2.2527648737342845,-0.04782826899808601,0,-69.00636119395494,-68.14193205721676,-91.05572724131693,-90.66958079455961,10,10
Most teenagers weren't there arguing.,There weren't most teenagers arguing.,semantics,quantifiers,existential_there_quantifiers_2,True,False,False,False,313,2.2962751580517073,2.4670699951787247,-0.17079483712701737,0,-44.920601015910506,-42.91845652088523,-60.99452712227246,-60.1879464871363,7,7
Every slope wasn't there wasting away.,There wasn't every slope wasting away.,semantics,quantifiers,existential_there_quantifiers_2,True,False,False,False,314,1.478338775714029,1.3980518399314796,0.0802869357825493,1,-53.84477989003062,-54.102038472890854,-65.67149009574285,-65.28645319234269,8,8
All waitresses are there donating.,There are all waitresses donating.,semantics,quantifiers,existential_there_quantifiers_2,True,False,False,False,315,0.9284322519849998,1.0096621571741053,-0.08122990518910556,0,-53.72429180145264,-52.76953601837158,-60.223317565347635,-59.83717111859032,7,7
Each banana isn't there growing.,There isn't each banana growing.,semantics,quantifiers,existential_there_quantifiers_2,True,False,False,False,316,1.19676040130444,1.5500641352841018,-0.35330373397966186,0,-47.555876553058624,-43.767632860690355,-55.933199362189704,-54.61808180767907,7,7
Every hill was there annoying Judy.,There was every hill annoying Judy.,semantics,quantifiers,existential_there_quantifiers_2,True,False,False,False,317,0.7740528999371585,0.8696212903720034,-0.09556839043484489,0,-54.04119539260864,-52.98717975616455,-59.45956569216875,-59.074528788768575,7,7
Each print of Amanda is there shocking some ladies.,There is each print of Amanda shocking some ladies.,semantics,quantifiers,existential_there_quantifiers_2,True,False,False,False,318,0.6161317980560114,0.7537366946168191,-0.13760489656080777,0,-78.46157574653625,-75.77040922641754,-84.62289372709637,-83.30777617258573,10,10
Every hat isn't there confusing Renee.,There isn't every hat confusing Renee.,semantics,quantifiers,existential_there_quantifiers_2,True,False,False,False,319,1.7929541187802631,1.7896806144116921,0.0032735043685709897,1,-60.34867602400482,-59.993100659921765,-76.48526309302719,-76.100226189627,9,9
Most stairs weren't there appearing.,There weren't most stairs appearing.,semantics,quantifiers,existential_there_quantifiers_2,True,False,False,False,320,1.8121482683059316,1.838912172829811,-0.026763904523879445,0,-45.290799118578434,-44.29687115177512,-57.975836996719956,-57.1692563615838,7,7
All peppers are there existing.,There are all peppers existing.,semantics,quantifiers,existential_there_quantifiers_2,True,False,False,False,321,0.8996311407120577,1.3530644522451911,-0.4534333115331334,0,-43.815244913101196,-40.70849859714508,-49.21303175737354,-48.82688531061623,6,6
Most patients are there saluting.,There are most patients saluting.,semantics,quantifiers,existential_there_quantifiers_2,True,False,False,False,322,2.4451561091810206,3.0000203323794303,-0.5548642231984098,0,-44.63305950164795,-39.942429304122925,-61.74915226591509,-60.942571630778936,7,7
Each window wasn't there distracting Stephanie.,There wasn't each window distracting Stephanie.,semantics,quantifiers,existential_there_quantifiers_2,True,False,False,False,323,1.630563881373039,1.733216142668084,-0.10265226129504512,0,-58.355650667101145,-56.21931502223015,-71.40016171808546,-70.08504416357482,8,8
All sisters of a boy aren't there corresponding.,There aren't all sisters of a boy corresponding.,semantics,quantifiers,existential_there_quantifiers_2,True,False,False,False,324,1.1364838626084945,1.1442207507570998,-0.007736888148605292,0,-62.035526130348444,-61.57201080210507,-73.40036475643339,-73.01421830967607,10,10
Most plays about Harvard University were there confusing Randolf.,There were most plays about Harvard University confusing Randolf.,semantics,quantifiers,existential_there_quantifiers_2,True,False,False,False,325,1.290249574420567,1.6351130892281354,-0.34486351480756827,0,-89.0684015750885,-84.46832227706909,-103.26114689371474,-102.45456625857858,11,11
Every senator isn't there anticipating Sonia to bake.,There isn't every senator anticipating Sonia to bake.,semantics,quantifiers,existential_there_quantifiers_2,True,False,False,False,326,1.3792066730888592,1.3449019463164547,0.03430472677240459,1,-75.96691426448524,-75.9249246288091,-89.75898099537383,-89.37394409197364,10,10
Most friends of Vincent are there failing to blink.,There are most friends of Vincent failing to blink.,semantics,quantifiers,existential_there_quantifiers_2,True,False,False,False,327,1.253242759663675,1.545488889551396,-0.29224612988772103,0,-69.44725787639618,-65.71821594238281,-81.97968547303293,-81.17310483789677,10,10
All grandmothers of Christina aren't there imploring Christina to talk.,There aren't all grandmothers of Christina imploring Christina to talk.,semantics,quantifiers,existential_there_quantifiers_2,True,False,False,False,328,1.7569703109805102,2.1163611550344763,-0.35939084405396615,0,-92.87370327673852,-87.45608501322567,-117.47128763046567,-117.08514118370834,14,14
All reports about the Borgias are there aggravating some organizations.,There are all reports about the Borgias aggravating some organizations.,semantics,quantifiers,existential_there_quantifiers_2,True,False,False,False,329,2.4770744740638033,2.7919741371413065,-0.31489966307750317,0,-81.44014179706573,-76.9602997303009,-113.64210995989518,-113.25596351313789,13,13
Most cars aren't there distracting Randolf.,There aren't most cars distracting Randolf.,semantics,quantifiers,existential_there_quantifiers_2,True,False,False,False,330,1.942288445731287,1.5422847185810156,0.40000372715027144,1,-66.48624765500426,-69.27970056422055,-83.96684366658585,-83.16026303144969,9,9
Every chair was there astounding Jill.,There was every chair astounding Jill.,semantics,quantifiers,existential_there_quantifiers_2,True,False,False,False,331,0.8302467668684689,0.7021702195155777,0.1280765473528912,1,-54.51487612724304,-55.02637505531311,-60.326603495322324,-59.941566591922154,7,7
All slopes weren't there distracting Sonia.,There weren't all slopes distracting Sonia.,semantics,quantifiers,existential_there_quantifiers_2,True,False,False,False,332,1.5413254491319357,1.3927027686680695,0.14862268046386617,1,-60.606571754440665,-61.40940675139427,-72.93717534749615,-72.55102890073883,8,8
Each play about the Lutherans wasn't there disagreeing.,There wasn't each play about the Lutherans disagreeing.,semantics,quantifiers,existential_there_quantifiers_2,True,False,False,False,333,1.0452479931673178,1.4943063888415626,-0.4490583956742449,0,-82.75913638994098,-76.0553180873394,-95.30211230794879,-93.98699475343815,12,12
Most essays were there confusing that cashier.,There were most essays confusing that cashier.,semantics,quantifiers,existential_there_quantifiers_2,True,False,False,False,334,1.4167801353832994,1.9497557194061887,-0.5329755840228894,0,-65.60144019126892,-59.99807929992676,-78.35246140971861,-77.54588077458246,9,9
All organizations were there wanting to admire Kathleen.,There were all organizations wanting to admire Kathleen.,semantics,quantifiers,existential_there_quantifiers_2,True,False,False,False,335,1.7699807301405852,2.241906675257793,-0.47192594511720776,0,-61.131850481033325,-56.49837052822113,-77.06167705229859,-76.67553060554127,9,9
Most movies about music were there aggravating April.,There were most movies about music aggravating April.,semantics,quantifiers,existential_there_quantifiers_2,True,False,False,False,336,1.3644674513451776,1.9924809457348516,-0.628013494389674,0,-72.68230974674225,-65.59559416770935,-86.32698426019402,-85.52040362505787,10,10
Every book about Galileo was there wasting away.,There was every book about Galileo wasting away.,semantics,quantifiers,existential_there_quantifiers_2,True,False,False,False,337,1.152235464291146,1.6076608241209713,-0.45542535982982524,0,-63.64869558811188,-59.164830446243286,-74.01881476673219,-73.63377786333203,9,9
Every play wasn't there disagreeing.,There wasn't every play disagreeing.,semantics,quantifiers,existential_there_quantifiers_2,True,False,False,False,338,1.3176646987259515,1.793079608734593,-0.47541491000864156,0,-50.76371406763792,-46.575357884168625,-61.30503165744553,-60.91999475404537,8,8
Every pie isn't there blackening.,There isn't every pie blackening.,semantics,quantifiers,existential_there_quantifiers_2,True,False,False,False,339,1.7016853264923695,1.8210462147569535,-0.11936088826458402,0,-49.92046611569822,-48.58054210618138,-63.533948727637174,-63.14891182423701,8,8
Each door is there boring Stacy.,There is each door boring Stacy.,semantics,quantifiers,existential_there_quantifiers_2,True,False,False,False,340,1.2933057856485877,0.8889640941084765,0.4043416915401111,1,-50.741159439086914,-52.256433725357056,-59.79429993862703,-58.47918238411639,7,7
All glaciers aren't there worrying that company.,There aren't all glaciers worrying that company.,semantics,quantifiers,existential_there_quantifiers_2,True,False,False,False,341,1.091743219924445,1.2120370074940499,-0.12029378756960485,0,-62.9055543448776,-61.43676380999386,-72.7312433241976,-72.34509687744031,9,9
Every coat wasn't there alarming Kayla.,There wasn't every coat alarming Kayla.,semantics,quantifiers,existential_there_quantifiers_2,True,False,False,False,342,1.857911711179933,1.6597977772536707,0.1981139339262623,1,-63.22215201705694,-64.62014051899314,-79.94335741767634,-79.55832051427618,9,9
All pictures of the drawing are there distracting all customers.,There are all pictures of the drawing distracting all customers.,semantics,quantifiers,existential_there_quantifiers_2,True,False,False,False,343,1.2210822145590947,1.8005788781247298,-0.5794966635656351,0,-70.94369578361511,-64.1830860376358,-84.37560014376515,-83.98945369700783,11,11
All snakes were there coming here.,There were all snakes coming here.,semantics,quantifiers,existential_there_quantifiers_2,True,False,False,False,344,1.232826444910661,2.2803371766002516,-1.0475107316895906,0,-42.227167189121246,-34.508445620536804,-50.85695230349587,-50.470805856738565,7,7
Every skateboard wasn't there disappearing.,There wasn't every skateboard disappearing.,semantics,quantifiers,existential_there_quantifiers_2,True,False,False,False,345,2.379675196719319,3.0270759739283797,-0.6474007772090609,0,-50.492418898269534,-44.928175777196884,-69.52982047202408,-69.14478356862392,8,8
Most doors weren't there astounding Marie.,There weren't most doors astounding Marie.,semantics,quantifiers,existential_there_quantifiers_2,True,False,False,False,346,1.3250047103108606,0.9832049034638324,0.34179980684702826,1,-60.808115573599935,-62.735933393239975,-71.40815325608682,-70.60157262095063,8,8
Each customer is there continuing to play.,There is each customer continuing to play.,semantics,quantifiers,existential_there_quantifiers_2,True,False,False,False,347,1.4261580935235934,1.468603490323808,-0.04244539680021475,0,-51.23995769023895,-49.5852769613266,-62.6492224384277,-61.334104883917064,8,8
Every grandfather of Jeffrey isn't there hurting Ruth.,There isn't every grandfather of Jeffrey hurting Ruth.,semantics,quantifiers,existential_there_quantifiers_2,True,False,False,False,348,1.4428267806806871,1.326590519685027,0.1162362609956602,1,-70.42009514570236,-71.1974208522588,-84.84836295250923,-84.46332604910907,10,10
Every restaurant isn't there bothering Gregory.,There isn't every restaurant bothering Gregory.,semantics,quantifiers,existential_there_quantifiers_2,True,False,False,False,349,1.797645082044145,1.7306333856453975,0.06701169639874749,1,-54.953881023451686,-55.1049376912415,-69.33504167980485,-68.95000477640468,8,8
Every car was there appearing.,There was every car appearing.,semantics,quantifiers,existential_there_quantifiers_2,True,False,False,False,350,1.020362207639824,1.4441047473604023,-0.4237425397205783,0,-39.25397562980652,-36.326483488082886,-45.37614887564546,-44.9911119722453,6,6
Each grocery store wasn't there confusing Douglas.,There wasn't each grocery store confusing Douglas.,semantics,quantifiers,existential_there_quantifiers_2,True,False,False,False,351,1.7604234352943138,1.9327840204943274,-0.17236058520001363,0,-66.01831445842981,-63.151951637119055,-81.86212537607864,-80.547007821568,9,9
Each snake is there disturbing Carolyn.,There is each snake disturbing Carolyn.,semantics,quantifiers,existential_there_quantifiers_2,True,False,False,False,352,0.9300563783690582,0.7883668115063328,0.14168956686272538,1,-55.491445541381836,-55.16815495491028,-62.00184018996524,-60.68672263545461,7,7
Each senator was there obligating Diana's partners to argue.,There was each senator obligating Diana's partners to argue.,semantics,quantifiers,existential_there_quantifiers_2,True,False,False,False,353,1.1312267038134014,1.2792427230910899,-0.14801601927768848,0,-93.26085019111633,-90.16954040527344,-106.83557063687715,-105.52045308236652,12,12
Most essays about science are there disagreeing with Janet.,There are most essays about science disagreeing with Janet.,semantics,quantifiers,existential_there_quantifiers_2,True,False,False,False,354,1.5213617505978696,2.1995502396388917,-0.6781884890410221,0,-77.34840989112854,-69.08175587654114,-94.0833891477051,-93.27680851256895,11,11
Each friend of Angela wasn't there cleaning the malls.,There wasn't each friend of Angela cleaning the malls.,semantics,quantifiers,existential_there_quantifiers_2,True,False,False,False,355,1.808475014746157,1.880841863862912,-0.07236684911675506,0,-70.80219957977533,-68.69104668498039,-90.69542474198306,-89.38030718747243,11,11
Each guest is there exercising.,There is each guest exercising.,semantics,quantifiers,existential_there_quantifiers_2,True,False,False,False,356,1.3302980655323182,1.4336652523427251,-0.10336718681040691,0,-42.84591680765152,-40.91059613227844,-50.82770520084543,-49.512587646334794,6,6
All waiters were there studying.,There were all waiters studying.,semantics,quantifiers,existential_there_quantifiers_2,True,False,False,False,357,0.7169143308396286,1.0869424320039027,-0.3700281011642741,0,-48.22196650505066,-45.24562335014343,-53.24036682092806,-52.85422037417075,7,7
Each waitress was there anticipating Keith to insult most guys.,There was each waitress anticipating Keith to insult most guys.,semantics,quantifiers,existential_there_quantifiers_2,True,False,False,False,358,0.6737331032549889,0.6785045023334842,-0.004771399078495331,0,-93.06809616088867,-91.70049321651459,-100.47916029669355,-99.16404274218291,11,11
Most skateboards weren't there astounding Mary.,There weren't most skateboards astounding Mary.,semantics,quantifiers,existential_there_quantifiers_2,True,False,False,False,359,1.5837002290637245,1.4849630839753003,0.09873714508842424,1,-70.05209250375628,-70.13414617441595,-84.3053945653298,-83.49881393019365,9,9
Most organizations were there selling these blouses.,There were most organizations selling these blouses.,semantics,quantifiers,existential_there_quantifiers_2,True,False,False,False,360,2.082069981178437,2.5153639493718583,-0.43329396819342136,0,-62.02105641365051,-57.31483006477356,-80.75968624425644,-79.95310560912029,9,9
All universities weren't there scaring Meredith.,There weren't all universities scaring Meredith.,semantics,quantifiers,existential_there_quantifiers_2,True,False,False,False,361,2.0566056693711423,2.1750132563670346,-0.11840758699589227,0,-61.3196080122143,-59.86779328249395,-79.82905903655458,-79.44291258979726,9,9
Most universities weren't there persuading Kristin to stand up.,There weren't most universities persuading Kristin to stand up.,semantics,quantifiers,existential_there_quantifiers_2,True,False,False,False,362,2.4225803114538085,2.2865021629198474,0.13607814853396105,1,-81.85414031334221,-82.81657560914755,-113.34768436224172,-112.54110372710556,13,13
Each horse is there shocking Kayla.,There is each horse shocking Kayla.,semantics,quantifiers,existential_there_quantifiers_2,True,False,False,False,363,1.4814519718693475,1.3676052579880285,0.11384671388131906,1,-58.877032995224,-58.472689151763916,-70.72864877017878,-69.41353121566814,8,8
Each muffin is there baking.,There is each muffin baking.,semantics,quantifiers,existential_there_quantifiers_2,True,False,False,False,364,0.9092246560496956,1.7671072470467724,-0.8578825909970768,0,-51.25973832607269,-43.93944263458252,-57.62431091842056,-56.30919336390993,7,7
All schools were there praising Peter.,There were all schools praising Peter.,semantics,quantifiers,existential_there_quantifiers_2,True,False,False,False,365,1.4905632542464093,1.9907785262568052,-0.5002152720103958,0,-48.258347511291504,-44.370694160461426,-58.69229029101637,-58.30614384425906,7,7
All couches were there disgusting Scott.,There were all couches disgusting Scott.,semantics,quantifiers,existential_there_quantifiers_2,True,False,False,False,366,1.260996620637723,1.8903534046768655,-0.6293567840391425,0,-59.519739270210266,-54.09873855113983,-69.60771223531205,-69.22156578855476,8,8
Each truck wasn't there looking like every drawing.,There wasn't each truck looking like every drawing.,semantics,quantifiers,existential_there_quantifiers_2,True,False,False,False,367,1.633212573861971,1.628522093838845,0.004690480023125998,1,-61.719835206866264,-60.45162245258689,-78.05196094548597,-76.73684339097534,10,10
Every adult isn't there kissing Andrea.,There isn't every adult kissing Andrea.,semantics,quantifiers,existential_there_quantifiers_2,True,False,False,False,368,1.52547551749214,1.7762169410696522,-0.2507414235775123,0,-56.18152080755681,-53.79055251553655,-68.38532494749393,-68.00028804409376,8,8
Every couch is there distracting schools.,There is every couch distracting schools.,semantics,quantifiers,existential_there_quantifiers_2,True,False,False,False,369,1.2692425228635054,1.3104154930876493,-0.0411729702241439,0,-51.95781219005585,-51.28456449508667,-60.842509850100384,-60.457472946700214,7,7
Each vase wasn't there confusing Beth.,There wasn't each vase confusing Beth.,semantics,quantifiers,existential_there_quantifiers_2,True,False,False,False,370,1.812395890512467,2.0011785785611695,-0.18878268804870246,0,-63.59364724904299,-60.57948550209403,-79.90521026365519,-78.59009270914456,9,9
Each chair is there falling.,There is each chair falling.,semantics,quantifiers,existential_there_quantifiers_2,True,False,False,False,371,1.0424584547259481,0.9354589255488305,0.10699952917711764,1,-39.23714351654053,-38.56402313709259,-45.491894244896216,-44.17677669038557,6,6
Most teachers are there ascending that hill.,There are most teachers ascending that hill.,semantics,quantifiers,existential_there_quantifiers_2,True,False,False,False,372,1.0111711203767584,1.1016591702333578,-0.09048804985659942,0,-58.19627368450165,-56.665788650512695,-66.28564264751571,-65.47906201237956,8,8
Most granddaughters of this lady are there conferring.,There are most granddaughters of this lady conferring.,semantics,quantifiers,existential_there_quantifiers_2,True,False,False,False,373,2.496881305377857,2.923616117751292,-0.4267348123734349,0,-71.90913689136505,-65.98173850774765,-101.87171255589934,-101.06513192076315,12,12
Most cats were there scaring Tamara.,There were most cats scaring Tamara.,semantics,quantifiers,existential_there_quantifiers_2,True,False,False,False,374,2.1856206734463957,2.524395900667934,-0.3387752272215385,0,-60.94802784919739,-57.09247016906738,-80.61861391021495,-79.81203327507879,9,9
Every child was there preventing this car from disappearing.,There was every child preventing this car from disappearing.,semantics,quantifiers,existential_there_quantifiers_2,True,False,False,False,375,1.3335819209088613,1.7878788477868626,-0.4542969268780013,0,-66.85166335105896,-61.923657178878784,-80.18748256014757,-79.80244565674741,10,10
Each drawing was there astounding Larry.,There was each drawing astounding Larry.,semantics,quantifiers,existential_there_quantifiers_2,True,False,False,False,376,0.3093882169029304,0.6208496717251231,-0.3114614548221927,0,-60.11196422576904,-56.61661648750305,-62.277681744089556,-60.96256418957891,7,7
Each turtle is there embarrassing Sharon.,There is each turtle embarrassing Sharon.,semantics,quantifiers,existential_there_quantifiers_2,True,False,False,False,377,0.7861377804617088,0.6203723648833375,0.16576541557837132,1,-57.11926507949829,-56.964505434036255,-62.62222954273025,-61.30711198821962,7,7
Every university wasn't there meeting.,There wasn't every university meeting.,semantics,quantifiers,existential_there_quantifiers_2,True,False,False,False,378,1.3418693207698686,2.0902557970965754,-0.7483864763267067,0,-45.44659158959985,-39.82284935191274,-54.83967683498893,-54.454639931588765,7,7
All eggplants were there blackening.,There were all eggplants blackening.,semantics,quantifiers,existential_there_quantifiers_2,True,False,False,False,379,1.174368983374655,1.9008553063545846,-0.7264863229799297,0,-64.51776838302612,-57.59324502944946,-75.08708923339802,-74.70094278664072,9,9
Every drawing wasn't there aggravating Pamela.,There wasn't every drawing aggravating Pamela.,semantics,quantifiers,existential_there_quantifiers_2,True,False,False,False,380,2.1502474184283265,2.1073566663872105,0.04289075204111592,1,-61.77098500914872,-61.77196487411857,-81.12321177500365,-80.73817487160346,9,9
All bananas are there shocking Rose.,There are all bananas shocking Rose.,semantics,quantifiers,existential_there_quantifiers_2,True,False,False,False,381,0.6894506468242635,0.9106971418593,-0.22124649503503646,0,-54.74905705451965,-52.81418514251709,-59.5752115822895,-59.18906513553219,7,7
Every father of Walter wasn't there littering.,There wasn't every father of Walter littering.,semantics,quantifiers,existential_there_quantifiers_2,True,False,False,False,382,1.559923253321685,1.4501912469279177,0.10973200639376723,1,-62.82314592599869,-63.53542908653617,-78.42237845921554,-78.03734155581535,10,10
Each sweater was there drying.,There was each sweater drying.,semantics,quantifiers,existential_there_quantifiers_2,True,False,False,False,383,0.8680982676988039,1.0272165099882582,-0.15911824228945426,0,-45.80988657474518,-43.5400595664978,-51.018476180938,-49.70335862642735,6,6
All lakes aren't there impressing Lawrence.,There aren't all lakes impressing Lawrence.,semantics,quantifiers,existential_there_quantifiers_2,True,False,False,False,384,2.0449058314695936,1.788041159349313,0.2568646721202805,1,-60.765166064724326,-62.69080166704953,-79.16931854795067,-78.78317210119334,9,9
Every waiter isn't there going to some cafe.,There isn't every waiter going to some cafe.,semantics,quantifiers,existential_there_quantifiers_2,True,False,False,False,385,1.947987186407508,2.1214822007020984,-0.17349501429459036,0,-57.62398134917021,-55.50399430282414,-77.10385321324529,-76.71881630984512,10,10
All cousins of Brian aren't there sighing.,There aren't all cousins of Brian sighing.,semantics,quantifiers,existential_there_quantifiers_2,True,False,False,False,386,1.579020586268132,1.5645833773779316,0.014437208890200282,1,-62.42789896763861,-62.18612460978329,-78.21810483031993,-77.83195838356261,10,10
Most closets were there alarming Stephanie.,There were most closets alarming Stephanie.,semantics,quantifiers,existential_there_quantifiers_2,True,False,False,False,387,1.2317037070220458,1.7219805984838281,-0.4902768914617823,0,-66.77532744407654,-62.046531677246094,-76.6289571002529,-75.82237646511672,8,8
All glasses were there distracting Kristen.,There were all glasses distracting Kristen.,semantics,quantifiers,existential_there_quantifiers_2,True,False,False,False,388,0.9042019822620101,1.4368173173783976,-0.5326153351163875,0,-56.25829601287842,-52.1438422203064,-62.58770988871249,-62.20156344195518,7,7
Every actress wasn't there thinking Carolyn hides every student.,There wasn't every actress thinking Carolyn hides every student.,semantics,quantifiers,existential_there_quantifiers_2,True,False,False,False,389,1.5543782705750961,1.573185520145175,-0.018807249570078843,0,-81.59939306788146,-81.00747641921043,-98.69755404420752,-98.31251714080736,11,11
All waiters were there existing.,There were all waiters existing.,semantics,quantifiers,existential_there_quantifiers_2,True,False,False,False,390,0.3522275317305069,0.8953060705495487,-0.5430785388190418,0,-51.349568605422974,-47.16187238693237,-53.81516132753652,-53.429014880779214,7,7
Each play wasn't there disturbing Meredith.,There wasn't each play disturbing Meredith.,semantics,quantifiers,existential_there_quantifiers_2,True,False,False,False,391,1.0488155595381699,1.33054195062142,-0.28172639108325015,0,-60.86639397777617,-57.29746529459953,-69.25691845408153,-67.9418008995709,8,8
Every pedestrian is there obligating some cashier to examine that newspaper article.,There is every pedestrian obligating some cashier to examine that newspaper article.,semantics,quantifiers,existential_there_quantifiers_2,True,False,False,False,392,1.7610275561376036,2.015560349117817,-0.2545327929802135,0,-107.560781955719,-103.35775315761566,-133.97619529778305,-133.59115839438292,15,15
All windows are there closing.,There are all windows closing.,semantics,quantifiers,existential_there_quantifiers_2,True,False,False,False,393,1.7250844878576477,2.1406706182295374,-0.41558613037188974,0,-35.62408697605133,-32.74442374706268,-45.97459390319722,-45.58844745643991,6,6
Most tomatoes aren't there impressing customers.,There aren't most tomatoes impressing customers.,semantics,quantifiers,existential_there_quantifiers_2,True,False,False,False,394,3.019293325708086,2.477923485373588,0.541369840334498,1,-54.7347402330488,-58.80048816092312,-81.90838016442157,-81.10179952928542,9,9
All lakes are there alarming Irene.,There are all lakes alarming Irene.,semantics,quantifiers,existential_there_quantifiers_2,True,False,False,False,395,1.496599757468104,1.8398673745083833,-0.3432676170402793,0,-58.56747370958328,-55.435186326503754,-70.54027176932811,-70.15412532257082,8,8
Most essays weren't there impressing Dan.,There weren't most essays impressing Dan.,semantics,quantifiers,existential_there_quantifiers_2,True,False,False,False,396,2.092109102972488,2.043934203862313,0.04817489911017514,1,-63.60550419613719,-63.232497652992606,-82.43448612288958,-81.62790548775342,9,9
Each candle isn't there falling.,There isn't each candle falling.,semantics,quantifiers,existential_there_quantifiers_2,True,False,False,False,397,1.4850954943106072,2.0282542027495936,-0.5431587084389864,0,-45.83533182181418,-40.71810330823064,-56.23100028198843,-54.91588272747779,7,7
All skateboards were there rusting.,There were all skateboards rusting.,semantics,quantifiers,existential_there_quantifiers_2,True,False,False,False,398,1.7692775712292423,2.302768777809046,-0.5334912065798036,0,-53.51245331764221,-48.85837721824646,-67.66667388747615,-67.28052744071883,8,8
Most ladders were there distracting Jesus.,There were most ladders distracting Jesus.,semantics,quantifiers,existential_there_quantifiers_2,True,False,False,False,399,1.831744335550951,2.162945862542255,-0.331201526991304,0,-57.50693953037262,-54.05074667930603,-72.16089421478023,-71.35431357964407,8,8
Every fork was there disturbing Phillip.,There was every fork disturbing Phillip.,semantics,quantifiers,existential_there_quantifiers_2,True,False,False,False,400,0.7023016060031638,0.9150701155928047,-0.2127685095896409,0,-57.286078453063965,-55.411661982536316,-62.20218969508611,-61.81715279168595,7,7
Every show about Jesus wasn't there shocking Eric.,There wasn't every show about Jesus shocking Eric.,semantics,quantifiers,existential_there_quantifiers_2,True,False,False,False,401,1.4496082216801114,1.9518928812218632,-0.5022846595417518,0,-69.56875866651535,-64.16087516769767,-84.06484088331646,-83.6798039799163,10,10
Each play wasn't there distracting Gary.,There wasn't each play distracting Gary.,semantics,quantifiers,existential_there_quantifiers_2,True,False,False,False,402,1.1875721925894247,1.5983978484136188,-0.41082565582419406,0,-59.34604471363127,-54.744321912527084,-68.84662225434667,-67.53150469983603,8,8
Every blouse wasn't there looking like most drawings.,There wasn't every blouse looking like most drawings.,semantics,quantifiers,existential_there_quantifiers_2,True,False,False,False,403,2.6145992380152734,2.50425014817974,0.11034908983553349,1,-62.30822069197893,-63.13702377676964,-91.06881231014694,-90.68377540674678,11,11
Most closets aren't there shocking most pedestrians.,There aren't most closets shocking most pedestrians.,semantics,quantifiers,existential_there_quantifiers_2,True,False,False,False,404,2.170111824842061,1.9291932534915077,0.2409185713505535,1,-71.97977192513645,-73.58237700350583,-93.68089017355706,-92.8743095384209,10,10
Most doors weren't there existing.,There weren't most doors existing.,semantics,quantifiers,existential_there_quantifiers_2,True,False,False,False,405,1.7168250445989324,1.6351685252255612,0.08165651937337115,1,-46.039457650855184,-45.80447265133262,-58.05723296304771,-57.250652327911546,7,7
Most rugs aren't there distracting Wendy.,There aren't most rugs distracting Wendy.,semantics,quantifiers,existential_there_quantifiers_2,True,False,False,False,406,2.8309675282465414,2.080728559320559,0.7502389689259825,1,-55.83497924916446,-61.78054933436215,-81.31368700338334,-80.50710636824718,9,9
All mothers of Monica aren't there grinning.,There aren't all mothers of Monica grinning.,semantics,quantifiers,existential_there_quantifiers_2,True,False,False,False,407,1.518606398592147,1.3602310646935192,0.1583753338986278,1,-60.48220875579864,-61.521440314128995,-74.14966634312796,-73.76351989637067,9,9
All carts aren't there falling apart.,There aren't all carts falling apart.,semantics,quantifiers,existential_there_quantifiers_2,True,False,False,False,408,2.4557195820051945,2.7297261836526303,-0.27400660164743584,0,-46.54769138246775,-43.96949212253094,-66.1934480385093,-65.80730159175198,8,8
Each mushroom wasn't there embarrassing the dancers.,There wasn't each mushroom embarrassing the dancers.,semantics,quantifiers,existential_there_quantifiers_2,True,False,False,False,409,1.2995959140029736,1.3353381043844164,-0.03574219038144277,0,-64.99947886168957,-63.36268159374595,-76.69584208771633,-75.3807245332057,9,9
Each government was there discovering that legislature to approve.,There was each government discovering that legislature to approve.,semantics,quantifiers,existential_there_quantifiers_2,True,False,False,False,410,0.9538242481590771,1.2912152117288571,-0.33739096356978004,0,-74.04949975013733,-69.3604725599289,-83.5877422317281,-82.27262467721746,10,10
All legislatures aren't there enticing those fathers of the Borgias to depart.,There aren't all legislatures enticing those fathers of the Borgias to depart.,semantics,quantifiers,existential_there_quantifiers_2,True,False,False,False,411,2.23135711195704,2.064221026919135,0.16713608503790534,1,-98.98925734311342,-101.11015217192471,-132.45961402246903,-132.07346757571173,15,15
Every popsicle wasn't there evaporating.,There wasn't every popsicle evaporating.,semantics,quantifiers,existential_there_quantifiers_2,True,False,False,False,412,2.7116483643414173,3.025290577362698,-0.3136422130212808,0,-57.41665203124285,-54.20883521065116,-81.8214873103156,-81.43645040691544,9,9
All documentaries about the Great Lakes are there scaring Allison.,There are all documentaries about the Great Lakes scaring Allison.,semantics,quantifiers,existential_there_quantifiers_2,True,False,False,False,413,1.882726988475871,2.4536500270733748,-0.5709230385975037,0,-82.15424036979675,-74.91701745986938,-104.7469642315072,-104.36081778474988,12,12
Every muffin wasn't there hurting drivers.,There wasn't every muffin hurting drivers.,semantics,quantifiers,existential_there_quantifiers_2,True,False,False,False,414,1.6088985780494687,2.10652880944605,-0.49763023139658147,0,-62.30562720634043,-57.44191822037101,-76.78571440878565,-76.40067750538546,9,9
Each essay is there aggravating Jodi.,There is each essay aggravating Jodi.,semantics,quantifiers,existential_there_quantifiers_2,True,False,False,False,415,1.9954055307394123,2.01103461513169,-0.015629084392277726,0,-66.68778371810913,-65.232004404068,-84.64643349476384,-83.3313159402532,9,9
Most books are there vanishing.,There are most books vanishing.,semantics,quantifiers,existential_there_quantifiers_2,True,False,False,False,416,1.3367858258851808,1.4695401364821972,-0.13275431059701637,0,-41.667240262031555,-40.06413376331329,-49.68795521734264,-48.881374582206476,6,6
Every play about Winston Churchill is there stunning this boy.,There is every play about Winston Churchill stunning this boy.,semantics,quantifiers,existential_there_quantifiers_2,True,False,False,False,417,0.9689899913953236,1.2685635467330796,-0.299573555337756,0,-82.67855525016785,-78.99820923805237,-93.3374451555164,-92.95240825211624,11,11
All mushrooms weren't there boring a lot of guys.,There weren't all mushrooms boring a lot of guys.,semantics,quantifiers,existential_there_quantifiers_2,True,False,False,False,418,2.1020110601799846,2.1443547144203565,-0.0423436542403719,0,-60.839892545714974,-59.98796590231359,-83.9620142076948,-83.57586776093751,11,11
Most screens aren't there confusing a lot of children.,There aren't most screens confusing a lot of children.,semantics,quantifiers,existential_there_quantifiers_2,True,False,False,False,419,2.379596268301526,2.1873451087143136,0.1922511595872125,1,-60.22617690451443,-61.53435902483761,-86.40173585583122,-85.59515522069506,11,11
Each photograph was there stunning Stephen.,There was each photograph stunning Stephen.,semantics,quantifiers,existential_there_quantifiers_2,True,False,False,False,420,1.09788082662095,0.8328760276175474,0.2650047990034027,1,-55.64536261558533,-56.18527865409851,-63.33052840193198,-62.01541084742134,7,7
All pictures weren't there embarrassing the Borgias.,There weren't all pictures embarrassing the Borgias.,semantics,quantifiers,existential_there_quantifiers_2,True,False,False,False,421,1.9061156651594757,2.00793376775093,-0.10181810259145418,0,-64.97720984742045,-63.57288237474859,-84.03836649901521,-83.65222005225789,10,10
Each shoe isn't there vanishing.,There isn't each shoe vanishing.,semantics,quantifiers,existential_there_quantifiers_2,True,False,False,False,422,1.326536300898143,1.7272465890999118,-0.4007102882017688,0,-49.582593500614166,-45.46250392869115,-58.86834760690117,-57.55323005239053,7,7
Every library isn't there failing to break every vase.,There isn't every library failing to break every vase.,semantics,quantifiers,existential_there_quantifiers_2,True,False,False,False,423,2.1530278324751912,2.0189098821806986,0.1341179502944927,1,-73.88736735098064,-75.11174585111439,-99.72370134068294,-99.33866443728277,12,12
Each car is there accelerating.,There is each car accelerating.,semantics,quantifiers,existential_there_quantifiers_2,True,False,False,False,424,1.3753828243451356,1.6095910080567368,-0.23420818371160124,0,-40.40350741147995,-37.68314075469971,-48.655804357550764,-47.34068680304013,6,6
Every sketch was there falling.,There was every sketch falling.,semantics,quantifiers,existential_there_quantifiers_2,True,False,False,False,425,0.8661608517660137,0.9422954212488589,-0.07613456948284525,0,-42.69202494621277,-41.85018062591553,-47.88899005680885,-47.50395315340868,6,6
Each horse wasn't there irritating every student.,There wasn't each horse irritating every student.,semantics,quantifiers,existential_there_quantifiers_2,True,False,False,False,426,1.373552237343192,1.6083250075167637,-0.23477277017357157,0,-64.79251956939697,-61.364447083324194,-77.1544897054857,-75.83937215097507,9,9
All jackets aren't there alarming these waitresses.,There aren't all jackets alarming these waitresses.,semantics,quantifiers,existential_there_quantifiers_2,True,False,False,False,427,1.6100774505991695,1.1653542756851691,0.4447231749140004,1,-71.35140117816627,-75.41248648054898,-87.45217568415796,-87.06602923740067,10,10
Each lady isn't there helping Danielle.,There isn't each lady helping Danielle.,semantics,quantifiers,existential_there_quantifiers_2,True,False,False,False,428,1.8269635927338257,1.83505654984552,-0.008092957111694332,0,-53.00188278593123,-51.622021574527025,-67.61759152780184,-66.30247397329119,8,8
All photographs of many glasses weren't there disturbing Craig.,There weren't all photographs of many glasses disturbing Craig.,semantics,quantifiers,existential_there_quantifiers_2,True,False,False,False,429,1.9909796867311902,1.8102752867817147,0.1807043999494755,1,-71.22421702370048,-72.82581897638738,-93.12499357774357,-92.73884713098624,11,11
All students were there sighing.,There were all students sighing.,semantics,quantifiers,existential_there_quantifiers_2,True,False,False,False,430,1.1367714380523688,1.823932173992622,-0.6871607359402532,0,-45.53057926893234,-40.33430767059326,-53.487979335298924,-53.101832888541615,7,7
Every cafe isn't there falling.,There isn't every cafe falling.,semantics,quantifiers,existential_there_quantifiers_2,True,False,False,False,431,1.3515060053462256,1.5399662031828905,-0.1884601978366649,0,-46.989324792288244,-45.28506650403142,-56.44986682971182,-56.06482992631165,7,7
Each teenager was there eating.,There was each teenager eating.,semantics,quantifiers,existential_there_quantifiers_2,True,False,False,False,432,1.130126539433288,1.452860544910152,-0.3227340054768639,0,-41.7359778881073,-38.484456300735474,-48.51673712470703,-47.201619570196385,6,6
Every art gallery wasn't there alarming these patients.,There wasn't every art gallery alarming these patients.,semantics,quantifiers,existential_there_quantifiers_2,True,False,False,False,433,1.5476075490555332,1.4580098419102256,0.08959770714530757,1,-73.67366098612547,-74.18460115417838,-89.1497364766808,-88.76469957328064,10,10
Each banana isn't there astounding these women.,There isn't each banana astounding these women.,semantics,quantifiers,existential_there_quantifiers_2,True,False,False,False,434,0.7344986082146774,0.8610344572649163,-0.12653584905023896,0,-69.91013342142105,-67.45619322545826,-76.52062089535315,-75.20550334084251,9,9
Each adult was there grinning.,There was each adult grinning.,semantics,quantifiers,existential_there_quantifiers_2,True,False,False,False,435,0.12117258184570782,0.38382168805601086,-0.262649106210303,0,-48.77896809577942,-45.88795590400696,-49.506003586853666,-48.19088603234302,6,6
All shows about Monet aren't there shocking Monica.,There aren't all shows about Monet shocking Monica.,semantics,quantifiers,existential_there_quantifiers_2,True,False,False,False,436,1.0260512887808153,1.166870965672434,-0.14081967689161878,0,-84.04308191686869,-82.10791902430356,-95.32964609345765,-94.94349964670033,11,11
All movie theaters were there distracting Becky.,There were all movie theaters distracting Becky.,semantics,quantifiers,existential_there_quantifiers_2,True,False,False,False,437,1.1038088712815153,1.3859696723876098,-0.28216080110609454,0,-63.07888197898865,-60.43544912338257,-71.90935294924077,-71.52320650248345,8,8
All bicycles were there stopping.,There were all bicycles stopping.,semantics,quantifiers,existential_there_quantifiers_2,True,False,False,False,438,1.6848902340801146,2.222505649088184,-0.5376154150080694,0,-39.12703335285187,-35.51519441604614,-49.236374757332555,-48.85022831057525,6,6
All forks aren't there falling.,There aren't all forks falling.,semantics,quantifiers,existential_there_quantifiers_2,True,False,False,False,439,1.7024579363975403,1.711387937396643,-0.008930000999102683,0,-43.33421200606972,-42.88555555231869,-55.2514175608525,-54.865271114095194,7,7
All commentaries are there annoying Guy.,There are all commentaries annoying Guy.,semantics,quantifiers,existential_there_quantifiers_2,True,False,False,False,440,0.6042573515062806,1.0043139942108859,-0.4000566427046053,0,-65.42749404907227,-61.8408944606781,-70.26155286112251,-69.87540641436519,8,8
Most eggplants aren't there vanishing.,There aren't most eggplants vanishing.,semantics,quantifiers,existential_there_quantifiers_2,True,False,False,False,441,1.720251759058802,1.7946722904039012,-0.07442053134509918,0,-64.33000363595784,-62.85363821871579,-79.81226946748706,-79.0056888323509,9,9
All museums weren't there changing.,There weren't all museums changing.,semantics,quantifiers,existential_there_quantifiers_2,True,False,False,False,442,1.6737521891150402,1.8559349404352992,-0.18218275132025896,0,-45.31838949769735,-43.65696379169822,-57.034654821502635,-56.64850837474531,7,7
Every movie theater was there existing.,There was every movie theater existing.,semantics,quantifiers,existential_there_quantifiers_2,True,False,False,False,443,1.4001806253955809,1.4686015524406204,-0.06842092704503955,0,-48.43411445617676,-47.570131063461304,-58.23537883394582,-57.850341930545646,7,7
Most boys weren't there cheering.,There weren't most boys cheering.,semantics,quantifiers,existential_there_quantifiers_2,True,False,False,False,444,2.146714541935899,1.9546555877643053,0.1920589541715938,1,-41.206277791410685,-41.74410983547568,-56.23327958496198,-55.42669894982582,7,7
All fathers of Tiffany aren't there cooking.,There aren't all fathers of Tiffany cooking.,semantics,quantifiers,existential_there_quantifiers_2,True,False,False,False,445,1.873285965642986,2.040701837851726,-0.16741587220874,0,-55.91486128419638,-54.02197198756039,-72.77443497498325,-72.38828852822593,9,9
All public parks are there disgusting Beverly.,There are all public parks disgusting Beverly.,semantics,quantifiers,existential_there_quantifiers_2,True,False,False,False,446,1.1933711538518708,1.0939443900127443,0.09942676383912641,1,-61.22858738899231,-61.637855052948,-70.77555661980728,-70.38941017304995,8,8
Most pants were there loosening.,There were most pants loosening.,semantics,quantifiers,existential_there_quantifiers_2,True,False,False,False,447,1.8969611478630557,2.1670541159770176,-0.2700929681139619,0,-47.79490327835083,-45.09767186641693,-61.07363131339222,-60.267050678256055,7,7
All granddaughters of Christine were there forgetting who bother those ladies.,There were all granddaughters of Christine forgetting who bother those ladies.,semantics,quantifiers,existential_there_quantifiers_2,True,False,False,False,448,2.0448325194298524,2.2501096458405407,-0.2052771264106883,0,-93.21887445449829,-89.95884823799133,-121.84652972651622,-121.4603832797589,14,14
Every screen isn't there appearing.,There isn't every screen appearing.,semantics,quantifiers,existential_there_quantifiers_2,True,False,False,False,449,1.7410817455852847,1.6907973709517188,0.05028437463356594,1,-44.27379887737334,-44.24075259640813,-56.46137109647033,-56.07633419307016,7,7
All wheelbarrows aren't there disturbing Frank.,There aren't all wheelbarrows disturbing Frank.,semantics,quantifiers,existential_there_quantifiers_2,True,False,False,False,450,2.1109552968504004,2.1182344490805463,-0.007279152230145858,0,-65.78730751387775,-65.328369544819,-86.89686048238175,-86.51071403562446,10,10
Every jacket is there annoying Nancy.,There is every jacket annoying Nancy.,semantics,quantifiers,existential_there_quantifiers_2,True,False,False,False,451,0.7904740198106411,1.0305232858057027,-0.2400492659950616,0,-53.88613307476044,-51.820751309394836,-59.419451213434925,-59.034414310034755,7,7
Most shawls are there worrying Lisa.,There are most shawls worrying Lisa.,semantics,quantifiers,existential_there_quantifiers_2,True,False,False,False,452,1.6578886683451293,2.025348577882918,-0.36745990953778884,0,-64.08930134773254,-59.97558152675629,-79.01029936283871,-78.20371872770255,9,9
Every jacket wasn't there upsetting Angela.,There wasn't every jacket upsetting Angela.,semantics,quantifiers,existential_there_quantifiers_2,True,False,False,False,453,1.9068602261700924,1.896214955244588,0.01064527092550449,1,-55.1898791026324,-54.890004366636276,-70.44476091199314,-70.05972400859298,8,8
Most granddaughters of Adam aren't there urging Dawn to hurt those waitresses.,There aren't most granddaughters of Adam urging Dawn to hurt those waitresses.,semantics,quantifiers,existential_there_quantifiers_2,True,False,False,False,454,2.048987492066949,2.139587432807499,-0.09059994074055,0,-115.5186153948307,-113.17183576710522,-150.35140275996883,-149.5448221248327,17,17
Most patients are there motivating Jerry's cousins to kiss Kimberley.,There are most patients motivating Jerry's cousins to kiss Kimberley.,semantics,quantifiers,existential_there_quantifiers_2,True,False,False,False,455,1.6063427761088025,1.7013640169250266,-0.0950212408162241,0,-98.45972871780396,-96.41787195205688,-119.34218480721839,-118.53560417208223,13,13
Every cafe is there aggravating those companies.,There is every cafe aggravating those companies.,semantics,quantifiers,existential_there_quantifiers_2,True,False,False,False,456,2.215316359519022,2.3504471537241867,-0.1351307942051645,0,-60.94402861595154,-59.342814564704895,-80.88187585162274,-80.49683894822257,9,9
All hospitals were there pushing Naomi to cough.,There were all hospitals pushing Naomi to cough.,semantics,quantifiers,existential_there_quantifiers_2,True,False,False,False,457,1.0790856960421833,1.6565236508860215,-0.5774379548438382,0,-66.63644409179688,-61.05335605144501,-76.34821535617652,-75.9620689094192,9,9
All prints of a lot of boys aren't there embarrassing this woman.,There aren't all prints of a lot of boys embarrassing this woman.,semantics,quantifiers,existential_there_quantifiers_2,True,False,False,False,458,2.208603848144995,1.9430888695333997,0.26551497861159556,1,-71.40154800191522,-74.73261125572026,-102.32200187594515,-101.93585542918785,14,14
Each play about the Impressionists isn't there bothering Ella.,There isn't each play about the Impressionists bothering Ella.,semantics,quantifiers,existential_there_quantifiers_2,True,False,False,False,459,2.579449053996135,2.596248138322476,-0.016799084326340807,0,-84.44768808595836,-82.89738335087895,-120.55997484190425,-119.24485728739361,14,14
All casseroles weren't there stunning that man.,There weren't all casseroles stunning that man.,semantics,quantifiers,existential_there_quantifiers_2,True,False,False,False,460,2.1890390021034936,1.993223539478304,0.19581546262518956,1,-68.35867191851139,-70.12649556063116,-92.43810094164982,-92.0519544948925,11,11
All hills are there existing.,There are all hills existing.,semantics,quantifiers,existential_there_quantifiers_2,True,False,False,False,461,1.069711879793297,1.5729347392466586,-0.5032228594533616,0,-40.487552881240845,-37.08206927776337,-46.90582416000063,-46.51967771324332,6,6
All stories are there upsetting the Lutherans.,There are all stories upsetting the Lutherans.,semantics,quantifiers,existential_there_quantifiers_2,True,False,False,False,462,1.0933115785270817,1.5408485348315253,-0.44753695630444357,0,-63.79316067695618,-59.37918162345886,-73.63296488369991,-73.24681843694259,9,9
Every print was there irritating Tammy.,There was every print irritating Tammy.,semantics,quantifiers,existential_there_quantifiers_2,True,False,False,False,463,0.5061283283355026,0.7718304457077798,-0.2657021173722772,0,-61.108805894851685,-58.86385416984558,-64.6517041932002,-64.26666728980004,7,7
Each picture is there looking like Marie.,There is each picture looking like Marie.,semantics,quantifiers,existential_there_quantifiers_2,True,False,False,False,464,1.9352428489518756,1.6044677275206976,0.33077512143117804,1,-45.72654712200165,-47.05763053894043,-61.20848991361665,-59.89337235910601,8,8
Most plays weren't there impressing Bethany.,There weren't most plays impressing Bethany.,semantics,quantifiers,existential_there_quantifiers_2,True,False,False,False,465,1.9064497820042448,2.2757280139776155,-0.36927823197337073,0,-71.25540897250175,-66.75604601763189,-90.3199067925442,-89.51332615740804,10,10
Most newspaper articles weren't there stunning Allison.,There weren't most newspaper articles stunning Allison.,semantics,quantifiers,existential_there_quantifiers_2,True,False,False,False,466,0.9403711073451448,0.7921810170806225,0.14819009026452235,1,-74.76333251595497,-75.29046269319952,-83.22667248206128,-82.42009184692512,9,9
All reports about Jesus are there disturbing every driver.,There are all reports about Jesus disturbing every driver.,semantics,quantifiers,existential_there_quantifiers_2,True,False,False,False,467,0.9201198014852963,1.7514449728076442,-0.831325171322348,0,-74.69170439243317,-65.99230623245239,-83.89290240728613,-83.50675596052884,10,10
All turtles weren't there upsetting Anna.,There weren't all turtles upsetting Anna.,semantics,quantifiers,existential_there_quantifiers_2,True,False,False,False,468,1.809617756290077,1.8567946500821577,-0.047176893792080676,0,-55.14224930666387,-54.37868770956993,-69.61919135698449,-69.23304491022719,8,8
All dishes are there alarming Suzanne.,There are all dishes alarming Suzanne.,semantics,quantifiers,existential_there_quantifiers_2,True,False,False,False,469,0.6504141892158078,1.1033939893645004,-0.45297980014869255,0,-56.76972734928131,-53.212722301483154,-61.322626673791966,-60.93648022703466,7,7
All public parks aren't there upsetting Ruth.,There aren't all public parks upsetting Ruth.,semantics,quantifiers,existential_there_quantifiers_2,True,False,False,False,470,1.8530360371330579,1.5618418631007829,0.291194174032275,1,-61.85183949023485,-64.08644060976803,-78.52916382443237,-78.14301737767508,9,9
Every projector was there appearing.,There was every projector appearing.,semantics,quantifiers,existential_there_quantifiers_2,True,False,False,False,471,1.254307236775875,1.5782887275437136,-0.32398149076783866,0,-43.94145226478577,-41.612526416778564,-51.467295685441016,-51.082258782040846,6,6
Most rivers aren't there freezing.,There aren't most rivers freezing.,semantics,quantifiers,existential_there_quantifiers_2,True,False,False,False,472,2.1675330435458013,1.5435411927324583,0.6239918508133431,1,-42.87382363528013,-46.43518595583737,-58.04655494010074,-57.239974304964576,7,7
All sisters of Kendra aren't there scaring Melinda.,There aren't all sisters of Kendra scaring Melinda.,semantics,quantifiers,existential_there_quantifiers_2,True,False,False,False,473,2.187427855582465,2.4496730504204653,-0.26224519483800046,0,-86.90434424579144,-83.1090102661401,-115.34090636836348,-114.95475992160615,13,13
Every unicycle is there astounding Spain.,There is every unicycle astounding Spain.,semantics,quantifiers,existential_there_quantifiers_2,True,False,False,False,474,0.368646469954939,0.7074207688589134,-0.33877429890397437,0,-69.19519972801208,-66.09996843338013,-72.1443714876516,-71.75933458425143,8,8
Each actress wasn't there arguing about Jerry.,There wasn't each actress arguing about Jerry.,semantics,quantifiers,existential_there_quantifiers_2,True,False,False,False,475,1.6972177968791553,1.8372608889682738,-0.14004309208911847,0,-60.49800417199731,-57.92249878868461,-75.7729643439097,-74.45784678939907,9,9
Most slopes aren't there shocking Phillip.,There aren't most slopes shocking Phillip.,semantics,quantifiers,existential_there_quantifiers_2,True,False,False,False,476,1.3226906132314724,0.8144425524790471,0.5082480607524253,1,-63.047115821391344,-66.30651967227459,-73.62864072724312,-72.82206009210697,8,8
All guests weren't there worrying those organizations.,There weren't all guests worrying those organizations.,semantics,quantifiers,existential_there_quantifiers_2,True,False,False,False,477,2.0006405858868437,2.3584854589004056,-0.35784487301356194,0,-58.5201571136713,-54.91340680979192,-76.5259223866529,-76.13977593989557,9,9
Each mirror isn't there distracting Diana.,There isn't each mirror distracting Diana.,semantics,quantifiers,existential_there_quantifiers_2,True,False,False,False,478,1.9598543036189007,1.7768787273882651,0.18297557623063554,1,-55.19866761378944,-55.34735466912389,-70.87750204274064,-69.56238448823001,8,8
Most photographs are there stunning Eva.,There are most photographs stunning Eva.,semantics,quantifiers,existential_there_quantifiers_2,True,False,False,False,479,1.4051166791151277,1.0049379099941578,0.40017876912096995,1,-54.053282022476196,-56.04795277118683,-63.88909877628209,-63.08251814114593,7,7
Each scarf was there impressing Florence.,There was each scarf impressing Florence.,semantics,quantifiers,existential_there_quantifiers_2,True,False,False,False,480,1.6685459344400009,1.4888422422614482,0.17970369217855264,1,-59.596014738082886,-59.71852672100067,-72.94438221360289,-71.62926465909226,8,8
All cars were there upsetting Beth.,There were all cars upsetting Beth.,semantics,quantifiers,existential_there_quantifiers_2,True,False,False,False,481,1.2675780544634523,1.6738034433234747,-0.40622538886002246,0,-50.01845896244049,-46.788734793663025,-58.891505343684656,-58.50535889692735,7,7
All pictures of Candice weren't there boring Benjamin.,There weren't all pictures of Candice boring Benjamin.,semantics,quantifiers,existential_there_quantifiers_2,True,False,False,False,482,2.144081771183613,2.1584454762734087,-0.014363705089795786,0,-69.64135983586311,-69.09721263311803,-93.22625931888285,-92.84011287212553,11,11
Each cake wasn't there stunning Joseph.,There wasn't each cake stunning Joseph.,semantics,quantifiers,existential_there_quantifiers_2,True,False,False,False,483,0.9610149862603201,0.9435553159743151,0.017459670286005036,1,-61.42161783576012,-60.24617764353752,-69.10973772584268,-67.79462017133204,8,8
All malls were there looking like most sketches.,There were all malls looking like most sketches.,semantics,quantifiers,existential_there_quantifiers_2,True,False,False,False,484,1.757855729867414,2.067356011248494,-0.3095002813810799,0,-60.00922429561615,-56.83757531642914,-75.82992586442288,-75.44377941766558,9,9
Every sketch is there boring Brett.,There is every sketch boring Brett.,semantics,quantifiers,existential_there_quantifiers_2,True,False,False,False,485,1.2518354219750154,1.3588319046170878,-0.1069964826420724,0,-53.229010701179504,-52.09499841928482,-61.99185865500461,-61.606821751604436,7,7
Most books are there disgusting Wayne.,There are most books disgusting Wayne.,semantics,quantifiers,existential_there_quantifiers_2,True,False,False,False,486,1.2284119215912088,0.8626038473118953,0.3658080742793135,1,-51.02335274219513,-52.77742862701416,-59.62223619333359,-58.81565555819743,7,7
All women weren't there needing those people to love Ronald.,There weren't all women needing those people to love Ronald.,semantics,quantifiers,existential_there_quantifiers_2,True,False,False,False,487,1.885856905553479,2.1355607269635706,-0.2497038214100915,0,-72.71597177162766,-69.33337946794927,-95.34625463826941,-94.96010819151212,12,12
Each child was there begging the guy's lawyer to study.,There was each child begging the guy's lawyer to study.,semantics,quantifiers,existential_there_quantifiers_2,True,False,False,False,488,1.109956844436167,1.4344909065961364,-0.3245340621599695,0,-76.71652054786682,-71.50699424743652,-90.03600268110083,-88.72088512659016,12,12
Most teachers aren't there driving to most college campuses.,There aren't most teachers driving to most college campuses.,semantics,quantifiers,existential_there_quantifiers_2,True,False,False,False,489,2.019869993053737,1.921548940330581,0.09832105272315594,1,-70.73924013320357,-71.01419107802212,-92.95781005679467,-92.15122942165851,11,11
All cucumbers were there blackening.,There were all cucumbers blackening.,semantics,quantifiers,existential_there_quantifiers_2,True,False,False,False,490,2.2050549108493733,2.9053595058960155,-0.7003045950466422,0,-51.612258076667786,-45.62367486953735,-69.25269736346277,-68.86655091670548,8,8
Most cars weren't there embarrassing a lot of guests.,There weren't most cars embarrassing a lot of guests.,semantics,quantifiers,existential_there_quantifiers_2,True,False,False,False,491,2.4422025055019905,1.9699418513283538,0.4722606541736367,1,-59.39001750014722,-63.77830406092107,-86.25424506066912,-85.44766442553296,11,11
Every art gallery isn't there confusing Alicia.,There isn't every art gallery confusing Alicia.,semantics,quantifiers,existential_there_quantifiers_2,True,False,False,False,492,1.8063481401398462,1.437785038516618,0.36856310162322825,1,-65.78413645550609,-68.71616746671498,-82.0412697167647,-81.65623281336454,9,9
Most planes were there falling.,There were most planes falling.,semantics,quantifiers,existential_there_quantifiers_2,True,False,False,False,493,1.216799233869582,2.2335718066939747,-1.0167725728243926,0,-41.35406947135925,-34.44685339927673,-48.654864874576745,-47.84828423944058,6,6
Each college campus isn't there worrying Jennifer.,There isn't each college campus worrying Jennifer.,semantics,quantifiers,existential_there_quantifiers_2,True,False,False,False,494,1.4540576264377845,1.1387409170838163,0.31531670935396816,1,-68.11094896122813,-69.63368179090321,-81.19746759916819,-79.88235004465756,9,9
Each eggplant isn't there disappearing.,There isn't each eggplant disappearing.,semantics,quantifiers,existential_there_quantifiers_2,True,False,False,False,495,1.3474693024694773,1.699222783230475,-0.35175348076099766,0,-59.93797246180475,-55.8088270612061,-70.71772688156057,-69.4026093270499,8,8
Every print of Cynthia wasn't there disturbing Spain.,There wasn't every print of Cynthia disturbing Spain.,semantics,quantifiers,existential_there_quantifiers_2,True,False,False,False,496,1.1715313969072525,1.3899909176789578,-0.21845952077170527,0,-75.29350914992392,-72.72387703880668,-87.00882311899645,-86.62378621559625,10,10
Most stories are there annoying Michael.,There are most stories annoying Michael.,semantics,quantifiers,existential_there_quantifiers_2,True,False,False,False,497,1.205747952974963,1.3181673067232123,-0.11241935374824918,0,-50.22954058647156,-48.636024475097656,-58.6697762572963,-57.86319562216014,7,7
Every public park was there confusing Denise.,There was every public park confusing Denise.,semantics,quantifiers,existential_there_quantifiers_2,True,False,False,False,498,1.1812897229561408,1.4074275302038082,-0.2261378072476674,0,-61.419793367385864,-59.22565400600433,-70.87011115103499,-70.4850742476348,8,8
All students are there finding these eggplants.,There are all students finding these eggplants.,semantics,quantifiers,existential_there_quantifiers_2,True,False,False,False,499,1.8293720734193613,2.191807233431132,-0.3624351600117708,0,-65.60731101036072,-61.59681296348572,-83.90103174455433,-83.51488529779704,10,10
Every screen is there alarming all governments.,There is every screen alarming all governments.,semantics,quantifiers,existential_there_quantifiers_2,True,False,False,False,500,0.36050965805767277,0.8512280280161058,-0.490718369958433,0,-65.32081007957458,-61.01002621650696,-68.20488734403597,-67.8198504406358,8,8
Each art gallery is there annoying Christine.,There is each art gallery annoying Christine.,semantics,quantifiers,existential_there_quantifiers_2,True,False,False,False,501,1.1268477570730404,1.0273888593824445,0.0994588976905959,1,-64.65248537063599,-64.13303899765015,-73.66726742722031,-72.3521498727097,8,8
Every face was there aggravating many drivers.,There was every face aggravating many drivers.,semantics,quantifiers,existential_there_quantifiers_2,True,False,False,False,502,1.7401512446530585,1.895702914672449,-0.1555516700193904,0,-62.02708488702774,-60.242082953453064,-77.68844608890527,-77.3034091855051,9,9
Most mountains weren't there appearing.,There weren't most mountains appearing.,semantics,quantifiers,existential_there_quantifiers_2,True,False,False,False,503,1.8028963778885998,1.6783085122924715,0.12458786559612833,1,-45.48627342283726,-45.551807846874,-58.10654806805746,-57.2999674329213,7,7
Most peppers were there charring.,There were most peppers charring.,semantics,quantifiers,existential_there_quantifiers_2,True,False,False,False,504,1.1110835931558398,1.470105822749861,-0.3590222295940211,0,-54.16594314575195,-50.84620690345764,-61.94352829784283,-61.13694766270667,7,7
Each girl wasn't there failing to boycott some art gallery.,There wasn't each girl failing to boycott some art gallery.,semantics,quantifiers,existential_there_quantifiers_2,True,False,False,False,505,2.13215315362662,2.058112304107761,0.07404084951885892,1,-78.29449563473463,-77.8678682744503,-103.88033347825407,-102.56521592374344,12,12
Most art galleries are there confusing Stephen.,There are most art galleries confusing Stephen.,semantics,quantifiers,existential_there_quantifiers_2,True,False,False,False,506,1.4279656621676011,1.695259908594597,-0.26729424642699584,0,-62.7779803276062,-59.83304572105408,-74.20170562494701,-73.39512498981085,8,8
Every bank was there benefiting.,There was every bank benefiting.,semantics,quantifiers,existential_there_quantifiers_2,True,False,False,False,507,1.2988307544374418,1.3986451168012988,-0.09981436236385699,0,-42.77137863636017,-41.787455558776855,-50.56436316298482,-50.17932625958465,6,6
Every hat is there annoying Jason.,There is every hat annoying Jason.,semantics,quantifiers,existential_there_quantifiers_2,True,False,False,False,508,0.7760782800196709,0.8412923749964045,-0.06521409497673358,0,-52.44822371006012,-51.606688141822815,-57.88077167019782,-57.495734766797646,7,7
All newspaper articles about Spain were there hurting Janice.,There were all newspaper articles about Spain hurting Janice.,semantics,quantifiers,existential_there_quantifiers_2,True,False,False,False,509,1.0479302630864682,1.751189772645148,-0.7032595095586798,0,-85.20354044437408,-77.08153939247131,-96.73077333832524,-96.34462689156794,11,11
Every legislature wasn't there proving to approach Valerie.,There wasn't every legislature proving to approach Valerie.,semantics,quantifiers,existential_there_quantifiers_2,True,False,False,False,510,1.3929239638762396,1.44233619325735,-0.04941222938111034,0,-75.31232435628772,-74.43316515907645,-89.24156399505011,-88.85652709164995,10,10
Each dog is there ascending these mountains.,There is each dog ascending these mountains.,semantics,quantifiers,existential_there_quantifiers_2,True,False,False,False,511,1.5112142461027442,1.4244023364463931,0.0868119096563511,1,-54.69817125797272,-54.07754898071289,-66.78788522679467,-65.47276767228404,8,8
All documentaries are there stunning the Impressionists.,There are all documentaries stunning the Impressionists.,semantics,quantifiers,existential_there_quantifiers_2,True,False,False,False,512,2.0352428843934063,2.4890526204969405,-0.45380973610353426,0,-71.78057384490967,-66.856330037117,-92.13300268884373,-91.74685624208641,10,10
Each plate wasn't there looking like the print.,There wasn't each plate looking like the print.,semantics,quantifiers,existential_there_quantifiers_2,True,False,False,False,513,2.0011649213736407,1.8635319881374783,0.13763293323616232,1,-55.29597200267017,-55.357183780521154,-75.30762121640657,-73.99250366189594,10,10
Each picture isn't there embarrassing Kristen.,There isn't each picture embarrassing Kristen.,semantics,quantifiers,existential_there_quantifiers_2,True,False,False,False,514,1.624355570246113,1.3984362358239366,0.22591933442217638,1,-56.3809988386929,-56.87323595955968,-69.37584340066181,-68.06072584615117,8,8
Every movie wasn't there worrying these girls.,There wasn't every movie worrying these girls.,semantics,quantifiers,existential_there_quantifiers_2,True,False,False,False,515,1.7566307987327687,1.8521978795496226,-0.09556708081685383,0,-56.009736225008965,-54.764595594257116,-71.81941341360388,-71.43437651020372,9,9
All patients aren't there climbing down some steps.,There aren't all patients climbing down some steps.,semantics,quantifiers,existential_there_quantifiers_2,True,False,False,False,516,2.466187924661952,2.5117696057502825,-0.045581681088330495,0,-54.194790137931705,-53.352826880291104,-78.85666938455122,-78.47052293779393,10,10
Each person is there writing.,There is each person writing.,semantics,quantifiers,existential_there_quantifiers_2,True,False,False,False,517,1.7471470333732182,1.9572241872405343,-0.21007715386731607,0,-34.639830231666565,-32.064249753952026,-45.122712431905875,-43.80759487739523,6,6
Each closet was there appearing.,There was each closet appearing.,semantics,quantifiers,existential_there_quantifiers_2,True,False,False,False,518,0.998552906621858,0.7991063151113167,0.19944659151054134,1,-43.914973735809326,-43.79653573036194,-49.906291175540474,-48.59117362102984,6,6
Most children are there leaving Richard.,There are most children leaving Richard.,semantics,quantifiers,existential_there_quantifiers_2,True,False,False,False,519,1.4507011019599716,1.5708999177051166,-0.12019881574514502,0,-45.00443196296692,-43.356459617614746,-55.15933967668672,-54.35275904155056,7,7
All pictures aren't there impressing Mark.,There aren't all pictures impressing Mark.,semantics,quantifiers,existential_there_quantifiers_2,True,False,False,False,520,2.284728418137424,2.327549594273099,-0.04282117613567493,0,-54.73305703513324,-53.961520003154874,-75.29561279837006,-74.90946635161276,9,9
Every newspaper article isn't there impressing all hospitals.,There isn't every newspaper article impressing all hospitals.,semantics,quantifiers,existential_there_quantifiers_2,True,False,False,False,521,1.8363668660351622,1.7078658760612613,0.12850098997390091,1,-77.1861218251288,-78.21459581144154,-97.38615735151558,-97.00112044811542,11,11
Each art gallery wasn't there disgusting Cynthia.,There wasn't each art gallery disgusting Cynthia.,semantics,quantifiers,existential_there_quantifiers_2,True,False,False,False,522,1.4663114689083128,1.0787881193522064,0.38752334955610634,1,-69.90203572809696,-72.07462831959128,-83.09883894827178,-81.78372139376114,9,9
All art galleries aren't there alarming Martin.,There aren't all art galleries alarming Martin.,semantics,quantifiers,existential_there_quantifiers_2,True,False,False,False,523,1.3004948074023983,1.3568515925929698,-0.05635678519057152,0,-68.09835152328014,-67.2049940098077,-79.80280478990173,-79.41665834314443,9,9
Each teacher isn't there boycotting that movie theater.,There isn't each teacher boycotting that movie theater.,semantics,quantifiers,existential_there_quantifiers_2,True,False,False,False,524,2.464626134780784,2.458778219471836,0.005847915308947904,1,-68.52862551435828,-67.27783502824605,-95.6395129969469,-94.32439544243624,11,11
All mouths were there closing.,There were all mouths closing.,semantics,quantifiers,existential_there_quantifiers_2,True,False,False,False,525,0.8212471771886266,1.4622331593595266,-0.6409859821709,0,-42.943992614746094,-38.71193027496338,-47.871475677877854,-47.48532923112054,6,6
Every casserole was there falling.,There was every casserole falling.,semantics,quantifiers,existential_there_quantifiers_2,True,False,False,False,526,2.14144458322739,2.84969800190904,-0.7082534186816503,0,-50.75236535072327,-44.70130109786987,-67.88392201654239,-67.4988851131422,8,8
Most tomatoes were there worrying Brian.,There were most tomatoes worrying Brian.,semantics,quantifiers,existential_there_quantifiers_2,True,False,False,False,527,0.9290003333767426,1.1351179162335288,-0.20611758285678616,0,-55.789342641830444,-53.53993892669678,-62.29234497546764,-61.48576434033148,7,7
Each legislature isn't there begging Rose to depart.,There isn't each legislature begging Rose to depart.,semantics,quantifiers,existential_there_quantifiers_2,True,False,False,False,528,1.3498894247284086,1.3450044638763416,0.004884960852066911,1,-74.08399874716997,-72.81773080118,-87.58289299445406,-86.26777543994342,10,10
Each banana isn't there existing.,There isn't each banana existing.,semantics,quantifiers,existential_there_quantifiers_2,True,False,False,False,529,1.0007830100748965,1.0683537595117119,-0.0675707494368154,0,-50.54622656106949,-48.758113760501146,-57.551707631593764,-56.23659007708313,7,7
Each vase was there aggravating Carol.,There was each vase aggravating Carol.,semantics,quantifiers,existential_there_quantifiers_2,True,False,False,False,530,1.8800460631192664,2.139209262137263,-0.2591631990179968,0,-66.3045666217804,-62.65698027610779,-83.22498118985379,-81.90986363534316,9,9
All cucumbers weren't there bothering some men.,There weren't all cucumbers bothering some men.,semantics,quantifiers,existential_there_quantifiers_2,True,False,False,False,531,2.4258805484408326,2.487980142311892,-0.062099593871059344,0,-61.6400933675468,-60.63295098207891,-85.89889885195512,-85.51275240519783,10,10
Most scarves are there wasting away.,There are most scarves wasting away.,semantics,quantifiers,existential_there_quantifiers_2,True,False,False,False,532,1.9554646883720004,2.1144648501308367,-0.15900016175883636,0,-52.992146253585815,-50.91356432437897,-68.63586376056182,-67.82928312542566,8,8
Each picture wasn't there annoying most teachers.,There wasn't each picture annoying most teachers.,semantics,quantifiers,existential_there_quantifiers_2,True,False,False,False,533,1.341955404250778,1.464261748892909,-0.12230634464213108,0,-63.38702967017889,-60.971155013889074,-75.46462830843589,-74.14951075392526,9,9
Each slope isn't there vanishing.,There isn't each slope vanishing.,semantics,quantifiers,existential_there_quantifiers_2,True,False,False,False,534,1.4317326111783737,1.320645644741129,0.1110869664372447,1,-50.28688307851553,-49.7493742890656,-60.309011356764145,-58.9938938022535,7,7
Most hats are there stunning Cheryl.,There are most hats stunning Cheryl.,semantics,quantifiers,existential_there_quantifiers_2,True,False,False,False,535,1.195278783330983,0.968487592765527,0.22679119056545605,1,-56.7453795671463,-57.52633726596832,-65.11233105046318,-64.30575041532701,7,7
All chairs aren't there distracting all legislatures.,There aren't all chairs distracting all legislatures.,semantics,quantifiers,existential_there_quantifiers_2,True,False,False,False,536,1.9459139904519103,1.5042389509187646,0.4416750395331457,1,-61.06778080854565,-64.65670971758664,-78.58100672261284,-78.19486027585552,9,9
All boxes weren't there annoying the pedestrian.,There weren't all boxes annoying the pedestrian.,semantics,quantifiers,existential_there_quantifiers_2,True,False,False,False,537,1.557750697345543,1.4182393788746406,0.13951131847090248,1,-59.71186554245651,-60.58132096193731,-73.7316218185664,-73.34547537180907,9,9
Most birds aren't there bothering the girls.,There aren't most birds bothering the girls.,semantics,quantifiers,existential_there_quantifiers_2,True,False,False,False,538,2.3418360033112497,2.1599432452441554,0.18189275806709437,1,-48.57659265398979,-49.407046841457486,-69.65311668379104,-68.84653604865488,9,9
Each documentary about music is there astounding Stacey.,There is each documentary about music astounding Stacey.,semantics,quantifiers,existential_there_quantifiers_2,True,False,False,False,539,1.3872501452963149,1.7448091033653015,-0.35755895806898663,0,-76.42501890659332,-71.53431177139282,-90.29752035955647,-88.98240280504584,10,10
All legislatures are there asking Galileo to talk to Becky.,There are all legislatures asking Galileo to talk to Becky.,semantics,quantifiers,existential_there_quantifiers_2,True,False,False,False,540,1.7229305156297157,1.8670913479866882,-0.14416083235697252,0,-72.80908668041229,-70.83717107772827,-91.76132235233916,-91.37517590558184,11,11
Each waiter isn't there convincing Linda to suffer.,There isn't each waiter convincing Linda to suffer.,semantics,quantifiers,existential_there_quantifiers_2,True,False,False,False,541,1.6318037591291585,1.33025782700808,0.3015459321210785,1,-71.35351998731494,-73.05386175401509,-87.67155757860652,-86.35644002409589,10,10
All glasses are there dropping.,There are all glasses dropping.,semantics,quantifiers,existential_there_quantifiers_2,True,False,False,False,542,1.018263797660951,1.717751480392104,-0.6994876827311529,0,-39.992687940597534,-35.40961539745331,-46.10227072656324,-45.71612427980593,6,6
Each glove wasn't there stretching.,There wasn't each glove stretching.,semantics,quantifiers,existential_there_quantifiers_2,True,False,False,False,543,1.6687757515208577,1.9527506515969333,-0.2839749000760756,0,-48.10857917368412,-44.80563731864095,-59.79000943433012,-58.47489187981948,7,7
Each cake was there annoying Steve.,There was each cake annoying Steve.,semantics,quantifiers,existential_there_quantifiers_2,True,False,False,False,544,0.41277391673565844,0.8054952352750675,-0.39272131853940906,0,-56.177661180496216,-52.11349439620972,-59.067078597645825,-57.75196104313519,7,7
All eyes were there confusing Bethany.,There were all eyes confusing Bethany.,semantics,quantifiers,existential_there_quantifiers_2,True,False,False,False,545,1.1305567761726998,1.7402462328078183,-0.6096894566351185,0,-58.150452852249146,-52.88679075241089,-67.19490706163074,-66.80876061487344,8,8
Every cup wasn't there irritating Dana.,There wasn't every cup irritating Dana.,semantics,quantifiers,existential_there_quantifiers_2,True,False,False,False,546,1.0562793451713013,1.219044597230134,-0.16276525205883274,0,-61.188062734901905,-59.50090381503105,-69.63829749627232,-69.25326059287212,8,8
Each screen wasn't there falling apart.,There wasn't each screen falling apart.,semantics,quantifiers,existential_there_quantifiers_2,True,False,False,False,547,2.306500841766246,2.4568864341604435,-0.1503855923941977,0,-48.34856744483113,-45.830365151166916,-66.8005741789611,-65.48545662445046,8,8
All reports about Galileo weren't there disturbing Tina.,There weren't all reports about Galileo disturbing Tina.,semantics,quantifiers,existential_there_quantifiers_2,True,False,False,False,548,1.7178079429002537,2.1185665144437706,-0.4007585715435169,0,-73.82441835850477,-69.43068619631231,-91.00249778750731,-90.61635134075001,10,10
All drivers weren't there compelling some governments to disgust the Impressionists.,There weren't all drivers compelling some governments to disgust the Impressionists.,semantics,quantifiers,existential_there_quantifiers_2,True,False,False,False,549,2.245114576123321,2.30117925012871,-0.05606467400538895,0,-101.90144103206694,-100.67432447522879,-135.57815967391676,-135.19201322715944,15,15
All peppers aren't there irritating an adult.,There aren't all peppers irritating an adult.,semantics,quantifiers,existential_there_quantifiers_2,True,False,False,False,550,1.9412904728676779,1.5293240083779456,0.4119664644897323,1,-58.59999000374228,-61.921541737392545,-76.07160425955138,-75.68545781279406,9,9
Every photograph of Wayne is there aggravating Alice.,There is every photograph of Wayne aggravating Alice.,semantics,quantifiers,existential_there_quantifiers_2,True,False,False,False,551,1.8909370512910784,2.12826893462431,-0.23733188333323185,0,-69.67094194889069,-66.9125862121582,-88.58031246180147,-88.1952755584013,10,10
Each popsicle wasn't there shocking Tammy.,There wasn't each popsicle shocking Tammy.,semantics,quantifiers,existential_there_quantifiers_2,True,False,False,False,552,1.3427480319036913,1.5006602307971377,-0.15791219889344643,0,-74.18843390606344,-71.45210656151175,-86.27316619319666,-84.958048638686,9,9
All screens are there disturbing Melanie.,There are all screens disturbing Melanie.,semantics,quantifiers,existential_there_quantifiers_2,True,False,False,False,553,1.8086712364575825,1.8332320085965879,-0.024560772139005316,0,-50.3227801322937,-49.764708280563354,-62.98347878749678,-62.59733234073947,7,7
Every actor wasn't there arriving at every grocery store.,There wasn't every actor arriving at every grocery store.,semantics,quantifiers,existential_there_quantifiers_2,True,False,False,False,554,2.364864483988865,2.752939009962523,-0.388074525973658,0,-67.39300932921469,-62.739152640104294,-93.4065186530922,-93.02148174969204,11,11
All slopes were there boring all guests.,There were all slopes boring all guests.,semantics,quantifiers,existential_there_quantifiers_2,True,False,False,False,555,0.6261401115978735,0.9845563683171061,-0.3584162567192326,0,-61.25525629520416,-58.00177979469299,-66.26437718798715,-65.87823074122984,8,8
All cats were there astounding Laurie.,There were all cats astounding Laurie.,semantics,quantifiers,existential_there_quantifiers_2,True,False,False,False,556,0.44256769082421854,0.9809337842479268,-0.5383660934237082,0,-58.56208515167236,-54.4073760509491,-61.66005898744189,-61.273912540684584,7,7
Each projector was there upsetting Connie.,There was each projector upsetting Connie.,semantics,quantifiers,existential_there_quantifiers_2,True,False,False,False,557,1.13266265120773,1.2375281232058708,-0.10486547199814078,0,-59.016669511795044,-56.967493653297424,-66.94530807024915,-65.63019051573852,7,7
Each report about Monet wasn't there existing.,There wasn't each report about Monet existing.,semantics,quantifiers,existential_there_quantifiers_2,True,False,False,False,558,1.2041616853400086,1.3955337932635359,-0.19137210792352732,0,-72.26997927576303,-69.04114064201713,-84.31159612916312,-82.99647857465249,10,10
All mouths were there impressing Rose.,There were all mouths impressing Rose.,semantics,quantifiers,existential_there_quantifiers_2,True,False,False,False,559,0.9866207733397374,1.53520283289539,-0.5485820595556525,0,-62.560457706451416,-57.7856547832489,-70.45342389316932,-70.06727744641202,8,8
All cucumbers weren't there going bad.,There weren't all cucumbers going bad.,semantics,quantifiers,existential_there_quantifiers_2,True,False,False,False,560,2.5770292306692206,2.889682063593682,-0.31265283292446133,0,-50.822748463600874,-47.62272652052343,-74.01601153962386,-73.62986509286657,9,9
Every cake wasn't there wasting away.,There wasn't every cake wasting away.,semantics,quantifiers,existential_there_quantifiers_2,True,False,False,False,561,1.5017129476100948,1.5894952703926277,-0.08778232278253295,0,-51.55671660415828,-50.46942111849785,-63.57042018503904,-63.18538328163887,8,8
Most photographs of that hair weren't there disgusting a lot of libraries.,There weren't most photographs of that hair disgusting a lot of libraries.,semantics,quantifiers,existential_there_quantifiers_2,True,False,False,False,562,2.028239098456374,1.9762717501932952,0.051967348263078694,1,-80.06998264417052,-79.99094488471746,-108.46533002255975,-107.6587493874236,14,14
Most stairs are there boring Alexander.,There are most stairs boring Alexander.,semantics,quantifiers,existential_there_quantifiers_2,True,False,False,False,563,0.812672264606522,0.6015624089453299,0.21110985566119211,1,-53.87511467933655,-54.546303033828735,-59.5638205315822,-58.757239896446045,7,7
Each computer was there disgusting Tara.,There was each computer disgusting Tara.,semantics,quantifiers,existential_there_quantifiers_2,True,False,False,False,564,0.34743942544802714,0.6492818826963672,-0.3018424572483401,0,-59.44901704788208,-56.02100229263306,-61.88109302601827,-60.56597547150763,7,7
Each patient isn't there ordering Christine's tutors to resemble most pictures.,There isn't each patient ordering Christine's tutors to resemble most pictures.,semantics,quantifiers,existential_there_quantifiers_2,True,False,False,False,565,2.0200111083910692,2.2214882745473745,-0.2014771661563053,0,-103.5503672733903,-99.21309222653508,-133.85053389925633,-132.5354163447457,15,15
Every shawl isn't there disappearing.,There isn't every shawl disappearing.,semantics,quantifiers,existential_there_quantifiers_2,True,False,False,False,566,1.982901752608364,2.276821605339882,-0.2939198527315181,0,-55.557852463796735,-52.52753688581288,-73.40396823727201,-73.01893133387182,9,9
Every association is there hurting that woman.,There is every association hurting that woman.,semantics,quantifiers,existential_there_quantifiers_2,True,False,False,False,567,0.6972143008580831,0.929171890720462,-0.2319575898623789,0,-56.92103099822998,-54.680333375930786,-62.498745405094645,-62.11370850169448,8,8
Most grandmothers of Caroline were there upsetting Julie.,There were most grandmothers of Caroline upsetting Julie.,semantics,quantifiers,existential_there_quantifiers_2,True,False,False,False,568,0.9231506298921147,1.4497799732998828,-0.5266293434077681,0,-76.14169788360596,-70.06882381439209,-85.3732041825271,-84.56662354739092,10,10
Every rabbit is there escaping.,There is every rabbit escaping.,semantics,quantifiers,existential_there_quantifiers_2,True,False,False,False,569,0.961126937576406,1.7423561822822826,-0.7812292447058766,0,-42.3147394657135,-37.242327094078064,-48.08150109117194,-47.69646418777176,6,6
All plays were there disturbing Ruth.,There were all plays disturbing Ruth.,semantics,quantifiers,existential_there_quantifiers_2,True,False,False,False,570,0.31220493497594504,0.6752697149993848,-0.3630647800234398,0,-55.51186203956604,-52.58426213264465,-57.697296584397655,-57.31115013764035,7,7
Each nose was there hurting some waitresses.,There was each nose hurting some waitresses.,semantics,quantifiers,existential_there_quantifiers_2,True,False,False,False,571,0.6352313652628381,0.9705346633824313,-0.33530329811959325,0,-69.55545723438263,-65.22260999679565,-75.27253952174817,-73.95742196723754,9,9
Every friend of Kenneth isn't there breaking every mirror.,There isn't every friend of Kenneth breaking every mirror.,semantics,quantifiers,existential_there_quantifiers_2,True,False,False,False,572,1.7263164017781387,1.7817519051061714,-0.05543550332803271,0,-69.51820797473192,-68.5233805347234,-88.50768839429145,-88.12265149089129,11,11
Most turtles are there falling asleep.,There are most turtles falling asleep.,semantics,quantifiers,existential_there_quantifiers_2,True,False,False,False,573,2.3159452843300605,2.9322028876935704,-0.6162576033635099,0,-42.956300377845764,-37.83591651916504,-59.16791736815619,-58.36133673302003,7,7
Each drawing wasn't there existing.,There wasn't each drawing existing.,semantics,quantifiers,existential_there_quantifiers_2,True,False,False,False,574,1.008277693449352,1.4145135254047096,-0.4062358319553576,0,-50.282645624130964,-46.12387724593282,-57.34058947827643,-56.025471923765785,7,7
Most jackets aren't there twirling.,There aren't most jackets twirling.,semantics,quantifiers,existential_there_quantifiers_2,True,False,False,False,575,2.496244110935507,2.1721962320416957,0.32404787889381126,1,-50.37328232638538,-52.15908472239971,-70.34323521386943,-69.53665457873328,8,8
Every commentary is there alarming many patients.,There is every commentary alarming many patients.,semantics,quantifiers,existential_there_quantifiers_2,True,False,False,False,576,1.2442983818287097,1.5667693500728141,-0.3224709682441045,0,-61.44309973716736,-58.47829508781433,-71.39748679179704,-71.01244988839684,8,8
All actors were there forgetting about who drinks.,There were all actors forgetting about who drinks.,semantics,quantifiers,existential_there_quantifiers_2,True,False,False,False,577,1.293153398133089,2.0070300008829127,-0.7138766027498238,0,-61.4120306968689,-54.60099482536316,-73.0504112800667,-72.66426483330937,9,9
All books weren't there confusing Omar.,There weren't all books confusing Omar.,semantics,quantifiers,existential_there_quantifiers_2,True,False,False,False,578,1.2504932511982538,1.4717244656591326,-0.2212312144608788,0,-57.94565861299634,-55.78966245055199,-67.94960462258237,-67.56345817582505,8,8
Every book is there scaring Kimberley.,There is every book scaring Kimberley.,semantics,quantifiers,existential_there_quantifiers_2,True,False,False,False,579,2.58792263200384,2.603574710418362,-0.015652078414521764,0,-55.057914435863495,-54.532008826732635,-78.34921812389805,-77.96418122049789,9,9
Most essays are there aggravating Alan.,There are most essays aggravating Alan.,semantics,quantifiers,existential_there_quantifiers_2,True,False,False,False,580,1.9713875671447063,2.2360062206723796,-0.26461865352767333,0,-59.314104080200195,-56.39057421684265,-75.08520461735785,-74.27862398222169,8,8
All ladders weren't there scaring those libraries.,There weren't all ladders scaring those libraries.,semantics,quantifiers,existential_there_quantifiers_2,True,False,False,False,581,2.6972337946151685,2.6821009139240406,0.015132880691127948,1,-66.19194686412811,-65.9722621049732,-95.86151860489497,-95.47537215813765,11,11
All eyes aren't there falling.,There aren't all eyes falling.,semantics,quantifiers,existential_there_quantifiers_2,True,False,False,False,582,1.5509032549051622,2.0592063197484944,-0.5083030648433322,0,-39.9919399805367,-36.047672079876065,-50.848262764872835,-50.46211631811553,7,7
Most coats aren't there boring Daniel.,There aren't most coats boring Daniel.,semantics,quantifiers,existential_there_quantifiers_2,True,False,False,False,583,1.9108360555169845,1.278052019252442,0.6327840362645425,1,-54.30396477133036,-58.55965642631054,-69.59065321546623,-68.78407258033008,8,8
All chairs were there stunning most drivers.,There were all chairs stunning most drivers.,semantics,quantifiers,existential_there_quantifiers_2,True,False,False,False,584,0.7603223080873782,0.908483701902064,-0.14816139381468574,0,-62.89829611778259,-61.32685852050781,-68.98087458248162,-68.59472813572432,8,8
All pictures of Carla are there irritating Barbara.,There are all pictures of Carla irritating Barbara.,semantics,quantifiers,existential_there_quantifiers_2,True,False,False,False,585,1.7963231901754824,2.482456024461695,-0.6861328342862125,0,-66.02172112464905,-58.7742463350296,-83.98495302640387,-83.59880657964655,10,10
Most muffins are there disappearing.,There are most muffins disappearing.,semantics,quantifiers,existential_there_quantifiers_2,True,False,False,False,586,2.1347404183724072,2.6255268810787635,-0.4907864627063563,0,-45.614959716796875,-41.37287384271622,-60.55814264540373,-59.75156201026756,7,7
Each face was there appearing.,There was each face appearing.,semantics,quantifiers,existential_there_quantifiers_2,True,False,False,False,587,1.006956992562537,1.2470306408820129,-0.24007364831947586,0,-40.760440826416016,-38.004881381988525,-46.80218278179124,-45.4870652272806,6,6
Most documentaries about Galileo were there irritating every teenager.,There were most documentaries about Galileo irritating every teenager.,semantics,quantifiers,existential_there_quantifiers_2,True,False,False,False,588,1.2010600117904005,2.0698635395205285,-0.868803527730128,0,-84.43100070953369,-74.93638479709625,-96.4416008274377,-95.63502019230154,10,10
Most women were there annoying Helen.,There were most women annoying Helen.,semantics,quantifiers,existential_there_quantifiers_2,True,False,False,False,589,0.892486261021636,1.2439058670848613,-0.3514196060632253,0,-51.73855650424957,-48.47203862667084,-57.985960331401024,-57.17937969626487,7,7
All girls aren't there regretting Julie falls.,There aren't all girls regretting Julie falls.,semantics,quantifiers,existential_there_quantifiers_2,True,False,False,False,590,1.8561152437163173,1.7528902535652122,0.10322499015110509,1,-66.31430432572961,-66.96040778048337,-84.87545676289278,-84.48931031613549,10,10
All reports are there looking like sketches.,There are all reports looking like sketches.,semantics,quantifiers,existential_there_quantifiers_2,True,False,False,False,591,2.0620857399521793,2.2972621963374342,-0.23517645638525497,0,-47.01023745536804,-44.74267935752869,-63.506923374985476,-63.12077692822816,8,8
Every print of every girl was there stunning a lot of ladies.,There was every print of every girl stunning a lot of ladies.,semantics,quantifiers,existential_there_quantifiers_2,True,False,False,False,592,1.5993541082037552,1.698116013835792,-0.0987619056320368,0,-78.41680043935776,-76.74785876274109,-99.20840384600658,-98.82336694260638,13,13
All universities were there listening to Travis.,There were all universities listening to Travis.,semantics,quantifiers,existential_there_quantifiers_2,True,False,False,False,593,1.42196664227437,1.716229738093725,-0.29426309581935506,0,-52.97782555222511,-50.237574338912964,-64.35355869042007,-63.967412243662764,8,8
Most mothers of Samuel aren't there learning.,There aren't most mothers of Samuel learning.,semantics,quantifiers,existential_there_quantifiers_2,True,False,False,False,594,1.0679668739890298,1.205829616311405,-0.13786274232237528,0,-63.85568829625845,-61.808342980220914,-73.46739016215972,-72.66080952702356,9,9
Each commentary about art was there annoying Rhonda.,There was each commentary about art annoying Rhonda.,semantics,quantifiers,existential_there_quantifiers_2,True,False,False,False,595,0.5828873572390052,1.336353455086129,-0.7534660978471237,0,-87.15177011489868,-78.30199158191681,-92.98064368728873,-91.6655261327781,10,10
Each girl was there getting a job.,There was each girl getting a job.,semantics,quantifiers,existential_there_quantifiers_2,True,False,False,False,596,1.7012780788261566,1.6424415644916515,0.0588365143345051,1,-42.7369863986969,-41.892560958862305,-56.34721102930615,-55.032093474795516,8,8
Every eggplant is there disappearing.,There is every eggplant disappearing.,semantics,quantifiers,existential_there_quantifiers_2,True,False,False,False,597,1.510170241191988,1.6821249300789387,-0.17195468888695076,0,-50.91270935535431,-49.32398962974548,-61.483901043698225,-61.098864140298055,7,7
Each newspaper article is there annoying a man.,There is each newspaper article annoying a man.,semantics,quantifiers,existential_there_quantifiers_2,True,False,False,False,598,0.8870191013422597,0.7206308991159871,0.1663882022262726,1,-64.43131399154663,-64.61369025707245,-72.41448590362697,-71.09936834911633,9,9
Each granddaughter of Kirsten is there commissioning Elaine to dislike Robert.,There is each granddaughter of Kirsten commissioning Elaine to dislike Robert.,semantics,quantifiers,existential_there_quantifiers_2,True,False,False,False,599,1.7354445145876471,1.730513648919177,0.004930865668470119,1,-100.94324335455894,-99.69715791940689,-125.239466558786,-123.92434900427537,14,14
Each boy isn't there failing to irritate Robert.,There isn't each boy failing to irritate Robert.,semantics,quantifiers,existential_there_quantifiers_2,True,False,False,False,600,2.3376595784553857,2.3638300865655477,-0.026170508110161972,0,-66.37019935250282,-64.76720620878041,-92.08445471551207,-90.76933716100143,11,11
Each cousin of Dennis isn't there murmuring.,There isn't each cousin of Dennis murmuring.,semantics,quantifiers,existential_there_quantifiers_2,True,False,False,False,601,1.7951372691974115,2.087316110900548,-0.29217884170313635,0,-66.24123721942306,-62.004331247881055,-84.19260991139717,-82.87749235688653,10,10
Every unicycle is there alarming this dancer.,There is every unicycle alarming this dancer.,semantics,quantifiers,existential_there_quantifiers_2,True,False,False,False,602,0.03215137272396381,0.6183193486774125,-0.5861679759534486,0,-78.37690091133118,-72.71635222434998,-78.66626326584685,-78.28122636244669,9,9
All photographs of those patients aren't there shocking Mary.,There aren't all photographs of those patients shocking Mary.,semantics,quantifiers,existential_there_quantifiers_2,True,False,False,False,603,2.299744977817565,2.070178979780107,0.22956599803745803,1,-65.81308588013053,-67.95216541178524,-91.11028063612375,-90.72413418936642,11,11
Every skateboard isn't there disturbing those teenagers.,There isn't every skateboard disturbing those teenagers.,semantics,quantifiers,existential_there_quantifiers_2,True,False,False,False,604,2.2762290795997813,2.4092822038334676,-0.13305312423368632,0,-66.87753496319056,-65.1619668174535,-89.63982575918837,-89.25478885578818,10,10
All windows were there wasting away.,There were all windows wasting away.,semantics,quantifiers,existential_there_quantifiers_2,True,False,False,False,605,1.2411930618372244,1.7791341571137858,-0.5379410952765613,0,-46.10450756549835,-41.952773451805115,-54.79285899835892,-54.406712551601615,7,7
Each woman is there expecting Douglas to waste away.,There is each woman expecting Douglas to waste away.,semantics,quantifiers,existential_there_quantifiers_2,True,False,False,False,606,1.4178383523379352,1.4521846510479435,-0.03434629871000827,0,-66.87570321559906,-65.21712267398834,-81.05408673897841,-79.73896918446778,10,10
Most books about Spain aren't there annoying Diana.,There aren't most books about Spain annoying Diana.,semantics,quantifiers,existential_there_quantifiers_2,True,False,False,False,607,1.5384120627494753,1.4471139001499893,0.09129816259948598,1,-69.4143071398139,-69.52070813067257,-84.79842776730865,-83.99184713217247,10,10
Most ladies aren't there thinking about some couch.,There aren't most ladies thinking about some couch.,semantics,quantifiers,existential_there_quantifiers_2,True,False,False,False,608,2.3304165941411044,1.8819900039914246,0.4484265901496798,1,-55.44884208962321,-59.12652735598385,-78.75300803103426,-77.9464273958981,10,10
Most plays aren't there boring Martha.,There aren't most plays boring Martha.,semantics,quantifiers,existential_there_quantifiers_2,True,False,False,False,609,0.9042108398430315,1.114473250840657,-0.21026241099762544,0,-60.72520586103201,-58.23652593791485,-67.95889257977626,-67.1523119446401,8,8
Every brother of the Borgias isn't there walking through the hospitals.,There isn't every brother of the Borgias walking through the hospitals.,semantics,quantifiers,existential_there_quantifiers_2,True,False,False,False,610,2.238897806080398,2.3252508260935616,-0.08635302001316347,0,-78.15867038816214,-76.56469120457768,-109.50323967328771,-109.11820276988755,14,14
Each documentary isn't there hurting Gina.,There isn't each documentary hurting Gina.,semantics,quantifiers,existential_there_quantifiers_2,True,False,False,False,611,1.6188118682035118,1.4259144557717747,0.19289741243173708,1,-57.338062355294824,-57.566124100238085,-70.28855730092292,-68.97343974641228,8,8
Most malls aren't there disappearing.,There aren't most malls disappearing.,semantics,quantifiers,existential_there_quantifiers_2,True,False,False,False,612,2.0191513972284167,1.8881932123126657,0.13095818491575106,1,-48.35500276274979,-48.46512942202389,-62.48906254334871,-61.68248190821255,7,7
Most carriages weren't there impressing Patricia.,There weren't most carriages impressing Patricia.,semantics,quantifiers,existential_there_quantifiers_2,True,False,False,False,613,2.3435292497038263,2.4574588190176714,-0.11392956931384512,0,-68.34349517896771,-66.3976188506931,-91.77878767600598,-90.97220704086982,10,10
Every river is there upsetting many doctors.,There is every river upsetting many doctors.,semantics,quantifiers,existential_there_quantifiers_2,True,False,False,False,614,0.9701132857766943,1.2251320468131226,-0.2550187610364283,0,-59.410600900650024,-56.985413908958435,-67.17150718686358,-66.78647028346342,8,8
Most restaurants were there upsetting Theresa.,There were most restaurants upsetting Theresa.,semantics,quantifiers,existential_there_quantifiers_2,True,False,False,False,615,1.1483643804417585,1.5282213284675257,-0.3798569480257672,0,-57.7350013256073,-54.26942205429077,-65.77355198869961,-64.96697135356345,7,7
Each drawing isn't there hurting Kimberley.,There isn't each drawing hurting Kimberley.,semantics,quantifiers,existential_there_quantifiers_2,True,False,False,False,616,1.8380626667878093,2.036739906959727,-0.1986772401719179,0,-63.883979577571154,-60.78076686151326,-80.42654357866144,-79.1114260241508,9,9
Each grandmother of Eva is there wanting James to win.,There is each grandmother of Eva wanting James to win.,semantics,quantifiers,existential_there_quantifiers_2,True,False,False,False,617,1.4225256143642648,1.6529522440516138,-0.23042662968734895,0,-74.14055383205414,-70.29074335098267,-89.78833559006105,-88.47321803555042,11,11
Each skateboard isn't there vanishing.,There isn't each skateboard vanishing.,semantics,quantifiers,existential_there_quantifiers_2,True,False,False,False,618,2.2078652843913247,2.508915590252059,-0.3010503058607341,0,-53.391919711604714,-49.66839971020818,-71.05484198673531,-69.73972443222465,8,8
Every closet is there bothering Spain.,There is every closet bothering Spain.,semantics,quantifiers,existential_there_quantifiers_2,True,False,False,False,619,1.3745977780879062,1.0342023420026496,0.3403954360852566,1,-50.00766557455063,-52.00539672374725,-59.62985002116597,-59.2448131177658,7,7
Every boy was there eating.,There was every boy eating.,semantics,quantifiers,existential_there_quantifiers_2,True,False,False,False,620,1.6787602765166139,1.9794983598760574,-0.3007380833594435,0,-32.60662007331848,-30.417154669761658,-42.679181732418165,-42.294144829018,6,6
Each cousin of Linda isn't there seeming to vaporize.,There isn't each cousin of Linda seeming to vaporize.,semantics,quantifiers,existential_there_quantifiers_2,True,False,False,False,621,2.0507163616748443,1.6439686268988705,0.4067477347759738,1,-77.1071373410523,-80.67299260385334,-101.71573368115043,-100.40061612663979,12,12
All cashiers weren't there lifting most socks.,There weren't all cashiers lifting most socks.,semantics,quantifiers,existential_there_quantifiers_2,True,False,False,False,622,1.723568334598366,1.6688391441228418,0.05472919047552405,1,-68.86868054792285,-69.02982600592077,-86.10436389390651,-85.71821744714919,10,10
Each drawing of these forks wasn't there embarrassing Marie.,There wasn't each drawing of these forks embarrassing Marie.,semantics,quantifiers,existential_there_quantifiers_2,True,False,False,False,623,1.1595412886713115,0.9963185796987453,0.1632227089725662,1,-81.27536402270198,-81.75569626688957,-94.0303181980864,-92.71520064357577,11,11
Each show about current events isn't there alarming Karen.,There isn't each show about current events alarming Karen.,semantics,quantifiers,existential_there_quantifiers_2,True,False,False,False,624,1.4126469142065874,1.475639847518282,-0.06299293331169453,0,-80.017748599872,-78.00970877893269,-95.55686465614446,-94.24174710163379,11,11
Most friends of Grace aren't there discovering who bother Deborah.,There aren't most friends of Grace discovering who bother Deborah.,semantics,quantifiers,existential_there_quantifiers_2,True,False,False,False,625,1.4475458809317985,1.6340409357264154,-0.18649505479461692,0,-85.6816072538495,-82.63708596117795,-103.05215782503109,-102.24557718989493,12,12
All paintings were there scaring Jennifer.,There were all paintings scaring Jennifer.,semantics,quantifiers,existential_there_quantifiers_2,True,False,False,False,626,1.2653282766438885,1.9259925791652357,-0.6606643025213472,0,-59.11019587516785,-53.438735008239746,-69.23282208831895,-68.84667564156163,8,8
All documentaries about Spain are there confusing Dennis.,There are all documentaries about Spain confusing Dennis.,semantics,quantifiers,existential_there_quantifiers_2,True,False,False,False,627,0.5180336075474467,1.344138776043154,-0.8261051684957074,0,-75.12743377685547,-67.30634081363678,-79.78973624478249,-79.40358979802517,9,9
All hospitals were there motivating every university to like Suzanne.,There were all hospitals motivating every university to like Suzanne.,semantics,quantifiers,existential_there_quantifiers_2,True,False,False,False,628,0.9374917320643874,1.275746745482151,-0.33825501341776354,0,-84.67472612857819,-80.56777453422546,-94.98713518128645,-94.60098873452912,11,11
All sons of the student were there obligating Sherry to cheer.,There were all sons of the student obligating Sherry to cheer.,semantics,quantifiers,existential_there_quantifiers_2,True,False,False,False,629,1.282130800141504,1.6334915369506209,-0.35136073680911695,0,-97.16999161243439,-91.86479485034943,-115.11982281441544,-114.73367636765812,14,14
Most spotlights weren't there upsetting Tara.,There weren't most spotlights upsetting Tara.,semantics,quantifiers,existential_there_quantifiers_2,True,False,False,False,630,2.020340768629334,2.132935092444266,-0.11259432381493184,0,-66.58307901024818,-64.76314946077764,-84.76614592791219,-83.95956529277603,9,9
All paintings of the waiters are there distracting Todd.,There are all paintings of the waiters distracting Todd.,semantics,quantifiers,existential_there_quantifiers_2,True,False,False,False,631,1.167757580979252,1.3371482250046205,-0.16939064402536852,0,-74.50646722316742,-72.25702369213104,-87.35180061393919,-86.96565416718187,11,11
Each spotlight is there stunning the person.,There is each spotlight stunning the person.,semantics,quantifiers,existential_there_quantifiers_2,True,False,False,False,632,0.6433447138045807,0.48491220571282767,0.15843250809175302,1,-61.40054368972778,-61.35288619995117,-66.54730140016443,-65.2321838456538,8,8
Most high schools are there looking like these drawings.,There are most high schools looking like these drawings.,semantics,quantifiers,existential_there_quantifiers_2,True,False,False,False,633,2.49767524420333,2.7216688225354178,-0.22399357833208766,0,-55.68755257129669,-52.64103615283966,-80.66430501333,-79.85772437819384,10,10
Every play was there annoying Spain.,There was every play annoying Spain.,semantics,quantifiers,existential_there_quantifiers_2,True,False,False,False,634,-0.02394320102296226,0.5592807524257789,-0.5832239534487411,0,-55.83455187082291,-51.366947293281555,-55.66694946366217,-55.28191256026201,7,7
All legislatures weren't there remembering what conspired.,There weren't all legislatures remembering what conspired.,semantics,quantifiers,existential_there_quantifiers_2,True,False,False,False,635,2.397244751565077,2.558124489628412,-0.1608797380633349,0,-67.83527558110654,-65.84033175371587,-91.80772309675731,-91.42157664999999,10,10
Every actor is there seeing.,There is every actor seeing.,semantics,quantifiers,existential_there_quantifiers_2,True,False,False,False,636,0.5115877127123021,1.2055985933383866,-0.6940108806260845,0,-42.36049151420593,-37.811389327049255,-45.430017790479745,-45.044980887079575,6,6
All lights aren't there stunning James.,There aren't all lights stunning James.,semantics,quantifiers,existential_there_quantifiers_2,True,False,False,False,637,1.7647619626176194,1.6103158827478268,0.15444607986979264,1,-52.00073261000216,-52.85015480220318,-66.11882831094312,-65.73268186418579,8,8
Most screens weren't there stunning every waiter.,There weren't most screens stunning every waiter.,semantics,quantifiers,existential_there_quantifiers_2,True,False,False,False,638,1.2894876500826942,1.3442639973897472,-0.05477634730705305,0,-71.75773396342993,-70.45816620253026,-83.36312281417418,-82.55654217903799,9,9
Every customer wasn't there helping April.,There wasn't every customer helping April.,semantics,quantifiers,existential_there_quantifiers_2,True,False,False,False,639,1.4344159765483013,2.0428710221668602,-0.6084550456185589,0,-54.66457740124315,-49.411900132894516,-66.13990521362956,-65.7548683102294,8,8
Most lamps are there looking like some paintings.,There are most lamps looking like some paintings.,semantics,quantifiers,existential_there_quantifiers_2,True,False,False,False,640,2.315804218229974,2.361999874045466,-0.04619565581549212,0,-51.46111488342285,-50.238773345947266,-72.30335284749262,-71.49677221235646,9,9
All teenagers were there describing the Impressionists.,There were all teenagers describing the Impressionists.,semantics,quantifiers,existential_there_quantifiers_2,True,False,False,False,641,2.8635435421531694,3.4668146668446553,-0.6032711246914859,0,-62.243345499038696,-55.824487805366516,-90.87878092057039,-90.49263447381307,10,10
Most candles were there distracting Dana.,There were most candles distracting Dana.,semantics,quantifiers,existential_there_quantifiers_2,True,False,False,False,642,1.1705503902672254,1.3406442882136471,-0.1700938979464217,0,-57.151145935058594,-55.153908014297485,-65.34499866692917,-64.53841803179301,7,7
Each closet is there existing.,There is each closet existing.,semantics,quantifiers,existential_there_quantifiers_2,True,False,False,False,643,0.8915804015999184,0.596056268579113,0.2955241330208054,1,-44.44546151161194,-44.903488755226135,-49.79494392121145,-48.47982636670081,6,6
Each painting is there looking like the lake.,There is each painting looking like the lake.,semantics,quantifiers,existential_there_quantifiers_2,True,False,False,False,644,1.8391269454413868,1.359635372018791,0.47949157342259574,1,-49.35814094543457,-52.358447551727295,-65.91028345440705,-64.59516589989641,9,9
All banks are there prodding Randolf to insult these schools.,There are all banks prodding Randolf to insult these schools.,semantics,quantifiers,existential_there_quantifiers_2,True,False,False,False,645,1.7137902964572684,1.8520052865188832,-0.13821499006161475,0,-99.38890969753265,-97.20596837997437,-121.66818355147714,-121.28203710471985,13,13
Every book about Galileo wasn't there scaring Connie.,There wasn't every book about Galileo scaring Connie.,semantics,quantifiers,existential_there_quantifiers_2,True,False,False,False,646,2.0699208232937125,2.5042591928728344,-0.43433836957912186,0,-74.39271401613951,-69.229955047369,-97.16184307237035,-96.77680616897018,11,11
Every screen isn't there wasting away.,There isn't every screen wasting away.,semantics,quantifiers,existential_there_quantifiers_2,True,False,False,False,647,1.6518124451525935,1.3412568030352885,0.310555642117305,1,-50.960707837715745,-53.060116071254015,-64.1752073989365,-63.79017049553632,8,8
Each fork wasn't there appearing.,There wasn't each fork appearing.,semantics,quantifiers,existential_there_quantifiers_2,True,False,False,False,648,1.0923194210959812,1.5386356527029525,-0.4463162316069713,0,-50.754998525604606,-46.31566734984517,-58.401234473276475,-57.08611691876584,7,7
Each car isn't there stunning Patricia.,There isn't each car stunning Patricia.,semantics,quantifiers,existential_there_quantifiers_2,True,False,False,False,649,1.29244090645442,1.1706212068342126,0.12181969962020744,1,-58.27130998857319,-57.93075003102422,-68.61083724020855,-67.29571968569792,8,8
All essays about Spain aren't there disgusting Alice.,There aren't all essays about Spain disgusting Alice.,semantics,quantifiers,existential_there_quantifiers_2,True,False,False,False,650,1.2661756024284927,1.5988636430805911,-0.33268804065209845,0,-72.71098341420293,-68.99795656092465,-85.37273943848786,-84.98659299173056,10,10
All coats are there falling.,There are all coats falling.,semantics,quantifiers,existential_there_quantifiers_2,True,False,False,False,651,1.1662159548762183,2.089146509972687,-0.9229305550964688,0,-39.22935175895691,-33.30562198162079,-46.22664748821422,-45.84050104145691,6,6
All mothers of Elaine weren't there hugging.,There weren't all mothers of Elaine hugging.,semantics,quantifiers,existential_there_quantifiers_2,True,False,False,False,652,1.4765909752614543,1.5331396035891676,-0.056548628327713235,0,-61.56003347970545,-60.66494937799871,-74.84935225705854,-74.46320581030122,9,9
Most lamps aren't there looking like a painting.,There aren't most lamps looking like a painting.,semantics,quantifiers,existential_there_quantifiers_2,True,False,False,False,653,2.3990182143823886,2.1936204628858262,0.20539775149656236,1,-53.08233415428549,-54.32973103411496,-77.07251629810938,-76.26593566297322,10,10
Each skirt wasn't there warping.,There wasn't each skirt warping.,semantics,quantifiers,existential_there_quantifiers_2,True,False,False,False,654,1.2513799250929445,1.16783823684505,0.08354168824789454,1,-57.31719655916095,-56.67041251063347,-67.3282359599045,-66.01311840539387,8,8
All cakes weren't there appearing.,There weren't all cakes appearing.,semantics,quantifiers,existential_there_quantifiers_2,True,False,False,False,655,1.8166030165860951,2.039887724380285,-0.22328470779418974,0,-43.77073312923312,-41.82159372791648,-56.48695424533579,-56.10080779857847,7,7
Each boy was there drinking.,There was each boy drinking.,semantics,quantifiers,existential_there_quantifiers_2,True,False,False,False,656,1.4286436266503024,1.6873044867376106,-0.25866086008730815,0,-36.271549105644226,-33.40446639060974,-44.84341086554604,-43.528293311035405,6,6
All paintings of Donald aren't there disgusting Alexander.,There aren't all paintings of Donald disgusting Alexander.,semantics,quantifiers,existential_there_quantifiers_2,True,False,False,False,657,1.0881810207539104,1.4193246875510113,-0.33114366679710083,0,-72.26037450879812,-68.56279139406979,-83.14218471633723,-82.7560382695799,10,10
All mirrors weren't there slipping.,There weren't all mirrors slipping.,semantics,quantifiers,existential_there_quantifiers_2,True,False,False,False,658,1.7464111619999787,2.124495756374194,-0.37808459437421527,0,-46.239492781460285,-43.20675417408347,-58.46437091546014,-58.07822446870283,7,7
Each car wasn't there worrying some guy.,There wasn't each car worrying some guy.,semantics,quantifiers,existential_there_quantifiers_2,True,False,False,False,659,1.4247937712039516,1.6937210738547828,-0.2689273026508312,0,-58.54727361910045,-54.811810340732336,-71.37041755993602,-70.05530000542538,9,9
Every teacher wasn't there urging Emily's boyfriend to speak up.,There wasn't every teacher urging Emily's boyfriend to speak up.,semantics,quantifiers,existential_there_quantifiers_2,True,False,False,False,660,1.7997916710967559,1.9675843792824554,-0.16779270818569958,0,-81.69157036952674,-79.12522825971246,-105.08886209378457,-104.70382519038438,13,13
All sisters of Stacey weren't there liking to mess up a restaurant.,There weren't all sisters of Stacey liking to mess up a restaurant.,semantics,quantifiers,existential_there_quantifiers_2,True,False,False,False,661,2.083728099435886,2.139177710379958,-0.05544961094407208,0,-87.70164806954563,-86.48375745862722,-118.95756956108391,-118.57142311432659,15,15
Every company isn't there prompting Michelle to admire Gerald.,There isn't every company prompting Michelle to admire Gerald.,semantics,quantifiers,existential_there_quantifiers_2,True,False,False,False,662,1.5839283847751346,1.6856201944303693,-0.10169180965523461,0,-79.80058953724802,-78.29694272764027,-97.2238017697745,-96.83876486637433,11,11
Most tomatoes aren't there upsetting Victoria.,There aren't most tomatoes upsetting Victoria.,semantics,quantifiers,existential_there_quantifiers_2,True,False,False,False,663,2.198339598020784,1.5165005886959761,0.6818390093248077,1,-54.11006340943277,-58.75819484889507,-71.69678019359904,-70.89019955846288,8,8
Most apples are there scorching.,There are most apples scorching.,semantics,quantifiers,existential_there_quantifiers_2,True,False,False,False,664,2.101963498764323,2.4359763006065314,-0.33401280184220816,0,-46.93179392814636,-43.787123680114746,-61.645538419496624,-60.83895778436047,7,7
Most stairs were there disgusting Lisa.,There were most stairs disgusting Lisa.,semantics,quantifiers,existential_there_quantifiers_2,True,False,False,False,665,0.5400751391136721,0.4654482034179515,0.0746269356957206,1,-56.55375266075134,-56.26956057548523,-60.33427863454705,-59.52769799941089,7,7
Every boy wasn't there wanting to talk to all adults.,There wasn't every boy wanting to talk to all adults.,semantics,quantifiers,existential_there_quantifiers_2,True,False,False,False,666,2.3750819463481485,2.4537880727782047,-0.07870612643005614,0,-60.12033838033676,-58.790827959775925,-88.62132173651455,-88.23628483311438,12,12
Each newspaper article was there aggravating Daniel.,There was each newspaper article aggravating Daniel.,semantics,quantifiers,existential_there_quantifiers_2,True,False,False,False,667,1.5181245580724894,1.353288738951177,0.1648358191213124,1,-70.31380486488342,-70.4822096824646,-83.97692588753583,-82.66180833302519,9,9
Most unicycles aren't there vanishing.,There aren't most unicycles vanishing.,semantics,quantifiers,existential_there_quantifiers_2,True,False,False,False,668,2.760470747410946,2.5314171809329418,0.229053566478004,1,-58.79082202166319,-60.04572348482907,-83.6350587483617,-82.82847811322554,9,9
Most shows about art weren't there disagreeing with the Clintons.,There weren't most shows about art disagreeing with the Clintons.,semantics,quantifiers,existential_there_quantifiers_2,True,False,False,False,669,1.3808597757143515,1.7014595194973832,-0.3205997437830317,0,-90.57685004919767,-85.6024727448821,-108.52802713348424,-107.72144649834809,13,13
Most patients are there confusing a lot of waitresses.,There are most patients confusing a lot of waitresses.,semantics,quantifiers,existential_there_quantifiers_2,True,False,False,False,670,1.9189221118032007,2.0463949051162675,-0.12747279331306682,0,-67.73097777366638,-65.52219641208649,-88.83912100350159,-88.03254036836543,11,11
Every plate wasn't there irritating Samantha.,There wasn't every plate irritating Samantha.,semantics,quantifiers,existential_there_quantifiers_2,True,False,False,False,671,1.6146121590675513,1.784357583717668,-0.16974542465011666,0,-56.89921403117478,-55.156213730573654,-69.81611130371519,-69.431074400315,8,8
All plates aren't there appearing.,There aren't all plates appearing.,semantics,quantifiers,existential_there_quantifiers_2,True,False,False,False,672,1.920267909271523,1.772196558066882,0.148071351204641,1,-42.0037288563326,-42.65408186800778,-55.44560422123326,-55.05945777447595,7,7
Each show about the Borgias was there irritating Chad.,There was each show about the Borgias irritating Chad.,semantics,quantifiers,existential_there_quantifiers_2,True,False,False,False,673,1.4659160176746402,1.7369925382616445,-0.27107652058700427,0,-79.98496115207672,-75.68800187110901,-96.11003734649776,-94.7949197919871,11,11
All college campuses weren't there bothering Tanya.,There weren't all college campuses bothering Tanya.,semantics,quantifiers,existential_there_quantifiers_2,True,False,False,False,674,2.5472796881951667,2.3810078362315865,0.1662718519635802,1,-65.2048832140863,-66.48145528696477,-90.67768009603796,-90.29153364928064,10,10
All books about art are there astounding a library.,There are all books about art astounding a library.,semantics,quantifiers,existential_there_quantifiers_2,True,False,False,False,675,0.8789337506007826,1.5433414548058182,-0.6644077042050356,0,-70.8775577545166,-63.84733426570892,-79.66689526052443,-79.2807488137671,10,10
Every horse was there irritating Lawrence.,There was every horse irritating Lawrence.,semantics,quantifiers,existential_there_quantifiers_2,True,False,False,False,676,0.6790859325124602,0.885702544535441,-0.20661661202298076,0,-54.7057318687439,-52.87437868118286,-59.45933339633112,-59.07429649293095,7,7
All movies are there irritating Alicia.,There are all movies irritating Alicia.,semantics,quantifiers,existential_there_quantifiers_2,True,False,False,False,677,1.11448612246198,1.355703817895053,-0.24121769543307292,0,-53.29875195026398,-51.22408163547516,-61.10015480749784,-60.71400836074053,7,7
Each waiter is there investigating who could convince Jessica's cousins to sneeze.,There is each waiter investigating who could convince Jessica's cousins to sneeze.,semantics,quantifiers,existential_there_quantifiers_2,True,False,False,False,678,2.089755235241581,2.132801362212911,-0.04304612697132981,0,-107.68084645271301,-105.67699086666107,-141.1169302165783,-139.80181266206765,16,16
Most socks were there flattening.,There were most socks flattening.,semantics,quantifiers,existential_there_quantifiers_2,True,False,False,False,679,2.1430067624735196,2.3715167204589167,-0.22850995798539708,0,-46.94389998912811,-44.53774964809418,-61.94494732644275,-61.138366691306594,7,7
All slopes are there distracting David.,There are all slopes distracting David.,semantics,quantifiers,existential_there_quantifiers_2,True,False,False,False,680,0.9646579827814696,1.1476302066689124,-0.18297222388744272,0,-53.892590403556824,-52.2256383895874,-60.64519628302711,-60.25904983626979,7,7
Every cup is there dropping.,There is every cup dropping.,semantics,quantifiers,existential_there_quantifiers_2,True,False,False,False,681,0.6820435151822165,0.958360820585014,-0.27631730540279753,0,-41.66079664230347,-39.61785590648651,-45.753057733396766,-45.368020829996595,6,6
Each college campus wasn't there boring Rose.,There wasn't each college campus boring Rose.,semantics,quantifiers,existential_there_quantifiers_2,True,False,False,False,682,1.2390392994491828,0.984173255954927,0.2548660434942558,1,-68.79168610274792,-69.77036293968558,-79.94303979779056,-78.62792224327993,9,9
Every sister of every person isn't there saying every waiter waved.,There isn't every sister of every person saying every waiter waved.,semantics,quantifiers,existential_there_quantifiers_2,True,False,False,False,683,1.2473046550954818,1.487750161140632,-0.24044550604515025,0,-89.98531354032457,-86.47448505833745,-106.20027405656583,-105.81523715316567,13,13
Most commentaries about politics are there shocking Amanda.,There are most commentaries about politics shocking Amanda.,semantics,quantifiers,existential_there_quantifiers_2,True,False,False,False,684,0.7197519363446588,1.2601415007569159,-0.540389564412257,0,-84.71527004241943,-78.5047937631607,-91.91278940586602,-91.10620877072986,10,10
Most slopes were there astounding Alicia.,There were most slopes astounding Alicia.,semantics,quantifiers,existential_there_quantifiers_2,True,False,False,False,685,0.4386367158420675,0.7293349245053865,-0.290698208663319,0,-64.03032684326172,-61.1888587474823,-67.10078385415619,-66.29420321902,7,7
Every unicycle isn't there upsetting this school.,There isn't every unicycle upsetting this school.,semantics,quantifiers,existential_there_quantifiers_2,True,False,False,False,686,0.9505929692543702,1.1289637504074193,-0.17837078115304905,0,-73.53464310243726,-71.3658983875066,-83.04057279498096,-82.6555358915808,10,10
Most actors weren't there climbing up every mountain.,There weren't most actors climbing up every mountain.,semantics,quantifiers,existential_there_quantifiers_2,True,False,False,False,687,2.660910254013879,2.450878489769758,0.21003176424412118,1,-56.721081145107746,-58.01481815241277,-83.33018368524654,-82.52360305011035,10,10
Every cousin of Cheryl wasn't there passing that mall.,There wasn't every cousin of Cheryl passing that mall.,semantics,quantifiers,existential_there_quantifiers_2,True,False,False,False,688,1.6674832178474255,1.5769990099310809,0.0904842079163446,1,-72.95476714894176,-73.56505653262138,-91.29708254526344,-90.91204564186327,11,11
All drawings were there distracting Brett.,There were all drawings distracting Brett.,semantics,quantifiers,existential_there_quantifiers_2,True,False,False,False,689,0.7288898648793156,1.2150467342832911,-0.4861568694039755,0,-58.551573395729065,-54.76232886314392,-63.653802449884274,-63.26765600312696,7,7
Every candle is there boring Brett.,There is every candle boring Brett.,semantics,quantifiers,existential_there_quantifiers_2,True,False,False,False,690,1.2137370318338105,1.473720688101286,-0.25998365626747555,0,-52.66381788253784,-50.45889538526535,-61.159977105374516,-60.77494020197435,7,7
Each art gallery is there distracting Karla.,There is each art gallery distracting Karla.,semantics,quantifiers,existential_there_quantifiers_2,True,False,False,False,691,1.63093025642557,1.4143345982463353,0.21659565817923476,1,-70.35523676872253,-70.98948013782501,-85.03360907655266,-83.71849152204203,9,9
Every school is there believing a lot of guests to hug Roger.,There is every school believing a lot of guests to hug Roger.,semantics,quantifiers,existential_there_quantifiers_2,True,False,False,False,692,1.4810388099797256,1.4401230294248273,0.04091578055489831,1,-81.36159355938435,-81.50846180319786,-100.61509808912078,-100.23006118572061,13,13
Every apple isn't there bothering every association.,There isn't every apple bothering every association.,semantics,quantifiers,existential_there_quantifiers_2,True,False,False,False,693,1.4085019109720065,1.1895286157299774,0.21897329524202913,1,-63.375100918114185,-64.96082367189229,-76.05161811686224,-75.66658121346208,9,9
Each mirror is there chipping.,There is each mirror chipping.,semantics,quantifiers,existential_there_quantifiers_2,True,False,False,False,694,1.7555714617357918,1.5463421688882195,0.2092292928475723,1,-46.128400802612305,-46.27788829803467,-58.41740103476285,-57.102283480252204,7,7
Each carriage isn't there bothering Tammy.,There isn't each carriage bothering Tammy.,semantics,quantifiers,existential_there_quantifiers_2,True,False,False,False,695,1.5674625963711577,1.5239314777404154,0.04353111863074233,1,-59.26306901872158,-58.296200413256884,-71.80276978969084,-70.4876522351802,8,8
All hospitals were there confusing Joel.,There were all hospitals confusing Joel.,semantics,quantifiers,existential_there_quantifiers_2,True,False,False,False,696,0.715384222341271,1.237481517481811,-0.52209729514054,0,-56.7599093914032,-52.71908187866211,-61.767598947792095,-61.38145250103479,7,7
Every cucumber isn't there irritating Edward.,There isn't every cucumber irritating Edward.,semantics,quantifiers,existential_there_quantifiers_2,True,False,False,False,697,1.9070141989981424,1.9677233756904053,-0.060709176692262945,0,-64.70939983800054,-63.77798034437001,-81.87252762898382,-81.48749072558365,9,9
Most people were there encouraging Allison to kiss most guests.,There were most people encouraging Allison to kiss most guests.,semantics,quantifiers,existential_there_quantifiers_2,True,False,False,False,698,1.007455950992419,1.3711365437834966,-0.36368059279107756,0,-81.11125910282135,-76.30419194698334,-92.19327456373796,-91.3866939286018,11,11
Every school is there lying.,There is every school lying.,semantics,quantifiers,existential_there_quantifiers_2,True,False,False,False,699,1.314255593020184,1.3147135027600367,-0.0004579097398527132,0,-35.58043360710144,-35.192649245262146,-43.465967165222544,-43.08093026182237,6,6
All actors were there criticizing Theresa.,There were all actors criticizing Theresa.,semantics,quantifiers,existential_there_quantifiers_2,True,False,False,False,700,1.4308985143660036,2.2513981529840654,-0.8204996386180619,0,-53.79940986633301,-47.66976594924927,-63.81569946689503,-63.429553020137725,7,7
All commentaries were there disagreeing.,There were all commentaries disagreeing.,semantics,quantifiers,existential_there_quantifiers_2,True,False,False,False,701,1.042513765038155,1.7161638334934928,-0.6736500684553377,0,-58.22114062309265,-52.44579362869263,-66.56125074339789,-66.17510429664057,8,8
All universities were there hiring the Borgias.,There were all universities hiring the Borgias.,semantics,quantifiers,existential_there_quantifiers_2,True,False,False,False,702,1.9417358078021607,2.2676953820189,-0.32595957421673916,0,-61.21770119667053,-57.897918581962585,-78.69332346688998,-78.30717702013268,9,9
Each slope wasn't there impressing Matt.,There wasn't each slope impressing Matt.,semantics,quantifiers,existential_there_quantifiers_2,True,False,False,False,703,2.0032188102206843,1.5890033947368605,0.4142154154838238,1,-63.476982071995735,-65.88980325683951,-81.5059513639819,-80.19083380947126,9,9
Every face isn't there stunning an actress.,There isn't every face stunning an actress.,semantics,quantifiers,existential_there_quantifiers_2,True,False,False,False,704,1.5656818458267974,1.2383701496562576,0.3273116961705398,1,-58.386243959888816,-60.94701232202351,-72.47738057232999,-72.09234366892983,9,9
Each spotlight is there aggravating Theodore.,There is each spotlight aggravating Theodore.,semantics,quantifiers,existential_there_quantifiers_2,True,False,False,False,705,1.6159312091362779,1.6606610284533154,-0.04472981931703757,0,-64.00851619243622,-62.33556008338928,-76.93596586552644,-75.6208483110158,8,8
All icicles aren't there aggravating Tammy.,There aren't all icicles aggravating Tammy.,semantics,quantifiers,existential_there_quantifiers_2,True,False,False,False,706,3.0198268568090327,2.790848737384272,0.22897811942476087,1,-65.87515517696738,-67.77878992445767,-96.07342374505771,-95.68727729830039,10,10
Each teenager was there washing.,There was each teenager washing.,semantics,quantifiers,existential_there_quantifiers_2,True,False,False,False,707,0.8391903529554045,0.9527866802859061,-0.11359632733050162,0,-44.71441030502319,-42.71771478652954,-49.74955242275562,-48.43443486824498,6,6
Every movie wasn't there stunning the lady.,There wasn't every movie stunning the lady.,semantics,quantifiers,existential_there_quantifiers_2,True,False,False,False,708,1.2488022091988757,1.1165801794081587,0.13222202979071707,1,-58.09918586909771,-58.904147233814,-69.33840575188759,-68.95336884848743,9,9
Every photograph isn't there alarming Christopher.,There isn't every photograph alarming Christopher.,semantics,quantifiers,existential_there_quantifiers_2,True,False,False,False,709,1.4097084179536985,1.422369080485062,-0.012660662531363442,0,-58.9017950873822,-58.41547288373113,-70.17946243101179,-69.79442552761162,8,8
Each gate wasn't there worrying John.,There wasn't each gate worrying John.,semantics,quantifiers,existential_there_quantifiers_2,True,False,False,False,710,1.436831250604886,1.370506025464607,0.06632522514027883,1,-55.24044428765774,-54.45592853426933,-66.73509429249683,-65.41997673798619,8,8
Each popsicle is there falling.,There is each popsicle falling.,semantics,quantifiers,existential_there_quantifiers_2,True,False,False,False,711,1.4142379809755832,1.8880907237376658,-0.47385274276208267,0,-50.524778604507446,-45.89269185066223,-60.42444447133653,-59.10932691682589,7,7
Each friend of Ruth was there exiting the art galleries.,There was each friend of Ruth exiting the art galleries.,semantics,quantifiers,existential_there_quantifiers_2,True,False,False,False,712,1.7146971542939788,2.0915776793334313,-0.37688052503945246,0,-74.3648254275322,-68.90402209758759,-93.22649412476596,-91.91137657025533,11,11
Most peppers aren't there going bad.,There aren't most peppers going bad.,semantics,quantifiers,existential_there_quantifiers_2,True,False,False,False,713,1.8096381970369286,1.6109018995610347,0.19873629747589394,1,-48.97685324959457,-49.760162994265556,-63.45395882589,-62.647378190753834,8,8
Most candles are there disappearing.,There are most candles disappearing.,semantics,quantifiers,existential_there_quantifiers_2,True,False,False,False,714,1.7300023505936686,1.975419850760795,-0.24541750016712638,0,-40.469759821891785,-38.19067418575287,-50.849773925453796,-50.04319329031764,6,6
Most plates aren't there stunning Monet.,There aren't most plates stunning Monet.,semantics,quantifiers,existential_there_quantifiers_2,True,False,False,False,715,1.4051763122933967,0.9320978658954068,0.4730784463979899,1,-66.90337614994496,-70.35450153239071,-79.54996296058553,-78.74338232544937,9,9
Every customer is there laughing.,There is every customer laughing.,semantics,quantifiers,existential_there_quantifiers_2,True,False,False,False,716,1.4290027000970582,1.650134310010608,-0.22113160991354985,0,-38.51633012294769,-36.80450356006622,-47.09034632353004,-46.70530942012987,6,6
Every lamp was there fading.,There was every lamp fading.,semantics,quantifiers,existential_there_quantifiers_2,True,False,False,False,717,1.3622622851277921,1.3444470598413503,0.01781522528644186,1,-41.79579186439514,-41.51764631271362,-49.969365575161895,-49.584328671761725,6,6
All reports about Galileo weren't there hurting Catherine.,There weren't all reports about Galileo hurting Catherine.,semantics,quantifiers,existential_there_quantifiers_2,True,False,False,False,718,1.657393288931874,2.1835233285425573,-0.5261300396106832,0,-72.23759584873915,-66.59014900587499,-88.81152873805789,-88.42538229130056,10,10
All rivers weren't there freezing.,There weren't all rivers freezing.,semantics,quantifiers,existential_there_quantifiers_2,True,False,False,False,719,1.82796808536535,1.7037236303737038,0.12424445499164616,1,-43.7595282420516,-44.243092980235815,-56.55530483960905,-56.16915839285174,7,7
Most documentaries weren't there stunning most doctors.,There weren't most documentaries stunning most doctors.,semantics,quantifiers,existential_there_quantifiers_2,True,False,False,False,720,1.1556218446949407,1.211124833468214,-0.05550298877327342,0,-72.05163738504052,-70.74552985094488,-82.45223398729499,-81.6456533521588,9,9
Most bikes weren't there annoying Susan.,There weren't most bikes annoying Susan.,semantics,quantifiers,existential_there_quantifiers_2,True,False,False,False,721,1.8382454056334296,1.6244487969742032,0.21379660865922645,1,-56.82073032669723,-57.724522560834885,-71.52669357176467,-70.72011293662851,8,8
All coats were there bothering Melinda.,There were all coats bothering Melinda.,semantics,quantifiers,existential_there_quantifiers_2,True,False,False,False,722,2.123406224091763,2.4401245167387664,-0.31671829264700335,0,-54.39580059051514,-51.47590780258179,-71.38305038324924,-70.99690393649192,8,8
Every show about current events was there embarrassing Nicole.,There was every show about current events embarrassing Nicole.,semantics,quantifiers,existential_there_quantifiers_2,True,False,False,False,723,0.5000660920996068,1.1147428698420156,-0.6146767777424088,0,-80.53526365756989,-74.0034589767456,-85.53592457856595,-85.15088767516576,10,10
All cars aren't there impressing David.,There aren't all cars impressing David.,semantics,quantifiers,existential_there_quantifiers_2,True,False,False,False,724,2.256054019154549,1.93611260110859,0.31994141804595877,1,-54.90754345804453,-57.40086977370083,-75.21202963043547,-74.82588318367814,9,9
Every bicycle isn't there crashing.,There isn't every bicycle crashing.,semantics,quantifiers,existential_there_quantifiers_2,True,False,False,False,725,1.7134948533124654,1.7692843105521814,-0.055789457239715956,0,-45.1736540812999,-44.39809097722173,-57.16811805448716,-56.783081151086996,7,7
Each documentary about the Clintons is there upsetting schools.,There is each documentary about the Clintons upsetting schools.,semantics,quantifiers,existential_there_quantifiers_2,True,False,False,False,726,1.1722591591807714,1.5002582665570088,-0.3279991073762374,0,-78.6291081905365,-74.03399956226349,-90.35169978234421,-89.03658222783358,10,10
Each senator was there finding out who haven't succeeded.,There was each senator finding out who haven't succeeded.,semantics,quantifiers,existential_there_quantifiers_2,True,False,False,False,727,1.9297667431747114,2.031208234760049,-0.10144149158533766,0,-66.87810664623976,-64.44713268429041,-88.10554082116158,-86.79042326665095,11,11
Each sketch was there shocking this association.,There was each sketch shocking this association.,semantics,quantifiers,existential_there_quantifiers_2,True,False,False,False,728,0.8551119600115769,0.8670070855391323,-0.01189512552755545,0,-62.643030643463135,-61.232752084732056,-69.48392632355575,-68.16880876904511,8,8
Most turtles weren't there disappearing.,There weren't most turtles disappearing.,semantics,quantifiers,existential_there_quantifiers_2,True,False,False,False,729,2.15674649063917,2.0721791252197597,0.08456736541941012,1,-45.75672926194966,-45.542120184749365,-60.85395469642385,-60.047374061287684,7,7
All cucumbers aren't there hurting that patient.,There aren't all cucumbers hurting that patient.,semantics,quantifiers,existential_there_quantifiers_2,True,False,False,False,730,2.539634610690547,2.4395878223415166,0.10004678834903036,1,-59.59245010279119,-60.2067715395242,-84.98879620969666,-84.60264976293936,10,10
Every eye was there boring most pedestrians.,There was every eye boring most pedestrians.,semantics,quantifiers,existential_there_quantifiers_2,True,False,False,False,731,0.6735715677618757,0.823892132744799,-0.15032056498292334,0,-63.47943162918091,-61.89183020591736,-68.86800417127591,-68.48296726787575,8,8
All essays aren't there bothering Natalie.,There aren't all essays bothering Natalie.,semantics,quantifiers,existential_there_quantifiers_2,True,False,False,False,732,2.0547026010321794,2.0700135645231192,-0.015310963490939855,0,-54.380412329919636,-53.871778175234795,-70.81803313817707,-70.43188669141975,8,8
Every high school is there upsetting Gregory.,There is every high school upsetting Gregory.,semantics,quantifiers,existential_there_quantifiers_2,True,False,False,False,733,1.7215588782866966,1.7914632705267763,-0.06990439224007972,0,-54.17380118370056,-53.22952914237976,-67.94627220999413,-67.56123530659397,8,8
Each pie was there distracting Linda.,There was each pie distracting Linda.,semantics,quantifiers,existential_there_quantifiers_2,True,False,False,False,734,0.798029978758325,1.0365413599296116,-0.23851138117128656,0,-57.00293302536011,-54.01823580265045,-62.58914287666838,-61.27402532215773,7,7
Most slopes are there embarrassing Cynthia.,There are most slopes embarrassing Cynthia.,semantics,quantifiers,existential_there_quantifiers_2,True,False,False,False,735,0.6896464793336301,0.5060256046469058,0.18362087468672428,1,-60.15464401245117,-60.63340950012207,-64.98216936778658,-64.17558873265041,7,7
Most coats were there bothering Rebecca.,There were most coats bothering Rebecca.,semantics,quantifiers,existential_there_quantifiers_2,True,False,False,False,736,1.7120458312484377,1.5775117316602436,0.13453409958819407,1,-51.21548891067505,-51.35064697265625,-63.19980972941411,-62.393229094277956,7,7
All cats are there stunning Gina.,There are all cats stunning Gina.,semantics,quantifiers,existential_there_quantifiers_2,True,False,False,False,737,0.6706988876478884,0.9545987709787797,-0.2838998833308912,0,-55.09449505805969,-52.721049427986145,-59.78938727159491,-59.4032408248376,7,7
Each window was there falling.,There was each window falling.,semantics,quantifiers,existential_there_quantifiers_2,True,False,False,False,738,0.9104241636952916,1.3167097349782264,-0.40628557128293485,0,-40.47000479698181,-36.71717381477356,-45.93254977915356,-44.61743222464292,6,6
Each horse wasn't there aggravating Amanda.,There wasn't each horse aggravating Amanda.,semantics,quantifiers,existential_there_quantifiers_2,True,False,False,False,739,2.1686758419028345,2.34960924643513,-0.18093340453229567,0,-60.42862355709076,-57.485105361789465,-79.94670613421627,-78.63158857970564,9,9
Every projector was there impressing Irene.,There was every projector impressing Irene.,semantics,quantifiers,existential_there_quantifiers_2,True,False,False,False,740,2.308366693119246,2.3429603858966965,-0.03459369277745061,0,-62.932671904563904,-62.23629176616669,-83.70797214263712,-83.32293523923695,9,9
All doors weren't there aggravating Kendra.,There weren't all doors aggravating Kendra.,semantics,quantifiers,existential_there_quantifiers_2,True,False,False,False,741,2.8322638245652882,2.695290927245017,0.13697289732027107,1,-63.487655809149146,-64.47123833559453,-91.81029405480203,-91.4241476080447,10,10
Each bike wasn't there confusing a lot of senators.,There wasn't each bike confusing a lot of senators.,semantics,quantifiers,existential_there_quantifiers_2,True,False,False,False,742,1.9023717917379743,1.765583617079412,0.1367881746585624,1,-68.26538947224617,-68.45494183897972,-89.19147918136389,-87.87636162685325,11,11
Most movies about science were there hurting Sarah.,There were most movies about science hurting Sarah.,semantics,quantifiers,existential_there_quantifiers_2,True,False,False,False,743,0.6086944627210534,1.2524862605636586,-0.6437917978426052,0,-70.91179323196411,-64.3110864162445,-76.39004339645359,-75.58346276131743,9,9
Every picture of Homer wasn't there impressing Elizabeth.,There wasn't every picture of Homer impressing Elizabeth.,semantics,quantifiers,existential_there_quantifiers_2,True,False,False,False,744,2.266621777226724,2.1249056953266927,0.14171608190003138,1,-69.13319839909673,-70.30703839659691,-94.06603794859069,-93.68100104519053,11,11
All glasses were there alarming Kristen.,There were all glasses alarming Kristen.,semantics,quantifiers,existential_there_quantifiers_2,True,False,False,False,745,0.24947687004755384,0.6903524825033317,-0.4408756124557779,0,-60.243141174316406,-56.77086544036865,-61.98947926464928,-61.603332817891975,7,7
Every father of Lucille isn't there refusing to lift every spotlight.,There isn't every father of Lucille refusing to lift every spotlight.,semantics,quantifiers,existential_there_quantifiers_2,True,False,False,False,746,1.9451648376520418,1.9261373092348646,0.019027528417177253,1,-91.98166997730732,-91.86301847174764,-119.2139777044359,-118.82894080103574,14,14
Every teenager is there yelling.,There is every teenager yelling.,semantics,quantifiers,existential_there_quantifiers_2,True,False,False,False,747,1.536169449699674,2.1179461551205265,-0.5817767054208525,0,-40.68828356266022,-36.812586426734924,-49.90530026085826,-49.520263357458084,6,6
Every movie about the Great Lakes was there boring Gina.,There was every movie about the Great Lakes boring Gina.,semantics,quantifiers,existential_there_quantifiers_2,True,False,False,False,748,1.2191439995917739,1.6919588342714875,-0.47281483467971364,0,-78.0233097076416,-72.43730962276459,-91.43389370315111,-91.04885679975095,11,11
Each blouse wasn't there shrinking.,There wasn't each blouse shrinking.,semantics,quantifiers,existential_there_quantifiers_2,True,False,False,False,749,2.2524055761155424,2.3567442441980724,-0.10433866808253,0,-52.207098469138145,-50.05727156996727,-70.22634307806248,-68.91122552355185,8,8
All windows aren't there vanishing.,There aren't all windows vanishing.,semantics,quantifiers,existential_there_quantifiers_2,True,False,False,False,750,2.0152361360602558,2.011352894773979,0.0038832412862768173,1,-42.8402186203748,-42.48125486262143,-56.94687157279659,-56.56072512603928,7,7
Each cashier is there preventing some screen from shocking Monica.,There is each cashier preventing some screen from shocking Monica.,semantics,quantifiers,existential_there_quantifiers_2,True,False,False,False,751,1.050057583065379,1.0865427718802938,-0.03648518881491469,0,-97.92067956924438,-96.16773974895477,-110.52137056602893,-109.2062530115183,12,12
Every convertible is there bothering Carrie.,There is every convertible bothering Carrie.,semantics,quantifiers,existential_there_quantifiers_2,True,False,False,False,752,1.5417513926229358,1.5383758683718523,0.0033755242510835615,1,-53.719884395599365,-53.35847616195679,-64.51214414395992,-64.12710724055975,7,7
Most cousins of those doctors are there existing.,There are most cousins of those doctors existing.,semantics,quantifiers,existential_there_quantifiers_2,True,False,False,False,753,1.5377078585962194,1.830297923485435,-0.2925900648892157,0,-59.965609550476074,-56.525718331336975,-73.80498027784205,-72.99839964270589,9,9
All pies weren't there vanishing.,There weren't all pies vanishing.,semantics,quantifiers,existential_there_quantifiers_2,True,False,False,False,754,1.5057892813871407,1.7470701646620708,-0.24128088327493002,0,-48.88718368113041,-46.812071051448584,-59.427708650840394,-59.04156220408308,7,7
Each actress is there hiding away.,There is each actress hiding away.,semantics,quantifiers,existential_there_quantifiers_2,True,False,False,False,755,0.9753968695454002,1.0438139820540988,-0.06841711250869864,0,-47.97817873954773,-46.184141397476196,-54.80595682636553,-53.49083927185489,7,7
All senators are there approaching all cashiers.,There are all senators approaching all cashiers.,semantics,quantifiers,existential_there_quantifiers_2,True,False,False,False,756,1.4197218587699278,2.1004043037074243,-0.6806824449374964,0,-64.24448728561401,-57.73219883441925,-77.02198401454336,-76.63583756778607,9,9
Each high school is there wasting away.,There is each high school wasting away.,semantics,quantifiers,existential_there_quantifiers_2,True,False,False,False,757,1.5226910453470124,1.3890675550327032,0.1336234903143092,1,-50.99100649356842,-50.744876861572266,-63.17253485634452,-61.85741730183389,8,8
Each wheelbarrow was there rusting.,There was each wheelbarrow rusting.,semantics,quantifiers,existential_there_quantifiers_2,True,False,False,False,758,2.2335869288250447,2.3869035903589784,-0.15331666153393364,0,-56.289469957351685,-53.594502449035645,-76.39175231677709,-75.07663476226645,9,9
Every grocery store was there wasting away.,There was every grocery store wasting away.,semantics,quantifiers,existential_there_quantifiers_2,True,False,False,False,759,1.7202943020268329,1.9111451164861855,-0.1908508144593526,0,-53.586132764816284,-51.67428934574127,-67.34848718103095,-66.96345027763076,8,8
All pies are there aggravating Renee.,There are all pies aggravating Renee.,semantics,quantifiers,existential_there_quantifiers_2,True,False,False,False,760,1.722222105424281,1.9906201496337605,-0.26839804420947955,0,-65.91019535064697,-63.10846650600433,-81.4101942994655,-81.02404785270818,9,9
Each sketch wasn't there existing.,There wasn't each sketch existing.,semantics,quantifiers,existential_there_quantifiers_2,True,False,False,False,761,1.2701443564488426,1.5480848067176842,-0.2779404502688416,0,-50.66104980558157,-47.40034909918904,-59.55206030072347,-58.23694274621283,7,7
Each shirt is there annoying the teacher.,There is each shirt annoying the teacher.,semantics,quantifiers,existential_there_quantifiers_2,True,False,False,False,762,0.8377097281648487,0.9679987069991736,-0.1302889788343249,0,-55.55342650413513,-53.19599711894989,-62.25510432945392,-60.93998677494328,8,8
All drawings of all carts weren't there stunning Scott.,There weren't all drawings of all carts stunning Scott.,semantics,quantifiers,existential_there_quantifiers_2,True,False,False,False,763,1.7519847027213251,1.661936126772035,0.09004857594929017,1,-74.83563835546374,-75.44002624414861,-94.10747008539832,-93.721323638641,11,11
All carts were there bothering Amanda.,There were all carts bothering Amanda.,semantics,quantifiers,existential_there_quantifiers_2,True,False,False,False,764,1.3791665755353344,1.908402122934174,-0.5292355473988397,0,-52.06591987609863,-47.97512459754944,-61.72008590484597,-61.33393945808866,7,7
Each guest is there observing Douglas.,There is each guest observing Douglas.,semantics,quantifiers,existential_there_quantifiers_2,True,False,False,False,765,1.2201295168656796,1.2947204103606202,-0.07459089349494064,0,-53.331416845321655,-51.494163036346436,-61.87232346338141,-60.55720590887078,7,7
Every photograph of Erin is there confusing Michelle.,There is every photograph of Erin confusing Michelle.,semantics,quantifiers,existential_there_quantifiers_2,True,False,False,False,766,1.7796069495544549,2.009058743011091,-0.22945179345663602,0,-62.65599822998047,-60.20589518547058,-78.67246077597056,-78.2874238725704,9,9
Each dog is there disappearing.,There is each dog disappearing.,semantics,quantifiers,existential_there_quantifiers_2,True,False,False,False,767,1.1288096741422642,1.517978162352538,-0.3891684882102737,0,-41.0613956451416,-37.411267161369324,-47.83425368999519,-46.51913613548455,6,6
Every cat isn't there falling.,There isn't every cat falling.,semantics,quantifiers,existential_there_quantifiers_2,True,False,False,False,768,1.445797647190061,1.8030732386927977,-0.3572755915027366,0,-42.56543219089508,-39.679466146975756,-52.68601572122551,-52.30097881782534,7,7
Most waitresses are there investigating who is arguing about Stephen.,There are most waitresses investigating who is arguing about Stephen.,semantics,quantifiers,existential_there_quantifiers_2,True,False,False,False,769,1.6431449538565417,1.7221627939981137,-0.07901784014157198,0,-83.30897903442383,-81.5541843175888,-103.02671848070233,-102.22013784556617,12,12
All cats aren't there disappearing.,There aren't all cats disappearing.,semantics,quantifiers,existential_there_quantifiers_2,True,False,False,False,770,2.03062251680895,2.202338472847571,-0.171715956038621,0,-41.68348842393607,-40.095330284908414,-55.89784604159872,-55.51169959484141,7,7
Most boys aren't there spurring Meredith to paint.,There aren't most boys spurring Meredith to paint.,semantics,quantifiers,existential_there_quantifiers_2,True,False,False,False,771,2.4887449801776325,2.1556901534663977,0.33305482671123476,1,-67.2796918079257,-70.13671426661313,-94.65588658987966,-93.8493059547435,11,11
Every cake was there appearing.,There was every cake appearing.,semantics,quantifiers,existential_there_quantifiers_2,True,False,False,False,772,0.7982639513322999,1.2474957418717654,-0.4492317905394655,0,-42.2544310092926,-39.17400336265564,-47.0440147172864,-46.65897781388623,6,6
All skirts aren't there boring Andrew.,There aren't all skirts boring Andrew.,semantics,quantifiers,existential_there_quantifiers_2,True,False,False,False,773,1.8112012891836144,1.4031199348346597,0.40808135434895476,1,-53.46572392433882,-56.34422831237316,-67.95533423780773,-67.56918779105044,8,8
Each fork was there disappearing.,There was each fork disappearing.,semantics,quantifiers,existential_there_quantifiers_2,True,False,False,False,774,0.6733589709079327,1.3730936460231138,-0.6997346751151811,0,-46.374847531318665,-40.86132192611694,-50.41500135676626,-49.099883802255626,6,6
All slopes aren't there distracting Nancy.,There aren't all slopes distracting Nancy.,semantics,quantifiers,existential_there_quantifiers_2,True,False,False,False,775,1.4996177231037144,1.2047833493436393,0.29483437376007515,1,-58.31555171683431,-60.288080260157585,-70.31249350166402,-69.9263470549067,8,8
Each newspaper article about travel is there scaring Samantha.,There is each newspaper article about travel scaring Samantha.,semantics,quantifiers,existential_there_quantifiers_2,True,False,False,False,776,1.0542300148517152,1.5022078217373007,-0.4479778068855855,0,-87.40004110336304,-81.15716767311096,-98.9965712667319,-97.68145371222127,11,11
All cars were there astounding Maria.,There were all cars astounding Maria.,semantics,quantifiers,existential_there_quantifiers_2,True,False,False,False,777,0.3190127403967529,0.5621229343911399,-0.243110193994387,0,-57.456416606903076,-55.36849880218506,-59.68950578968035,-59.30335934292304,7,7
All hospitals weren't there badgering Adam to compromise.,There weren't all hospitals badgering Adam to compromise.,semantics,quantifiers,existential_there_quantifiers_2,True,False,False,False,778,1.6904283785229122,1.4979735772658103,0.1924548012571019,1,-79.49746897444129,-81.42078014276922,-99.78260951671624,-99.39646306995894,12,12
Every pepper is there wasting away.,There is every pepper wasting away.,semantics,quantifiers,existential_there_quantifiers_2,True,False,False,False,779,0.509381812410653,1.1395998644546037,-0.6302180520439508,0,-53.13335692882538,-48.336793661117554,-56.69902961569995,-56.31399271229978,7,7
Most books were there irritating all girls.,There were most books irritating all girls.,semantics,quantifiers,existential_there_quantifiers_2,True,False,False,False,780,1.119533932414825,1.1996283180305873,-0.08009438561576232,0,-55.87489366531372,-54.427557945251465,-64.83116512463232,-64.02458448949616,8,8
Every shawl isn't there existing.,There isn't every shawl existing.,semantics,quantifiers,existential_there_quantifiers_2,True,False,False,False,781,1.6278850932810245,1.7391434391477831,-0.11125834586675865,0,-57.87525315769017,-56.48889114148915,-72.52621899721939,-72.1411820938192,9,9
Every window is there upsetting Galileo.,There is every window upsetting Galileo.,semantics,quantifiers,existential_there_quantifiers_2,True,False,False,False,782,1.3936564224550818,1.3748819019870868,0.018774520467994993,1,-52.29911744594574,-52.04550218582153,-62.05471240313131,-61.66967549973114,7,7
Each cup wasn't there shattering.,There wasn't each cup shattering.,semantics,quantifiers,existential_there_quantifiers_2,True,False,False,False,783,1.3853668238293864,1.6695393404442942,-0.28417251661490783,0,-49.08606043085456,-45.78173526003957,-58.78362819766026,-57.46851064314963,7,7
Most slopes are there impressing Richard.,There are most slopes impressing Richard.,semantics,quantifiers,existential_there_quantifiers_2,True,False,False,False,784,1.2759906433291412,1.3657564339026713,-0.08976579057353007,0,-62.68291771411896,-61.15821075439453,-72.89084286075209,-72.0842622256159,8,8
Every grocery store was there worrying Jodi.,There was every grocery store worrying Jodi.,semantics,quantifiers,existential_there_quantifiers_2,True,False,False,False,785,1.9325408244073021,2.1877420495800064,-0.25520122517270427,0,-64.48311853408813,-61.801270604133606,-81.87598595375385,-81.49094905035366,9,9
Every shoe is there appearing.,There is every shoe appearing.,semantics,quantifiers,existential_there_quantifiers_2,True,False,False,False,786,0.8558657020892552,1.2473242403004836,-0.39145853821122845,0,-42.50929260253906,-39.77550446987152,-47.64448681507459,-47.25944991167442,6,6
Each couch is there scaring some pedestrians.,There is each couch scaring some pedestrians.,semantics,quantifiers,existential_there_quantifiers_2,True,False,False,False,787,1.8815011546506986,1.705564924114286,0.1759362305364125,1,-62.202749252319336,-62.471057772636414,-79.13625964417562,-77.82114208966499,9,9
All girls are there collaborating.,There are all girls collaborating.,semantics,quantifiers,existential_there_quantifiers_2,True,False,False,False,788,1.552591360888761,2.0812730727921753,-0.5286817119034144,0,-38.827423453330994,-35.2691867351532,-48.14297161866356,-47.75682517190625,6,6
Every book isn't there disturbing Brenda.,There isn't every book disturbing Brenda.,semantics,quantifiers,existential_there_quantifiers_2,True,False,False,False,789,1.8382813245161387,1.7426056443160114,0.09567568020012729,1,-51.674608658999205,-52.05497719720006,-66.38085925512831,-65.99582235172815,8,8
All hills weren't there looking like every photograph.,There weren't all hills looking like every photograph.,semantics,quantifiers,existential_there_quantifiers_2,True,False,False,False,790,2.040541250901515,2.2325717008514347,-0.1920304499499199,0,-58.779527608305216,-56.4730766620487,-79.18494011732037,-78.79879367056304,10,10
Most peppers aren't there annoying Gina.,There aren't most peppers annoying Gina.,semantics,quantifiers,existential_there_quantifiers_2,True,False,False,False,791,1.868005904733117,1.146586471092082,0.7214194336410351,1,-56.63742416910827,-61.602199003100395,-71.58147140697321,-70.77489077183705,8,8
Most cakes aren't there disturbing Melinda.,There aren't most cakes disturbing Melinda.,semantics,quantifiers,existential_there_quantifiers_2,True,False,False,False,792,2.332404166835769,1.9494259196288857,0.38297824720688345,1,-60.165496786125004,-62.8057203758508,-81.15713428764693,-80.35055365251077,9,9
Each glacier wasn't there embarrassing Ella.,There wasn't each glacier embarrassing Ella.,semantics,quantifiers,existential_there_quantifiers_2,True,False,False,False,793,1.8362002119570806,1.3274227440346005,0.5087774679224801,1,-63.18900492414832,-66.45288458094001,-79.71480683176205,-78.39968927725141,9,9
Most museums are there referencing the actor.,There are most museums referencing the actor.,semantics,quantifiers,existential_there_quantifiers_2,True,False,False,False,794,1.3299377842946924,1.652996392937684,-0.32305860864299163,0,-58.21528875827789,-54.8242392539978,-68.85479103263543,-68.04821039749928,8,8
Each pepper isn't there growing.,There isn't each pepper growing.,semantics,quantifiers,existential_there_quantifiers_2,True,False,False,False,795,0.7956722098883132,1.546545377520903,-0.7508731676325898,0,-50.979392221197486,-44.408162493258715,-56.54909769041568,-55.233980135905036,7,7
Every documentary was there aggravating Kendra.,There was every documentary aggravating Kendra.,semantics,quantifiers,existential_there_quantifiers_2,True,False,False,False,796,2.1365735020776273,2.310222248248124,-0.17364874617049653,0,-66.67681312561035,-64.72893750667572,-85.905974644309,-85.52093774090883,9,9
Every woman wasn't there managing to alarm Denise.,There wasn't every woman managing to alarm Denise.,semantics,quantifiers,existential_there_quantifiers_2,True,False,False,False,797,1.7098002717432508,1.7390001211882322,-0.02919984944498144,0,-66.78988924901932,-66.11285385116935,-83.88789196645183,-83.50285506305167,10,10
Each guy was there happening to unfold.,There was each guy happening to unfold.,semantics,quantifiers,existential_there_quantifiers_2,True,False,False,False,798,1.6982102952710765,1.6945968584722007,0.0036134367988758243,1,-50.76848649978638,-49.48227643966675,-64.35416886195499,-63.03905130744435,8,8
Most mushrooms aren't there alarming Nancy.,There aren't most mushrooms alarming Nancy.,semantics,quantifiers,existential_there_quantifiers_2,True,False,False,False,799,1.5967274153472317,1.0089394462657815,0.5877879690814503,1,-59.1319576818496,-63.027680799365044,-71.90577700462745,-71.0991963694913,8,8
Each report about the Borgias is there annoying some companies.,There is each report about the Borgias annoying some companies.,semantics,quantifiers,existential_there_quantifiers_2,True,False,False,False,800,1.416643975144595,1.3655140912323038,0.05112988391229112,1,-84.44071686267853,-83.73915791511536,-101.44044456441367,-100.125327009903,12,12
All horses are there upsetting Becky.,There are all horses upsetting Becky.,semantics,quantifiers,existential_there_quantifiers_2,True,False,False,False,801,1.380475686500701,1.7297220151876889,-0.3492463286869878,0,-48.639368891716,-45.80849814414978,-58.30269869722091,-57.9165522504636,7,7
Most books weren't there annoying some boy.,There weren't most books annoying some boy.,semantics,quantifiers,existential_there_quantifiers_2,True,False,False,False,802,1.467881000450338,1.2185687765450364,0.2493122239053016,1,-58.40546772442758,-59.84269710443914,-71.61639672848062,-70.80981609334447,9,9
All photographs aren't there alarming Ellen.,There aren't all photographs alarming Ellen.,semantics,quantifiers,existential_there_quantifiers_2,True,False,False,False,803,1.6135314938301093,1.4167348897387733,0.19679660409133604,1,-56.1857228288427,-57.37394921481609,-69.09397477948357,-68.70782833272628,8,8
All casseroles are there baking.,There are all casseroles baking.,semantics,quantifiers,existential_there_quantifiers_2,True,False,False,False,804,2.133167905044459,2.526558155661128,-0.3933902506166689,0,-52.748246908187866,-49.21497845649719,-69.81359014854354,-69.42744370178622,8,8
Every actress was there compelling George's senators to conceal this cup.,There was every actress compelling George's senators to conceal this cup.,semantics,quantifiers,existential_there_quantifiers_2,True,False,False,False,805,0.6717207603102989,0.9480462552951656,-0.2763254949848667,0,-101.03952360153198,-97.06225526332855,-109.77189348556587,-109.3868565821657,13,13
Most guys were there fixing a lot of windows.,There were most guys fixing a lot of windows.,semantics,quantifiers,existential_there_quantifiers_2,True,False,False,False,806,2.334006264426512,2.520331149692956,-0.18632488526644408,0,-52.51040479540825,-49.84057530760765,-75.85046743967337,-75.04388680453721,10,10
Each woman isn't there discussing many libraries.,There isn't each woman discussing many libraries.,semantics,quantifiers,existential_there_quantifiers_2,True,False,False,False,807,2.0446424799274387,1.992666232365688,0.05197624756175068,1,-58.25555926375091,-57.40822793729603,-76.65734158309786,-75.34222402858722,9,9
All waiters aren't there hiding.,There aren't all waiters hiding.,semantics,quantifiers,existential_there_quantifiers_2,True,False,False,False,808,1.6300537178465806,1.1932836500550899,0.43677006779149075,1,-46.87608855590224,-49.98410265147686,-59.91651829867489,-59.53037185191758,8,8
Each book wasn't there disagreeing with Cheryl.,There wasn't each book disagreeing with Cheryl.,semantics,quantifiers,existential_there_quantifiers_2,True,False,False,False,809,1.765878858275292,1.8181311507449323,-0.05225229246964025,0,-64.67143277451396,-62.83379229530692,-82.33022135726688,-81.01510380275624,10,10
Each brother of Aaron wasn't there begging some sister of Sheila to ascend these slopes.,There wasn't each brother of Aaron begging some sister of Sheila to ascend these slopes.,semantics,quantifiers,existential_there_quantifiers_2,True,False,False,False,810,1.4712164271392982,1.5669007211389816,-0.09568429399968337,0,-120.34511911123991,-117.40336855873466,-145.35579837260798,-144.04068081809734,17,17
All cups weren't there aggravating Larry.,There weren't all cups aggravating Larry.,semantics,quantifiers,existential_there_quantifiers_2,True,False,False,False,811,2.1103642687826447,1.9401186946087832,0.17024557417386155,1,-60.639480993151665,-61.7855447139591,-79.63275941219547,-79.24661296543815,9,9
All computers were there worrying Dana.,There were all computers worrying Dana.,semantics,quantifiers,existential_there_quantifiers_2,True,False,False,False,812,0.37099676155562783,1.0111639438574227,-0.6401671823017949,0,-58.727880001068115,-53.86056327819824,-61.32485733195751,-60.9387108852002,7,7
Most forks aren't there looking like the painting.,There aren't most forks looking like the painting.,semantics,quantifiers,existential_there_quantifiers_2,True,False,False,False,813,2.329296988298245,1.948576962124227,0.3807200261740178,1,-53.30428571533412,-56.30490534193814,-76.59725559831656,-75.79067496318041,10,10
Every gate is there hurting Eric.,There is every gate hurting Eric.,semantics,quantifiers,existential_there_quantifiers_2,True,False,False,False,814,1.1380257856321714,1.4527076111310617,-0.31468182549889034,0,-50.41143178939819,-47.8236221075058,-58.37761228882339,-57.99257538542323,7,7
All museums are there arguing.,There are all museums arguing.,semantics,quantifiers,existential_there_quantifiers_2,True,False,False,False,815,1.5759161852774994,2.1070029843340294,-0.53108679905653,0,-39.7391300201416,-36.166462779045105,-49.1946271318066,-48.80848068504928,6,6
Every glacier was there confusing Martin.,There was every glacier confusing Martin.,semantics,quantifiers,existential_there_quantifiers_2,True,False,False,False,816,1.1469020652906312,1.116158864032143,0.030743201258488284,1,-54.032508850097656,-53.8626743555069,-62.060823307132075,-61.6757864037319,7,7
Most glasses aren't there twisting.,There aren't most glasses twisting.,semantics,quantifiers,existential_there_quantifiers_2,True,False,False,False,817,2.0363380724956053,1.4924668990767895,0.5438711734188157,1,-43.99000962078571,-46.990527199581265,-58.24437612825495,-57.43779549311879,7,7
Each library wasn't there succeeding.,There wasn't each library succeeding.,semantics,quantifiers,existential_there_quantifiers_2,True,False,False,False,818,1.794063149347028,1.7013799940239593,0.0926831553230687,1,-46.84962996095419,-46.183294493705034,-59.408072006383385,-58.09295445187275,7,7
Every cashier wasn't there impressing Walter.,There wasn't every cashier impressing Walter.,semantics,quantifiers,existential_there_quantifiers_2,True,False,False,False,819,2.240196372480065,2.4636537401084864,-0.22345736762842128,0,-66.91001164726913,-64.29040106758475,-89.31197537206978,-88.92693846866962,10,10
Most reports weren't there shocking Christina.,There weren't most reports shocking Christina.,semantics,quantifiers,existential_there_quantifiers_2,True,False,False,False,820,1.616501700451252,1.4653591369696493,0.15114256348160282,1,-60.185404513031244,-60.58796438574791,-73.11741811664126,-72.3108374815051,8,8
Every report was there winning.,There was every report winning.,semantics,quantifiers,existential_there_quantifiers_2,True,False,False,False,821,0.9592850920932025,1.3723428237184845,-0.41305773162528203,0,-40.56951856613159,-37.706135272979736,-46.32522911869081,-45.940192215290644,6,6
Each movie theater is there vanishing.,There is each movie theater vanishing.,semantics,quantifiers,existential_there_quantifiers_2,True,False,False,False,822,1.531940941473596,1.542637205490082,-0.010696264016486046,0,-50.561009764671326,-49.17101836204529,-61.2845963549865,-59.96947880047586,7,7
Most apples were there stunning Pamela.,There were most apples stunning Pamela.,semantics,quantifiers,existential_there_quantifiers_2,True,False,False,False,823,0.8194554777142388,0.9101202600927719,-0.09066478237853315,0,-58.3517644405365,-56.91053032875061,-64.08795278453617,-63.28137214940001,7,7
Every coat was there bothering Marie.,There was every coat bothering Marie.,semantics,quantifiers,existential_there_quantifiers_2,True,False,False,False,824,1.5101782938768804,1.2947599610930811,0.2154183327837993,1,-48.44576454162598,-49.5686559677124,-59.01701259876414,-58.63197569536397,7,7
All restaurants were there alarming that adult.,There were all restaurants alarming that adult.,semantics,quantifiers,existential_there_quantifiers_2,True,False,False,False,825,-0.3505424354676663,0.14795634447830253,-0.4984987799459688,0,-68.29687595367432,-63.92273926734924,-65.49253646993299,-65.10639002317566,8,8
Each cafe was there shocking Jodi.,There was each cafe shocking Jodi.,semantics,quantifiers,existential_there_quantifiers_2,True,False,False,False,826,0.9196876226954878,0.8657340400702722,0.053953582625215546,1,-66.98256611824036,-66.09907722473145,-74.34006709980426,-73.02494954529362,8,8
Most grandfathers of this child weren't there upsetting Helen.,There weren't most grandfathers of this child upsetting Helen.,semantics,quantifiers,existential_there_quantifiers_2,True,False,False,False,827,1.3760361322336934,1.512502488509438,-0.13646635627574466,0,-78.66704090312123,-76.22286399267614,-95.17947448992555,-94.3728938547894,12,12
Every sister of Lawrence was there considering Christopher to go to every hill.,There was every sister of Lawrence considering Christopher to go to every hill.,semantics,quantifiers,existential_there_quantifiers_2,True,False,False,False,828,1.3910637719700998,1.422339571004782,-0.03127579903468214,0,-88.39095544815063,-87.56805735826492,-107.86584825573203,-107.48081135233187,14,14
Each show about Spain wasn't there embarrassing Kevin.,There wasn't each show about Spain embarrassing Kevin.,semantics,quantifiers,existential_there_quantifiers_2,True,False,False,False,829,1.2802510706588492,1.2514608852674427,0.028790185391406542,1,-72.17171842604876,-71.14450272545218,-84.97422913263725,-83.65911157812661,10,10
Every legislature isn't there alarming the Borgias.,There isn't every legislature alarming the Borgias.,semantics,quantifiers,existential_there_quantifiers_2,True,False,False,False,830,1.6974401856420571,1.7264507505723998,-0.029010564930342708,0,-71.38756255619228,-70.71242000348866,-88.36196441261285,-87.97692750921266,10,10
Each college campus wasn't there appearing.,There wasn't each college campus appearing.,semantics,quantifiers,existential_there_quantifiers_2,True,False,False,False,831,1.6632128018242085,1.460252533956936,0.2029602678672724,1,-56.34262804687023,-56.651192635297775,-69.6483304614639,-68.33321290695326,8,8
Every guy wasn't there learning who hadn't toured every public park.,There wasn't every guy learning who hadn't toured every public park.,semantics,quantifiers,existential_there_quantifiers_2,True,False,False,False,832,2.379799052581447,2.545493983706702,-0.1656949311252549,0,-85.31670105457306,-82.61193511541933,-118.63388779071332,-118.24885088731315,14,14
Every projector was there stunning that customer.,There was every projector stunning that customer.,semantics,quantifiers,existential_there_quantifiers_2,True,False,False,False,833,0.9463568435820733,0.9194287965187549,0.026928047063318417,1,-62.06694710254669,-61.897334575653076,-69.63780185120328,-69.25276494780312,8,8
Each banana is there stunning some waiter.,There is each banana stunning some waiter.,semantics,quantifiers,existential_there_quantifiers_2,True,False,False,False,834,0.22107792257427406,0.20012027920381925,0.020957643370454804,1,-68.59930443763733,-67.45184803009033,-70.36792781823152,-69.05281026372089,8,8
Most glaciers were there astounding Dennis.,There were most glaciers astounding Dennis.,semantics,quantifiers,existential_there_quantifiers_2,True,False,False,False,835,0.612050876650857,0.9616678338972926,-0.3496169572464356,0,-62.358179569244385,-59.10428023338318,-66.64253570580038,-65.83595507066423,7,7
Each coat isn't there worrying Sonia.,There isn't each coat worrying Sonia.,semantics,quantifiers,existential_there_quantifiers_2,True,False,False,False,836,1.361491239385309,1.2958997206466911,0.0655915187386178,1,-58.91197973303497,-58.121594328433275,-69.80390964811744,-68.4887920936068,8,8
Most organizations are there forfeiting.,There are most organizations forfeiting.,semantics,quantifiers,existential_there_quantifiers_2,True,False,False,False,837,2.4266562210787583,2.5957935155662315,-0.16913729448747317,0,-47.23727512359619,-45.24673342704773,-64.2238686711475,-63.41728803601135,7,7
All spotlights aren't there brightening.,There aren't all spotlights brightening.,semantics,quantifiers,existential_there_quantifiers_2,True,False,False,False,838,2.354654044862978,2.2362750488342757,0.11837899602870205,1,-54.52631624042988,-55.205580757930875,-75.71820264419668,-75.33205619743936,9,9
Every picture of Heidi was there distracting Catherine.,There was every picture of Heidi distracting Catherine.,semantics,quantifiers,existential_there_quantifiers_2,True,False,False,False,839,2.0129472736967764,1.9773124825324038,0.035634791164372626,1,-59.81553757190704,-59.751213788986206,-77.93206303517803,-77.54702613177784,9,9
Most dishes were there worrying Carmen.,There were most dishes worrying Carmen.,semantics,quantifiers,existential_there_quantifiers_2,True,False,False,False,840,0.6264266375766689,1.001257142938426,-0.3748305053617571,0,-58.66534185409546,-55.234947681427,-63.05032831713214,-62.243747681995984,7,7
Most vases are there distracting Patricia.,There are most vases distracting Patricia.,semantics,quantifiers,existential_there_quantifiers_2,True,False,False,False,841,1.5593117096567504,1.945205698734732,-0.38589398907798156,0,-61.8452832698822,-57.95155072212219,-74.3197769471362,-73.51319631200005,8,8
Every essay about Winston Churchill wasn't there annoying Larry.,There wasn't every essay about Winston Churchill annoying Larry.,semantics,quantifiers,existential_there_quantifiers_2,True,False,False,False,842,1.927587035012302,2.0743155168587233,-0.14672848184642118,0,-81.80950573459268,-79.81045553088188,-103.012963119728,-102.62792621632784,11,11
Most bananas aren't there charring.,There aren't most bananas charring.,semantics,quantifiers,existential_there_quantifiers_2,True,False,False,False,843,1.9735559592514527,1.3846954852630873,0.5888604739883654,1,-52.56863864418119,-56.47294180095196,-68.35708631819281,-67.55050568305666,8,8
All banks are there continuing to approve.,There are all banks continuing to approve.,semantics,quantifiers,existential_there_quantifiers_2,True,False,False,False,844,1.627207238492236,1.8051744713686588,-0.1779672328764228,0,-51.4149694442749,-49.605085134506226,-64.43262735221279,-64.0464809054555,8,8
Most grandfathers of Jeffrey aren't there departing.,There aren't most grandfathers of Jeffrey departing.,semantics,quantifiers,existential_there_quantifiers_2,True,False,False,False,845,1.2083368346344145,1.5461387172241927,-0.33780188258977817,0,-71.65809379890561,-67.47349433787167,-83.74146214524976,-82.9348815101136,10,10
Each niece of Linda wasn't there boasting about Mary.,There wasn't each niece of Linda boasting about Mary.,semantics,quantifiers,existential_there_quantifiers_2,True,False,False,False,846,2.4633789918081304,2.3838833081778223,0.07949568363030801,1,-66.8307678680867,-66.39010283350945,-93.92793677797613,-92.6128192234655,11,11
Each dancer was there muttering.,There was each dancer muttering.,semantics,quantifiers,existential_there_quantifiers_2,True,False,False,False,847,1.8978927414452176,2.0589068106156865,-0.1610140691704689,0,-48.612252593040466,-46.17003655433655,-61.89750178315699,-60.582384228646355,7,7
All screens aren't there alarming Ruth.,There aren't all screens alarming Ruth.,semantics,quantifiers,existential_there_quantifiers_2,True,False,False,False,848,1.420719179705788,0.8966259024106336,0.5240932772951545,1,-58.38249779678881,-62.189097568392754,-69.74825123443512,-69.36210478767782,8,8
All shoes aren't there looking like this painting.,There aren't all shoes looking like this painting.,semantics,quantifiers,existential_there_quantifiers_2,True,False,False,False,849,2.4374097897382567,2.303922862710226,0.13348692702803078,1,-48.78412801306695,-49.73285083658993,-73.15822591044952,-72.7720794636922,10,10
Every unicycle was there falling.,There was every unicycle falling.,semantics,quantifiers,existential_there_quantifiers_2,True,False,False,False,850,0.3372410365389261,1.0778950001701832,-0.7406539636312571,0,-55.38616418838501,-49.81654953956604,-57.74685144415749,-57.36181454075732,7,7
Every public park is there astounding Michael.,There is every public park astounding Michael.,semantics,quantifiers,existential_there_quantifiers_2,True,False,False,False,851,1.1211181783878104,1.2509243743598049,-0.1298061959719945,0,-60.507232904434204,-59.08374643325806,-69.47617833153669,-69.0911414281365,8,8
Each father of Sharon wasn't there doubting Andrew can cough.,There wasn't each father of Sharon doubting Andrew can cough.,semantics,quantifiers,existential_there_quantifiers_2,True,False,False,False,852,1.6475096903183704,1.4235497562262673,0.22395993409210302,1,-90.89831735938787,-92.49467894807458,-112.31594333352669,-111.00082577901605,13,13
Most nephews of Carol were there preventing Linda from wasting away.,There were most nephews of Carol preventing Linda from wasting away.,semantics,quantifiers,existential_there_quantifiers_2,True,False,False,False,853,1.0170396144806397,1.3903031109295578,-0.3732634964489181,0,-99.51681780815125,-93.85781171917915,-112.73833279639956,-111.9317521612634,13,13
Every story about the Impressionists wasn't there disagreeing with Bruce.,There wasn't every story about the Impressionists disagreeing with Bruce.,semantics,quantifiers,existential_there_quantifiers_2,True,False,False,False,854,2.573181672983399,2.9414507355866535,-0.3682690626032543,0,-88.25933223962784,-82.35025939717889,-126.85705733437882,-126.47202043097869,15,15
All jackets aren't there disturbing some organizations.,There aren't all jackets disturbing some organizations.,semantics,quantifiers,existential_there_quantifiers_2,True,False,False,False,855,1.8668509638535038,1.3119023183056129,0.5549486455478909,1,-60.23051687888801,-64.83890824206173,-77.03217555356954,-76.64602910681225,9,9
All pedestrians weren't there forgetting about what is replying.,There weren't all pedestrians forgetting about what is replying.,semantics,quantifiers,existential_there_quantifiers_2,True,False,False,False,856,2.0564832658066194,2.314591811671837,-0.2581085458652175,0,-75.85387823544443,-72.3704292383045,-100.53167742512386,-100.14553097836654,12,12
Each adult was there boasting about Caroline.,There was each adult boasting about Caroline.,semantics,quantifiers,existential_there_quantifiers_2,True,False,False,False,857,0.5064344581989637,1.113907866798037,-0.6074734085990734,0,-64.61624670028687,-58.44134187698364,-68.66772236587857,-67.35260481136794,8,8
Every closet wasn't there shutting.,There wasn't every closet shutting.,semantics,quantifiers,existential_there_quantifiers_2,True,False,False,False,858,1.6982530636734825,1.6237571665820616,0.0744958970914209,1,-46.297256369143724,-46.4336907453835,-58.1850278148581,-57.79999091145793,7,7
Each painting isn't there disturbing Kendra.,There isn't each painting disturbing Kendra.,semantics,quantifiers,existential_there_quantifiers_2,True,False,False,False,859,1.7698868391165756,1.4695367840434288,0.3003500550731468,1,-65.95584784820676,-67.34388078935444,-81.88482940025594,-80.5697118457453,9,9
Every hat was there shocking Charles.,There was every hat shocking Charles.,semantics,quantifiers,existential_there_quantifiers_2,True,False,False,False,860,0.4525665402324423,0.3977350754622963,0.054831464770146,1,-54.9162654876709,-54.91504883766174,-58.084231269297995,-57.69919436589782,7,7
Every guest is there looking like this sketch.,There is every guest looking like this sketch.,semantics,quantifiers,existential_there_quantifiers_2,True,False,False,False,861,1.911219022162366,2.0156584840802685,-0.10443946191790254,0,-52.12138628959656,-50.79639422893524,-69.32235748905785,-68.93732058565766,9,9
Most lights are there looking like photographs.,There are most lights looking like photographs.,semantics,quantifiers,existential_there_quantifiers_2,True,False,False,False,862,2.224714721930072,2.3108575931825452,-0.08614287125247344,0,-45.69861662387848,-44.202893018722534,-63.49633439931905,-62.689753764182896,8,8
Most hamsters weren't there falling.,There weren't most hamsters falling.,semantics,quantifiers,existential_there_quantifiers_2,True,False,False,False,863,2.4013968033716857,2.555296957495912,-0.15390015412422642,0,-49.38129294291139,-47.34351107478142,-68.59246736988487,-67.78588673474871,8,8
Most cups aren't there upsetting Phillip.,There aren't most cups upsetting Phillip.,semantics,quantifiers,existential_there_quantifiers_2,True,False,False,False,864,1.7827088588823976,1.2276982022454703,0.5550106566369273,1,-57.523108657449484,-61.156613275408745,-71.78477952850866,-70.97819889337251,8,8
All books about the Balkans aren't there astounding Angela.,There aren't all books about the Balkans astounding Angela.,semantics,quantifiers,existential_there_quantifiers_2,True,False,False,False,865,1.6326011068864106,1.53823360225242,0.09436750463399068,1,-74.4225491899997,-75.07444529421628,-92.38116136575022,-91.9950149189929,11,11
Each movie about the Impressionists is there bothering Cheryl.,There is each movie about the Impressionists bothering Cheryl.,semantics,quantifiers,existential_there_quantifiers_2,True,False,False,False,866,2.0913090575387088,2.182641347724117,-0.09133229018540812,0,-83.76475775241852,-81.35365271568298,-108.86046644288302,-107.54534888837239,12,12
All carts were there tipping over.,There were all carts tipping over.,semantics,quantifiers,existential_there_quantifiers_2,True,False,False,False,867,1.4957757144127928,2.29654097040146,-0.8007652559886671,0,-47.73585319519043,-41.74434995651245,-58.20628319607998,-57.82013674932267,7,7
All plays were there disturbing some senators.,There were all plays disturbing some senators.,semantics,quantifiers,existential_there_quantifiers_2,True,False,False,False,868,0.48567101959075387,0.7323121015730099,-0.24664108198225598,0,-63.27090930938721,-60.91163420677185,-67.15627746611324,-66.77013101935593,8,8
Every school wasn't there joking around.,There wasn't every school joking around.,semantics,quantifiers,existential_there_quantifiers_2,True,False,False,False,869,1.5228394452971061,1.5666809852998114,-0.04384154000270524,0,-49.92916480824351,-49.1933955848217,-62.11188037062036,-61.72684346722019,8,8
All skirts are there warping.,There are all skirts warping.,semantics,quantifiers,existential_there_quantifiers_2,True,False,False,False,870,0.9910149314944984,1.03339972333805,-0.042384791843551706,0,-50.28534209728241,-49.60250210762024,-57.2224466177439,-56.83630017098659,7,7
Every mall is there embarrassing Nancy.,There is every mall embarrassing Nancy.,semantics,quantifiers,existential_there_quantifiers_2,True,False,False,False,871,0.8845181774412723,0.9230829505894361,-0.03856477314816387,0,-55.12012016773224,-54.46512985229492,-61.311747409821145,-60.926710506420974,7,7
Every child was there sitting down.,There was every child sitting down.,semantics,quantifiers,existential_there_quantifiers_2,True,False,False,False,872,1.7167722039301236,2.485373525284072,-0.7686013213539482,0,-37.89829111099243,-32.133044958114624,-49.9156965385033,-49.53065963510313,7,7
Most cats weren't there distracting Kendra.,There weren't most cats distracting Kendra.,semantics,quantifiers,existential_there_quantifiers_2,True,False,False,False,873,2.229665242724116,1.992010341679241,0.2376549010448752,1,-64.21252634562552,-65.54483981989324,-84.27951353014257,-83.47293289500641,9,9
Every painting of Stephen wasn't there stunning that guy.,There wasn't every painting of Stephen stunning that guy.,semantics,quantifiers,existential_there_quantifiers_2,True,False,False,False,874,1.6150704537742357,1.2517904623327276,0.36327999144150813,1,-70.84181994572282,-74.45286294817924,-88.60759493723941,-88.22255803383925,11,11
All mountains were there disappearing.,There were all mountains disappearing.,semantics,quantifiers,existential_there_quantifiers_2,True,False,False,False,875,1.0975656869661776,2.1933751034899536,-1.095809416523776,0,-41.25362551212311,-34.292622566223145,-47.839019633920174,-47.452873187162865,6,6
Most brothers of Alexander weren't there swallowing.,There weren't most brothers of Alexander swallowing.,semantics,quantifiers,existential_there_quantifiers_2,True,False,False,False,876,1.477760248444301,1.564040671311659,-0.08628042286735793,0,-62.138173609972,-60.55506916902959,-75.43801584597071,-74.63143521083452,9,9
Each teacher isn't there talking to Galileo.,There isn't each teacher talking to Galileo.,semantics,quantifiers,existential_there_quantifiers_2,True,False,False,False,877,1.8101163680158203,1.9625503921731675,-0.1524340241573472,0,-55.363416105508804,-52.676392333582044,-71.65446341765119,-70.33934586314055,9,9
Most hospitals are there revealing who should hire those customers.,There are most hospitals revealing who should hire those customers.,semantics,quantifiers,existential_there_quantifiers_2,True,False,False,False,878,2.0923341816615615,2.3541916287596405,-0.261857447098079,0,-75.11371195316315,-71.42669939994812,-98.12938795144032,-97.32280731630416,11,11
Most shoes weren't there disappearing.,There weren't most shoes disappearing.,semantics,quantifiers,existential_there_quantifiers_2,True,False,False,False,879,2.0217999987925785,1.8655729611661036,0.15622703762647494,1,-43.729885797947645,-44.016894426196814,-57.882485789495696,-57.07590515435954,7,7
Every gate isn't there falling.,There isn't every gate falling.,semantics,quantifiers,existential_there_quantifiers_2,True,False,False,False,880,1.4024730933909737,1.6937389776770044,-0.29126588428603073,0,-44.13920618221164,-41.71530808880925,-53.95651783594845,-53.57148093254828,7,7
Every show about the Clintons isn't there scaring the teachers.,There isn't every show about the Clintons scaring the teachers.,semantics,quantifiers,existential_there_quantifiers_2,True,False,False,False,881,1.6896159376708577,1.9213876075971081,-0.23177166992625042,0,-83.26406689919531,-79.8659982867539,-105.22907408891646,-104.8440371855163,13,13
Each shirt was there boring Linda.,There was each shirt boring Linda.,semantics,quantifiers,existential_there_quantifiers_2,True,False,False,False,882,0.8363535457423542,0.8371212086301237,-0.0007676628877695268,0,-53.9945809841156,-52.674089789390564,-59.84905580431208,-58.53393824980143,7,7
Most grandfathers of every woman were there imagining Candice doesn't require Melissa to think about a lot of glasses.,There were most grandfathers of every woman imagining Candice doesn't require Melissa to think about a lot of glasses.,semantics,quantifiers,existential_there_quantifiers_2,True,False,False,False,883,1.8946852711453654,2.1218674936604613,-0.2271822225150959,0,-141.31397741660476,-135.28220566362143,-184.89173865294816,-184.08515801781203,23,23
All grandsons of the patient weren't there wishing to salute.,There weren't all grandsons of the patient wishing to salute.,semantics,quantifiers,existential_there_quantifiers_2,True,False,False,False,884,1.599436890894838,1.9723426413828804,-0.3729057504880424,0,-89.79212810099125,-84.18530114740133,-112.18424457351898,-111.79809812676166,14,14
All newspaper articles aren't there impressing Veronica.,There aren't all newspaper articles impressing Veronica.,semantics,quantifiers,existential_there_quantifiers_2,True,False,False,False,885,1.8608032090543418,1.942244959611287,-0.08144175055694514,0,-72.89371416158974,-71.69315020926297,-91.50174625213316,-91.11559980537584,10,10
Each screen was there impressing Patricia.,There was each screen impressing Patricia.,semantics,quantifiers,existential_there_quantifiers_2,True,False,False,False,886,1.4574476986035236,1.5784351491032282,-0.12098745049970461,0,-61.6356725692749,-59.3526554107666,-73.29525415810309,-71.98013660359243,8,8
Every play wasn't there embarrassing Robert.,There wasn't every play embarrassing Robert.,semantics,quantifiers,existential_there_quantifiers_2,True,False,False,False,887,0.8985502860568744,1.2302910906597084,-0.33174080460283406,0,-57.413604728877544,-54.37464138865471,-64.60200701733254,-64.21697011393238,8,8
Most dresses weren't there confusing some waitress.,There weren't most dresses confusing some waitress.,semantics,quantifiers,existential_there_quantifiers_2,True,False,False,False,888,1.8782214433844773,1.5001727046740838,0.37804873871039346,1,-63.19227783381939,-65.78813584707677,-80.09627082427969,-79.28969018914353,9,9
All legislatures are there pressing Ann to mess up that library.,There are all legislatures pressing Ann to mess up that library.,semantics,quantifiers,existential_there_quantifiers_2,True,False,False,False,889,1.0788232436978145,1.1747408344307881,-0.09591759073297368,0,-85.29484260082245,-83.75768506526947,-98.24072152519622,-97.85457507843893,12,12
All rabbits were there falling.,There were all rabbits falling.,semantics,quantifiers,existential_there_quantifiers_2,True,False,False,False,890,0.8701592717155778,2.0364173848526654,-1.1662581131370877,0,-40.89887714385986,-33.51518201828003,-46.11983277415333,-45.73368632739602,6,6
All public parks are there alarming Jane.,There are all public parks alarming Jane.,semantics,quantifiers,existential_there_quantifiers_2,True,False,False,False,891,0.7684819818835358,1.0345266854201647,-0.2660447035366289,0,-63.793898701667786,-61.27939462661743,-69.94175455673607,-69.55560810997875,8,8
Each eye wasn't there shutting.,There wasn't each eye shutting.,semantics,quantifiers,existential_there_quantifiers_2,True,False,False,False,892,1.5777745375857626,1.9265415619502622,-0.3487670243644996,0,-46.32131865620613,-42.564831931144,-57.36574041930647,-56.050622864795834,7,7
Every niece of Beth is there looking like some drawings.,There is every niece of Beth looking like some drawings.,semantics,quantifiers,existential_there_quantifiers_2,True,False,False,False,893,1.9400120247159511,1.8315226776898432,0.10848934702610791,1,-66.0457249879837,-66.85407090187073,-87.38585725985916,-87.000820356459,11,11
All cafes are there appearing.,There are all cafes appearing.,semantics,quantifiers,existential_there_quantifiers_2,True,False,False,False,894,1.3563297489699113,1.9213684265741098,-0.5650386776041985,0,-42.854653120040894,-39.078274607658386,-50.99263161386036,-50.606485167103045,6,6
Each popsicle is there hurting Roger.,There is each popsicle hurting Roger.,semantics,quantifiers,existential_there_quantifiers_2,True,False,False,False,895,1.1809384532180403,1.6564478339354913,-0.4755093807174511,0,-63.31794333457947,-58.198750734329224,-72.76545096032379,-71.45033340581315,8,8
Each popsicle isn't there evaporating.,There isn't each popsicle evaporating.,semantics,quantifiers,existential_there_quantifiers_2,True,False,False,False,896,2.700795209943111,2.798396494344947,-0.09760128440183591,0,-57.875653030350804,-55.682123916223645,-82.1828099198388,-80.86769236532817,9,9
Every mall isn't there falling.,There isn't every mall falling.,semantics,quantifiers,existential_there_quantifiers_2,True,False,False,False,897,1.470791732686898,1.5189442399744533,-0.04815250728755527,0,-45.74308638088405,-45.020981926470995,-56.03862850969234,-55.65359160629217,7,7
All tomatoes are there appearing.,There are all tomatoes appearing.,semantics,quantifiers,existential_there_quantifiers_2,True,False,False,False,898,0.854870003179748,1.5813957038196318,-0.7265257006398838,0,-43.14814114570618,-38.40284049510956,-48.277361164784665,-47.89121471802735,6,6
Most pictures are there falling.,There are most pictures falling.,semantics,quantifiers,existential_there_quantifiers_2,True,False,False,False,899,1.7186084630662428,1.9084891367817487,-0.18988067371550588,0,-36.03949272632599,-34.09362804889679,-46.351143504723446,-45.54456286958728,6,6
Every hospital wasn't there protesting.,There wasn't every hospital protesting.,semantics,quantifiers,existential_there_quantifiers_2,True,False,False,False,900,1.523511858397092,1.7288007588634347,-0.20528890046634274,0,-46.473395835608244,-44.65133662894368,-57.13797884438789,-56.752941940987725,7,7
Every movie theater wasn't there impressing a man.,There wasn't every movie theater impressing a man.,semantics,quantifiers,existential_there_quantifiers_2,True,False,False,False,901,2.42028321920227,2.2002218155060818,0.22006140369618832,1,-63.490774635225534,-65.52641317248344,-90.1138900464505,-89.72885314305034,11,11
Each truck was there boring Dana.,There was each truck boring Dana.,semantics,quantifiers,existential_there_quantifiers_2,True,False,False,False,902,0.4144144508508875,0.3663955076312198,0.04801894321966771,1,-57.52988791465759,-56.55090296268463,-60.430789070613805,-59.11567151610317,7,7
All jackets were there looking like that drawing.,There were all jackets looking like that drawing.,semantics,quantifiers,existential_there_quantifiers_2,True,False,False,False,903,1.7769987314183122,1.870489674102591,-0.09349094268427871,0,-51.39976632595062,-50.17220139503479,-67.39275490871543,-67.00660846195811,9,9
Every essay about Winston Churchill was there confusing Stephen.,There was every essay about Winston Churchill confusing Stephen.,semantics,quantifiers,existential_there_quantifiers_2,True,False,False,False,904,1.6784836540962658,2.06201966331069,-0.38353600921442443,0,-78.10413408279419,-73.88373708724976,-94.88897062375685,-94.50393372035666,10,10
All cups weren't there scaring Robert.,There weren't all cups scaring Robert.,semantics,quantifiers,existential_there_quantifiers_2,True,False,False,False,905,1.9369775426315274,1.9015187067473929,0.035458835884134565,1,-57.6510019749403,-57.58398505114019,-75.08379985862405,-74.69765341186672,9,9
All closets weren't there embarrassing Leslie.,There weren't all closets embarrassing Leslie.,semantics,quantifiers,existential_there_quantifiers_2,True,False,False,False,906,1.9561487404712605,1.9286778434084415,0.027470897062819022,1,-63.1636111214757,-63.024702748283744,-80.76894978571704,-80.38280333895972,9,9
Each pie isn't there confusing Bruce.,There isn't each pie confusing Bruce.,semantics,quantifiers,existential_there_quantifiers_2,True,False,False,False,907,1.2863570231213508,1.3761191476156895,-0.08976212449433874,0,-59.023685932159424,-56.99047138169408,-69.31454211713023,-67.9994245626196,8,8
Most drivers were there lying.,There were most drivers lying.,semantics,quantifiers,existential_there_quantifiers_2,True,False,False,False,908,1.2947074305045707,2.1187487023391767,-0.824041271834606,0,-41.00931406021118,-35.25848579406738,-48.777558643238606,-47.97097800810244,6,6
Every father of Anne wasn't there thinking about who discovers who is scratching.,There wasn't every father of Anne thinking about who discovers who is scratching.,semantics,quantifiers,existential_there_quantifiers_2,True,False,False,False,909,1.4023101595937097,1.414613083853946,-0.012302924260236159,0,-97.60317594558,-97.0335951782763,-118.63782833948565,-118.25279143608549,15,15
All scarves weren't there folding.,There weren't all scarves folding.,semantics,quantifiers,existential_there_quantifiers_2,True,False,False,False,910,1.6487800792635916,2.1579870394657483,-0.5092069602021567,0,-55.36432082206011,-50.90451869368553,-68.55456145616884,-68.16841500941152,8,8
All books about science weren't there confusing Brenda.,There weren't all books about science confusing Brenda.,semantics,quantifiers,existential_there_quantifiers_2,True,False,False,False,911,1.6209217005752634,1.981721441009674,-0.36079974043441054,0,-68.58276316337287,-64.58861931227148,-84.79198016912551,-84.40583372236821,10,10
Each play about Spain is there aggravating the boys.,There is each play about Spain aggravating the boys.,semantics,quantifiers,existential_there_quantifiers_2,True,False,False,False,912,1.1415879299896248,1.433851279189913,-0.2922633492002882,0,-75.25328874588013,-70.72327435016632,-87.810755975766,-86.49563842125536,11,11
Every mountain was there confusing Tamara.,There was every mountain confusing Tamara.,semantics,quantifiers,existential_there_quantifiers_2,True,False,False,False,913,1.4725478048732263,1.7154561686899967,-0.2429083638167704,0,-58.70549988746643,-56.377196073532104,-70.48588232645224,-70.10084542305208,8,8
All commentaries about music weren't there alarming Joseph.,There weren't all commentaries about music alarming Joseph.,semantics,quantifiers,existential_there_quantifiers_2,True,False,False,False,914,0.7378684378388595,0.9301510589888214,-0.19228262114996197,0,-87.7582378052175,-85.2569825258106,-95.87479062144496,-95.48864417468764,11,11
Every rabbit was there distracting Kathleen.,There was every rabbit distracting Kathleen.,semantics,quantifiers,existential_there_quantifiers_2,True,False,False,False,915,1.180056612005242,1.575983638478731,-0.3959270264734889,0,-54.00806939601898,-50.85154330730438,-62.26846568005568,-61.8834287766555,7,7
Each cucumber wasn't there confusing Monica.,There wasn't each cucumber confusing Monica.,semantics,quantifiers,existential_there_quantifiers_2,True,False,False,False,916,2.10496629872056,2.152539103774769,-0.047572805054209244,0,-65.72175846993923,-63.97848566994071,-84.66645515842427,-83.35133760391363,9,9
Each banana isn't there scaring Lucille.,There isn't each banana scaring Lucille.,semantics,quantifiers,existential_there_quantifiers_2,True,False,False,False,917,2.0207492249738293,2.1654810412735856,-0.1447318162997564,0,-68.45216327905655,-65.68972756154835,-88.65965552879484,-87.34453797428421,10,10
All people were there enticing Bruce to train.,There were all people enticing Bruce to train.,semantics,quantifiers,existential_there_quantifiers_2,True,False,False,False,918,0.6199470934403419,1.0965890375250384,-0.4766419440846965,0,-65.87991774082184,-61.203993797302246,-71.45944158178492,-71.07329513502759,9,9
Most children were there boring Alicia.,There were most children boring Alicia.,semantics,quantifiers,existential_there_quantifiers_2,True,False,False,False,919,1.2788297409794163,1.30568380018944,-0.026854059210023706,0,-51.27098989486694,-50.27643084526062,-60.22279808172286,-59.4162174465867,7,7
Each muffin isn't there disgusting Jesus.,There isn't each muffin disgusting Jesus.,semantics,quantifiers,existential_there_quantifiers_2,True,False,False,False,920,1.4163076849239897,1.679436279548213,-0.2631285946242232,0,-63.27975064329803,-59.596475737169385,-76.02651980761394,-74.7114022531033,9,9
All eyes aren't there astounding some government.,There aren't all eyes astounding some government.,semantics,quantifiers,existential_there_quantifiers_2,True,False,False,False,921,0.948528537531549,0.7280662960035803,0.22046224152796867,1,-62.546660143882036,-64.14467387087643,-71.08341698166598,-70.69727053490865,9,9
Most birds weren't there shocking the association.,There weren't most birds shocking the association.,semantics,quantifiers,existential_there_quantifiers_2,True,False,False,False,922,1.3791510049830025,1.1154476255781465,0.263703379404856,1,-61.678547613322735,-63.24529739283025,-74.09090665816976,-73.28432602303357,9,9
Every documentary was there distracting Leslie.,There was every documentary distracting Leslie.,semantics,quantifiers,existential_there_quantifiers_2,True,False,False,False,923,1.2166234736393144,1.3408805673386692,-0.12425709369935478,0,-54.85134959220886,-53.59651303291321,-63.36771390768406,-62.98267700428389,7,7
Most skateboards weren't there scaring Naomi.,There weren't most skateboards scaring Naomi.,semantics,quantifiers,existential_there_quantifiers_2,True,False,False,False,924,2.6303366273126927,2.654954456079119,-0.024617828766426264,0,-68.00514502450824,-66.95238610170782,-94.30851129763516,-93.501930662499,10,10
Most granddaughters of Keith aren't there remembering who sways Tara's ex-wives to win.,There aren't most granddaughters of Keith remembering who sways Tara's ex-wives to win.,semantics,quantifiers,existential_there_quantifiers_2,True,False,False,False,925,2.2286565982970568,2.136027588688781,0.09262900960827558,1,-137.7609188184142,-138.89954738505185,-184.5627073826524,-183.75612674751625,21,21
Each dog is there irritating Patricia.,There is each dog irritating Patricia.,semantics,quantifiers,existential_there_quantifiers_2,True,False,False,False,926,0.7149855726265792,0.7023595949961623,0.012625977630416951,1,-56.209957122802734,-54.98322141170502,-61.21485613118879,-59.89973857667815,7,7
Most malls weren't there disturbing the pedestrian.,There weren't most malls disturbing the pedestrian.,semantics,quantifiers,existential_there_quantifiers_2,True,False,False,False,927,1.7492711322989893,1.5125178216659758,0.23675331063301353,1,-65.15507292747498,-66.47927208803594,-80.89851311816588,-80.09193248302972,9,9
All cats aren't there shocking Sarah.,There aren't all cats shocking Sarah.,semantics,quantifiers,existential_there_quantifiers_2,True,False,False,False,928,1.7502766651836694,1.4036038160276725,0.34667284915599694,1,-52.5217494321987,-54.908985778689384,-66.52396275366806,-66.13781630691076,8,8
Most high schools are there upsetting Dawn.,There are most high schools upsetting Dawn.,semantics,quantifiers,existential_there_quantifiers_2,True,False,False,False,929,1.584691662571764,1.8318346961872898,-0.2471430336155258,0,-59.187325954437256,-56.40360105037689,-71.86485925501137,-71.05827861987521,8,8
Every turtle wasn't there looking like that painting.,There wasn't every turtle looking like that painting.,semantics,quantifiers,existential_there_quantifiers_2,True,False,False,False,930,2.2648116790755184,2.2106634503329445,0.054148228742573856,1,-53.139031019061804,-53.29547640308738,-75.78714780981699,-75.40211090641682,10,10
All dancers aren't there studying.,There aren't all dancers studying.,semantics,quantifiers,existential_there_quantifiers_2,True,False,False,False,931,1.9030014379790845,2.072097228249227,-0.16909579027014243,0,-42.96990962699056,-41.40009264834225,-56.29091969284415,-55.90477324608684,7,7
Each adult is there entreating this granddaughter of this senator to change.,There is each adult entreating this granddaughter of this senator to change.,semantics,quantifiers,existential_there_quantifiers_2,True,False,False,False,932,1.2488253181469275,1.4905792314923616,-0.24175391334543406,0,-99.75865864753723,-95.05898630619049,-117.24221310159422,-115.92709554708355,14,14
All boys were there encouraging Catherine to like those peppers.,There were all boys encouraging Catherine to like those peppers.,semantics,quantifiers,existential_there_quantifiers_2,True,False,False,False,933,1.3025346071507458,1.4872648532997241,-0.18473024614897837,0,-74.84615409374237,-72.42797493934631,-89.17403477240057,-88.78788832564328,11,11
All grandfathers of the Impressionists weren't there prodding Sara's ex-girlfriends to leave Kathleen.,There weren't all grandfathers of the Impressionists prodding Sara's ex-girlfriends to leave Kathleen.,semantics,quantifiers,existential_there_quantifiers_2,True,False,False,False,934,2.999006573473699,3.161032860972692,-0.16202628749899306,0,-130.98963071405888,-126.87687965482473,-199.96678190395394,-199.58063545719665,23,23
All companies aren't there obligating Charles's guest to exist.,There aren't all companies obligating Charles's guest to exist.,semantics,quantifiers,existential_there_quantifiers_2,True,False,False,False,935,1.4297220822078667,1.3314699894996567,0.09825209270821,1,-89.74978730455041,-90.64091806299984,-108.33617437325267,-107.95002792649538,13,13
Most restaurants are there shocking Phillip.,There are most restaurants shocking Phillip.,semantics,quantifiers,existential_there_quantifiers_2,True,False,False,False,936,1.2285246760359922,1.1978078690699558,0.030716806966036403,1,-56.27690529823303,-55.68534231185913,-64.87657803048498,-64.06999739534882,7,7
Every pedestrian is there hiring Sarah.,There is every pedestrian hiring Sarah.,semantics,quantifiers,existential_there_quantifiers_2,True,False,False,False,937,1.225381385430293,1.247803364514345,-0.022421979084051857,0,-54.62075066566467,-54.07875990867615,-63.198420363676725,-62.81338346027656,7,7
Each bicycle isn't there disgusting Jerry.,There isn't each bicycle disgusting Jerry.,semantics,quantifiers,existential_there_quantifiers_2,True,False,False,False,938,1.6735242475436642,1.3130473306834958,0.3604769168601685,1,-55.60680465772748,-57.17550243809819,-68.9949986380768,-67.67988108356616,8,8
Most organizations aren't there managing to conspire.,There aren't most organizations managing to conspire.,semantics,quantifiers,existential_there_quantifiers_2,True,False,False,False,939,2.3822913929692078,2.0641098571464793,0.31818153582272846,1,-65.53894727118313,-67.91418199427426,-89.36186120087521,-88.55528056573905,10,10
Each face was there boring Natalie.,There was each face boring Natalie.,semantics,quantifiers,existential_there_quantifiers_2,True,False,False,False,940,0.9019205343634127,0.9354349380010883,-0.03351440363767566,0,-53.06390595436096,-51.5141875743866,-59.37734969490485,-58.062232140394215,7,7
Each river wasn't there alarming Danielle.,There wasn't each river alarming Danielle.,semantics,quantifiers,existential_there_quantifiers_2,True,False,False,False,941,0.7253678012420437,0.6803368253234474,0.04503097591859628,1,-65.7236439883709,-64.76877424120903,-71.52658639830724,-70.21146884379661,8,8
Every painting of Stephanie is there disappearing.,There is every painting of Stephanie disappearing.,semantics,quantifiers,existential_there_quantifiers_2,True,False,False,False,942,1.175036490472685,1.4985990283788873,-0.32356253790620215,0,-56.94412362575531,-53.97058641910553,-66.34441554953679,-65.95937864613663,8,8
Most doctors are there kissing Amelia.,There are most doctors kissing Amelia.,semantics,quantifiers,existential_there_quantifiers_2,True,False,False,False,943,1.570726965835739,1.8617545667959894,-0.2910276009602504,0,-51.29000282287598,-48.446228981018066,-62.28509158372615,-61.47851094858999,7,7
Each school isn't there seeming to complain.,There isn't each school seeming to complain.,semantics,quantifiers,existential_there_quantifiers_2,True,False,False,False,944,1.893083307151926,2.0183806050043844,-0.12529729785245847,0,-54.902294071391225,-52.45950083620846,-71.94004383575856,-70.62492628124792,9,9
All mountains weren't there upsetting a company.,There weren't all mountains upsetting a company.,semantics,quantifiers,existential_there_quantifiers_2,True,False,False,False,945,1.5984507471077651,1.6503359310008756,-0.051885183893110476,0,-56.314879544079304,-55.46176644228399,-70.70093626804919,-70.31478982129187,9,9
Every shirt was there disgusting this teenager.,There was every shirt disgusting this teenager.,semantics,quantifiers,existential_there_quantifiers_2,True,False,False,False,946,0.8625256762952063,0.7481415369934616,0.11438413930174463,1,-59.22795653343201,-59.7579927444458,-66.12816194379366,-65.7431250403935,8,8
All gates are there falling.,There are all gates falling.,semantics,quantifiers,existential_there_quantifiers_2,True,False,False,False,947,1.5843280210479793,2.081145606428057,-0.4968175853800776,0,-36.231878995895386,-32.864827036857605,-45.73784712218326,-45.351700675425946,6,6
Every print was there stunning Danielle.,There was every print stunning Danielle.,semantics,quantifiers,existential_there_quantifiers_2,True,False,False,False,948,0.5882324041505649,0.8194183232283366,-0.23118591907777175,0,-59.67693066596985,-57.67359232902527,-63.7945574950238,-63.409520591623625,7,7
Each horse wasn't there looking like this sketch.,There wasn't each horse looking like this sketch.,semantics,quantifiers,existential_there_quantifiers_2,True,False,False,False,949,2.0717546632902355,2.1145977266750267,-0.04284306338479116,0,-56.539175033569336,-54.79562684521079,-77.25672166647169,-75.94160411196106,10,10
Each book is there worrying a hospital.,There is each book worrying a hospital.,semantics,quantifiers,existential_there_quantifiers_2,True,False,False,False,950,1.2247577067393935,0.6020830681296809,0.6226746386097126,1,-51.178698778152466,-54.84497833251953,-60.976760432067614,-59.66164287755698,8,8
Most guys are there learning who exists.,There are most guys learning who exists.,semantics,quantifiers,existential_there_quantifiers_2,True,False,False,False,951,1.8838838886816642,2.438262759279917,-0.5543788705982529,0,-50.362966537475586,-45.121354937553406,-65.4340376469289,-64.62745701179274,8,8
All nephews of these ladies weren't there bothering Dawn.,There weren't all nephews of these ladies bothering Dawn.,semantics,quantifiers,existential_there_quantifiers_2,True,False,False,False,952,2.092085676227567,2.1771013553106875,-0.08501567908312069,0,-73.95851764827967,-72.55218305252492,-99.06354576301047,-98.67739931625317,12,12
Each cat was there annoying Frank.,There was each cat annoying Frank.,semantics,quantifiers,existential_there_quantifiers_2,True,False,False,False,953,0.7390028329786327,1.0891349809258688,-0.3501321479472361,0,-52.05225396156311,-48.286211371421814,-57.22527379241354,-55.910156237902896,7,7
All dresses weren't there unfolding.,There weren't all dresses unfolding.,semantics,quantifiers,existential_there_quantifiers_2,True,False,False,False,954,1.7977018047436306,1.9109853580277831,-0.11328355328415252,0,-46.85515977628529,-45.676028456538916,-59.439072409490706,-59.0529259627334,7,7
Every newspaper article wasn't there disappearing.,There wasn't every newspaper article disappearing.,semantics,quantifiers,existential_there_quantifiers_2,True,False,False,False,955,1.3160295003915579,1.4284596096889253,-0.11243010929736741,0,-58.701818503439426,-57.417340725660324,-69.23005450657189,-68.84501760317173,8,8
Every bird was there coming here.,There was every bird coming here.,semantics,quantifiers,existential_there_quantifiers_2,True,False,False,False,956,1.7824286932678919,2.0638814572313544,-0.2814527639634625,0,-37.27011525630951,-34.9149090051651,-49.74711610918475,-49.36207920578458,7,7
Most wheelbarrows weren't there slowing.,There weren't most wheelbarrows slowing.,semantics,quantifiers,existential_there_quantifiers_2,True,False,False,False,957,1.9754788795340454,2.3284334426626825,-0.35295456312863704,0,-63.53248354047537,-59.54931183718145,-81.31179345628178,-80.50521282114559,9,9
Each art gallery was there appearing.,There was each art gallery appearing.,semantics,quantifiers,existential_there_quantifiers_2,True,False,False,False,958,1.5224450147698028,1.4807867897322902,0.0416582250375126,1,-50.32611608505249,-49.30260610580444,-60.98323118844111,-59.668113633930474,7,7
Most chairs were there stunning some school.,There were most chairs stunning some school.,semantics,quantifiers,existential_there_quantifiers_2,True,False,False,False,959,0.7793454552081265,0.8858698218171597,-0.1065243666090332,0,-59.89678335189819,-58.23800778388977,-66.1315469935632,-65.32496635842705,8,8
Most reports about politics were there disgusting Victoria.,There were most reports about politics disgusting Victoria.,semantics,quantifiers,existential_there_quantifiers_2,True,False,False,False,960,0.5890187958666755,1.263644155924447,-0.6746253600577714,0,-74.36220717430115,-67.48399829864502,-79.66337633710123,-78.85679570196504,9,9
All tomatoes are there annoying Christine.,There are all tomatoes annoying Christine.,semantics,quantifiers,existential_there_quantifiers_2,True,False,False,False,961,0.9556174331309312,1.2070510922001287,-0.25143365906919757,0,-54.33200943470001,-52.18582737445831,-61.02133146661653,-60.635185019859215,7,7
All teachers were there stretching.,There were all teachers stretching.,semantics,quantifiers,existential_there_quantifiers_2,True,False,False,False,962,0.8821784012966974,1.941792956885261,-1.0596145555885634,0,-42.52854633331299,-35.78471255302429,-47.82161674109317,-47.43547029433586,6,6
Each actor isn't there arguing about Marla.,There isn't each actor arguing about Marla.,semantics,quantifiers,existential_there_quantifiers_2,True,False,False,False,963,2.0168914147024255,2.2712277684892115,-0.254336353786786,0,-63.96548122167587,-60.107000129297376,-84.13439536870013,-82.81927781418949,10,10
All trucks aren't there turning.,There aren't all trucks turning.,semantics,quantifiers,existential_there_quantifiers_2,True,False,False,False,964,1.8316300217022967,1.6621806058365018,0.16944941586579487,1,-40.72430234961212,-41.52430181391537,-53.54571250152819,-53.159566054770885,7,7
Each box is there falling.,There is each box falling.,semantics,quantifiers,existential_there_quantifiers_2,True,False,False,False,965,0.8265307893587656,0.837806028375212,-0.011275239016446448,0,-40.02385234832764,-38.64108335971832,-44.98303708448023,-43.667919529969595,6,6
Every fish isn't there disgusting some teenagers.,There isn't every fish disgusting some teenagers.,semantics,quantifiers,existential_there_quantifiers_2,True,False,False,False,966,1.134696957670785,1.04327514541914,0.09142181225164503,1,-64.44412947632372,-64.88188888318837,-74.65640209536079,-74.27136519196063,9,9
Most grandsons of Candice aren't there yelling.,There aren't most grandsons of Candice yelling.,semantics,quantifiers,existential_there_quantifiers_2,True,False,False,False,967,1.8143332669413255,1.9478184944251022,-0.13348522748377678,0,-82.27405454218388,-79.8656511772424,-104.04605374547978,-103.23947311034362,12,12
All pedestrians are there winning.,There are all pedestrians winning.,semantics,quantifiers,existential_there_quantifiers_2,True,False,False,False,968,1.233828563972697,2.071302668288933,-0.8374741043162359,0,-41.6727728843689,-36.26178181171417,-49.07574426820508,-48.68959782144777,6,6
Every report about music was there alarming Jacqueline.,There was every report about music alarming Jacqueline.,semantics,quantifiers,existential_there_quantifiers_2,True,False,False,False,969,1.2552079425087386,2.0617805747242643,-0.8065726322155258,0,-77.06441247463226,-68.61364924907684,-89.61649189971965,-89.23145499631948,10,10
Most shawls aren't there alarming the hospital.,There aren't most shawls alarming the hospital.,semantics,quantifiers,existential_there_quantifiers_2,True,False,False,False,970,2.1246885387878054,1.8994746393943094,0.225213899393496,1,-67.62864313833416,-69.29941539652646,-91.00021706500002,-90.19363642986386,11,11
Every candle isn't there confusing Colleen.,There isn't every candle confusing Colleen.,semantics,quantifiers,existential_there_quantifiers_2,True,False,False,False,971,1.7925387151795273,2.0242289125384456,-0.23169019735891827,0,-64.96411478240043,-62.49386610276997,-81.09696321901617,-80.71192631561598,9,9
Every newspaper article isn't there stunning Jason.,There isn't every newspaper article stunning Jason.,semantics,quantifiers,existential_there_quantifiers_2,True,False,False,False,972,0.9457746825691863,0.8130072468922296,0.1327674356769567,1,-71.91812563315034,-72.72799565084279,-80.43009777627302,-80.04506087287285,9,9
All men weren't there questioning Samuel.,There weren't all men questioning Samuel.,semantics,quantifiers,existential_there_quantifiers_2,True,False,False,False,973,1.7481271541629049,1.9346967631352747,-0.18656960897236985,0,-51.48577266186476,-49.607069343328476,-65.470789895168,-65.08464344841067,8,8
All hills weren't there hurting Marla.,There weren't all hills hurting Marla.,semantics,quantifiers,existential_there_quantifiers_2,True,False,False,False,974,1.8610736953796225,1.8673287483559022,-0.006255052976279707,0,-59.31201643124223,-58.86957450769842,-76.06167968965883,-75.67553324290154,9,9
All projectors weren't there confusing all waitresses.,There weren't all projectors confusing all waitresses.,semantics,quantifiers,existential_there_quantifiers_2,True,False,False,False,975,1.3174775692510898,1.1661049269039836,0.15137264234710623,1,-79.37887412309647,-80.65782674215734,-93.87112738485845,-93.48498093810116,11,11
All high schools are there falling.,There are all high schools falling.,semantics,quantifiers,existential_there_quantifiers_2,True,False,False,False,976,1.4135796724219785,2.098499111934641,-0.6849194395126625,0,-43.76982378959656,-38.58924126625061,-53.66488149655041,-53.2787350497931,7,7
Each dress isn't there wrinkling.,There isn't each dress wrinkling.,semantics,quantifiers,existential_there_quantifiers_2,True,False,False,False,977,2.173790887600564,2.0799586516129516,0.09383223598761248,1,-48.52023256197572,-47.95577289536595,-65.91055966278023,-64.59544210826957,8,8
Each skateboard was there shocking Mary.,There was each skateboard shocking Mary.,semantics,quantifiers,existential_there_quantifiers_2,True,False,False,False,978,1.031842511975988,1.2858539546565169,-0.2540114426805289,0,-63.51396822929382,-60.16675913333893,-71.76870832510173,-70.45359077059106,8,8
Every cart isn't there looking like every photograph.,There isn't every cart looking like every photograph.,semantics,quantifiers,existential_there_quantifiers_2,True,False,False,False,979,2.062761209207659,2.1299015590498755,-0.06714034984221673,0,-58.928144639357924,-57.871704237535596,-79.55575673143451,-79.17071982803435,10,10
All reports weren't there alarming Paula.,There weren't all reports alarming Paula.,semantics,quantifiers,existential_there_quantifiers_2,True,False,False,False,980,1.6585215679868313,1.5662343695708394,0.09228719841599187,1,-57.26217757165432,-57.61432871222496,-70.53035011554897,-70.14420366879168,8,8
Every painting of Melanie was there looking like a lot of drawings.,There was every painting of Melanie looking like a lot of drawings.,semantics,quantifiers,existential_there_quantifiers_2,True,False,False,False,981,2.289830815118471,2.1517811516466803,0.13804966347179093,1,-68.51990222930908,-69.92951095104218,-98.28770282584921,-97.90266592244902,13,13
Each couch isn't there wasting away.,There isn't each couch wasting away.,semantics,quantifiers,existential_there_quantifiers_2,True,False,False,False,982,1.38178673462685,1.4002686304486405,-0.018481895821790495,0,-54.140094140544534,-52.67712141945958,-65.19438801755933,-63.879270463048705,8,8
Every child was there revealing who sells most skirts.,There was every child revealing who sells most skirts.,semantics,quantifiers,existential_there_quantifiers_2,True,False,False,False,983,1.1690557448776473,1.6248245011700135,-0.45576875629236624,0,-75.81506586074829,-70.87234139442444,-87.50562330952476,-87.12058640612457,10,10
Each movie about art isn't there annoying Joel.,There isn't each movie about art annoying Joel.,semantics,quantifiers,existential_there_quantifiers_2,True,False,False,False,984,0.7989996187823664,0.9668788258649557,-0.1678792070825893,0,-76.73041133582592,-73.73650171048939,-84.72040752364958,-83.40528996913895,10,10
Each cashier wasn't there alarming Thomas.,There wasn't each cashier alarming Thomas.,semantics,quantifiers,existential_there_quantifiers_2,True,False,False,False,985,1.1426160644426393,1.407114835325877,-0.2644987708832376,0,-68.1595280058682,-64.46392151340842,-78.44307258585195,-77.12795503134132,9,9
Most lights were there darkening.,There were most lights darkening.,semantics,quantifiers,existential_there_quantifiers_2,True,False,False,False,986,1.5970892366941274,1.8012598082844786,-0.20417057159035124,0,-46.01832354068756,-43.782548904418945,-57.19794819754645,-56.391367562410295,7,7
Most steps aren't there worrying all universities.,There aren't most steps worrying all universities.,semantics,quantifiers,existential_there_quantifiers_2,True,False,False,False,987,1.260625477075343,1.2284453840147667,0.03218009306057623,1,-64.18130200915039,-63.664342211559415,-75.52693130282847,-74.72035066769232,9,9
Each story was there impressing Rhonda.,There was each story impressing Rhonda.,semantics,quantifiers,existential_there_quantifiers_2,True,False,False,False,988,2.002934686712302,1.7857708638135914,0.2171638228987105,1,-64.56255841255188,-65.20191526412964,-82.5889705929626,-81.27385303845196,9,9
Most daughters of Jill aren't there buying those bikes.,There aren't most daughters of Jill buying those bikes.,semantics,quantifiers,existential_there_quantifiers_2,True,False,False,False,989,2.3116879823586514,2.0531285203052714,0.25855946205338,1,-68.97896283492446,-71.01653628237545,-94.40753064086962,-93.60095000573344,11,11
All glaciers are there disturbing that girl.,There are all glaciers disturbing that girl.,semantics,quantifiers,existential_there_quantifiers_2,True,False,False,False,990,0.9120067847104343,1.025930659618525,-0.11392387490809064,0,-56.274603486061096,-54.97706604003906,-63.57065776374457,-63.18451131698726,8,8
All rivers were there vaporizing.,There were all rivers vaporizing.,semantics,quantifiers,existential_there_quantifiers_2,True,False,False,False,991,1.6674670006505476,2.5263671189940373,-0.8589001183434897,0,-48.30744695663452,-41.90899968147278,-59.979715961188354,-59.59356951443104,7,7
Each movie theater isn't there stunning Jason.,There isn't each movie theater stunning Jason.,semantics,quantifiers,existential_there_quantifiers_2,True,False,False,False,992,1.5247914552475568,1.2416654119101938,0.283126043337363,1,-66.47032085061073,-67.70333768613636,-80.19344394783874,-78.87832639332811,9,9
Most shows about literature are there boring Christina.,There are most shows about literature boring Christina.,semantics,quantifiers,existential_there_quantifiers_2,True,False,False,False,993,0.7998076261218551,1.359025823937164,-0.5592181978153089,0,-72.3341760635376,-66.49463164806366,-79.5324446986343,-78.72586406349814,9,9
Each popsicle wasn't there upsetting Kristin.,There wasn't each popsicle upsetting Kristin.,semantics,quantifiers,existential_there_quantifiers_2,True,False,False,False,994,2.001008285921526,1.947096430872591,0.05391185504893503,1,-72.66467263363302,-71.88867362961173,-92.67475549284828,-91.35963793833764,10,10
Most pictures were there looking like those photographs.,There were most pictures looking like those photographs.,semantics,quantifiers,existential_there_quantifiers_2,True,False,False,False,995,2.8501382559784836,2.7777032508891972,0.07243500508928635,1,-45.56045174598694,-45.40578615665436,-71.21169604979329,-70.40511541465713,9,9
Every library isn't there falling.,There isn't every library falling.,semantics,quantifiers,existential_there_quantifiers_2,True,False,False,False,996,1.3698547138194346,1.2147768656398747,0.15507784817955983,1,-45.025824053213,-45.72633208706975,-54.61480704994904,-54.22977014654887,7,7
Most ladders aren't there irritating some dancer.,There aren't most ladders irritating some dancer.,semantics,quantifiers,existential_there_quantifiers_2,True,False,False,False,997,1.9447395701923142,1.681129411296783,0.2636101588955313,1,-68.27197221294045,-70.10149316675961,-87.7193679148636,-86.91278727972744,10,10
Most vases aren't there wasting away.,There aren't most vases wasting away.,semantics,quantifiers,existential_there_quantifiers_2,True,False,False,False,998,2.061012833362822,2.0295578521228776,0.0314549812399445,1,-57.154987167567015,-56.63150136359036,-75.70410266783242,-74.89752203269626,9,9
Most actors aren't there wearing this shoe.,There aren't most actors wearing this shoe.,semantics,quantifiers,existential_there_quantifiers_2,True,False,False,False,999,2.323251094970939,2.061607407048206,0.26164368792273285,1,-52.01666905358434,-53.564881609752774,-72.92592890832279,-72.11934827318663,9,9
