sentence_good,sentence_bad,field,linguistics_term,UID,simple_LM_method,one_prefix_method,two_prefix_method,lexically_identical,pair_id,good_prob,bad_prob,correct
Cynthia scans these hard books.,Cynthia scans this hard books.,morphology,determiner_noun_agreement,determiner_noun_agreement_with_adj_2,True,False,True,True,0,-60.830055236816406,-60.13709259033203,0
Donna might hire this serious actress.,Donna might hire these serious actress.,morphology,determiner_noun_agreement,determiner_noun_agreement_with_adj_2,True,False,True,True,1,-56.70405578613281,-57.45899963378906,1
Wendy forgot those upset doctors.,Wendy forgot that upset doctors.,morphology,determiner_noun_agreement,determiner_noun_agreement_with_adj_2,True,False,True,True,2,-56.91581726074219,-55.25346374511719,0
Carlos hasn't fired those uncertain students.,Carlos hasn't fired that uncertain students.,morphology,determiner_noun_agreement,determiner_noun_agreement_with_adj_2,True,False,True,True,3,-62.10783386230469,-60.31058120727539,0
Claire will conceal those hopeful cashiers.,Claire will conceal that hopeful cashiers.,morphology,determiner_noun_agreement,determiner_noun_agreement_with_adj_2,True,False,True,True,4,-70.05339813232422,-70.02142333984375,0
Some actors buy these gray books.,Some actors buy this gray books.,morphology,determiner_noun_agreement,determiner_noun_agreement_with_adj_2,True,False,True,True,5,-48.91624450683594,-47.77628707885742,0
Jerry appreciates this lost report.,Jerry appreciates these lost report.,morphology,determiner_noun_agreement,determiner_noun_agreement_with_adj_2,True,False,True,True,6,-42.99633026123047,-43.51375198364258,1
Deanna reveals these black public parks.,Deanna reveals this black public parks.,morphology,determiner_noun_agreement,determiner_noun_agreement_with_adj_2,True,False,True,True,7,-58.06419372558594,-54.39393615722656,0
Tracy has boasted about those unsure children.,Tracy has boasted about that unsure children.,morphology,determiner_noun_agreement,determiner_noun_agreement_with_adj_2,True,False,True,True,8,-63.89794921875,-65.48265075683594,1
This eggplant distracts this hopeful girl.,This eggplant distracts these hopeful girl.,morphology,determiner_noun_agreement,determiner_noun_agreement_with_adj_2,True,False,True,True,9,-70.26956176757812,-72.44183349609375,1
That sweater had resembled that out in the open drawing.,That sweater had resembled those out in the open drawing.,morphology,determiner_noun_agreement,determiner_noun_agreement_with_adj_2,True,False,True,True,10,-70.80553436279297,-70.87700653076172,1
Nancy astounded that young pedestrian.,Nancy astounded those young pedestrian.,morphology,determiner_noun_agreement,determiner_noun_agreement_with_adj_2,True,False,True,True,11,-55.08366775512695,-61.05176544189453,1
The documentaries can aggravate those busy actors.,The documentaries can aggravate that busy actors.,morphology,determiner_noun_agreement,determiner_noun_agreement_with_adj_2,True,False,True,True,12,-63.07370376586914,-62.747657775878906,0
Most senators aren't exiting this popular restaurant.,Most senators aren't exiting these popular restaurant.,morphology,determiner_noun_agreement,determiner_noun_agreement_with_adj_2,True,False,True,True,13,-60.79906463623047,-63.31956481933594,1
Wayne looked like those bad paintings.,Wayne looked like that bad paintings.,morphology,determiner_noun_agreement,determiner_noun_agreement_with_adj_2,True,False,True,True,14,-48.97515106201172,-47.136436462402344,0
Christina loves these popular essays.,Christina loves this popular essays.,morphology,determiner_noun_agreement,determiner_noun_agreement_with_adj_2,True,False,True,True,15,-45.918148040771484,-42.41470718383789,0
Katherine hasn't bothered that delighted waiter.,Katherine hasn't bothered those delighted waiter.,morphology,determiner_noun_agreement,determiner_noun_agreement_with_adj_2,True,False,True,True,16,-67.56483459472656,-69.3739242553711,1
A lot of pedestrians had complained about this unconvinced teenager.,A lot of pedestrians had complained about these unconvinced teenager.,morphology,determiner_noun_agreement,determiner_noun_agreement_with_adj_2,True,False,True,True,17,-93.36736297607422,-93.69148254394531,1
This eggplant hasn't resembled that out in the open print.,This eggplant hasn't resembled those out in the open print.,morphology,determiner_noun_agreement,determiner_noun_agreement_with_adj_2,True,False,True,True,18,-83.07349395751953,-81.31912231445312,0
Kathleen cleaned that yellow college campus.,Kathleen cleaned those yellow college campus.,morphology,determiner_noun_agreement,determiner_noun_agreement_with_adj_2,True,False,True,True,19,-70.21389770507812,-70.96052551269531,1
Randolf had healed this young boy.,Randolf had healed these young boy.,morphology,determiner_noun_agreement,determiner_noun_agreement_with_adj_2,True,False,True,True,20,-52.1147575378418,-54.867069244384766,1
Many governments hadn't respected these excited children.,Many governments hadn't respected this excited children.,morphology,determiner_noun_agreement,determiner_noun_agreement_with_adj_2,True,False,True,True,21,-65.64783477783203,-63.46786880493164,0
Cheryl forgot these big waitresses.,Cheryl forgot this big waitresses.,morphology,determiner_noun_agreement,determiner_noun_agreement_with_adj_2,True,False,True,True,22,-67.56773376464844,-65.251220703125,0
Judy wasn't embarrassing these old students.,Judy wasn't embarrassing this old students.,morphology,determiner_noun_agreement,determiner_noun_agreement_with_adj_2,True,False,True,True,23,-59.448944091796875,-57.39691925048828,0
The waitresses alarm those content dancers.,The waitresses alarm that content dancers.,morphology,determiner_noun_agreement,determiner_noun_agreement_with_adj_2,True,False,True,True,24,-65.50601196289062,-63.25322723388672,0
Most people leave those purple cafes.,Most people leave that purple cafes.,morphology,determiner_noun_agreement,determiner_noun_agreement_with_adj_2,True,False,True,True,25,-44.67683410644531,-42.678409576416016,0
A ladder won't annoy these popular governments.,A ladder won't annoy this popular governments.,morphology,determiner_noun_agreement,determiner_noun_agreement_with_adj_2,True,False,True,True,26,-68.08141326904297,-66.73873138427734,0
Most adults shocks these popular drivers.,Most adults shocks this popular drivers.,morphology,determiner_noun_agreement,determiner_noun_agreement_with_adj_2,True,False,True,True,27,-51.246498107910156,-49.23950958251953,0
Some turtle resembled that small photograph.,Some turtle resembled those small photograph.,morphology,determiner_noun_agreement,determiner_noun_agreement_with_adj_2,True,False,True,True,28,-50.707061767578125,-50.99275588989258,1
A lot of sweaters resemble these yellow pictures.,A lot of sweaters resemble this yellow pictures.,morphology,determiner_noun_agreement,determiner_noun_agreement_with_adj_2,True,False,True,True,29,-68.54656982421875,-67.47319793701172,0
Peter resembled these bad photographs.,Peter resembled this bad photographs.,morphology,determiner_noun_agreement,determiner_noun_agreement_with_adj_2,True,False,True,True,30,-41.75849533081055,-38.69438934326172,0
Galileo sounds like this important essay.,Galileo sounds like these important essay.,morphology,determiner_noun_agreement,determiner_noun_agreement_with_adj_2,True,False,True,True,31,-51.138824462890625,-53.51630401611328,1
Those ladies work with these lucky actors.,Those ladies work with this lucky actors.,morphology,determiner_noun_agreement,determiner_noun_agreement_with_adj_2,True,False,True,True,32,-50.76865005493164,-49.56306457519531,0
All women reveal that exposed painting.,All women reveal those exposed painting.,morphology,determiner_noun_agreement,determiner_noun_agreement_with_adj_2,True,False,True,True,33,-47.361019134521484,-47.43218994140625,1
Sandra had stunned that young teacher.,Sandra had stunned those young teacher.,morphology,determiner_noun_agreement,determiner_noun_agreement_with_adj_2,True,False,True,True,34,-48.98123550415039,-52.177181243896484,1
That plate resembles those big sketches.,That plate resembles that big sketches.,morphology,determiner_noun_agreement,determiner_noun_agreement_with_adj_2,True,False,True,True,35,-49.40138626098633,-47.37887191772461,0
Sarah has discussed that big waitress.,Sarah has discussed those big waitress.,morphology,determiner_noun_agreement,determiner_noun_agreement_with_adj_2,True,False,True,True,36,-41.806434631347656,-42.651039123535156,1
Heather hasn't worked with this content adult.,Heather hasn't worked with these content adult.,morphology,determiner_noun_agreement,determiner_noun_agreement_with_adj_2,True,False,True,True,37,-62.17223358154297,-63.831138610839844,1
Becca hadn't hugged these fast actors.,Becca hadn't hugged this fast actors.,morphology,determiner_noun_agreement,determiner_noun_agreement_with_adj_2,True,False,True,True,38,-70.65886688232422,-68.13337707519531,0
Robert isn't lifting that dirty dress.,Robert isn't lifting those dirty dress.,morphology,determiner_noun_agreement,determiner_noun_agreement_with_adj_2,True,False,True,True,39,-48.52515411376953,-51.21075439453125,1
Linda runs around these exposed grocery stores.,Linda runs around this exposed grocery stores.,morphology,determiner_noun_agreement,determiner_noun_agreement_with_adj_2,True,False,True,True,40,-60.33897399902344,-60.293800354003906,0
Most teachers sound like those ill drivers.,Most teachers sound like that ill drivers.,morphology,determiner_noun_agreement,determiner_noun_agreement_with_adj_2,True,False,True,True,41,-52.26202392578125,-52.29210662841797,1
Wendy isn't escaping from these unemployed dancers.,Wendy isn't escaping from this unemployed dancers.,morphology,determiner_noun_agreement,determiner_noun_agreement_with_adj_2,True,False,True,True,42,-75.53712463378906,-75.15098571777344,0
Homer won't watch that exposed teacher.,Homer won't watch those exposed teacher.,morphology,determiner_noun_agreement,determiner_noun_agreement_with_adj_2,True,False,True,True,43,-58.889862060546875,-59.01215744018555,1
All drivers confuses those ill actresses.,All drivers confuses that ill actresses.,morphology,determiner_noun_agreement,determiner_noun_agreement_with_adj_2,True,False,True,True,44,-63.55108642578125,-60.040775299072266,0
Connie had disturbed that important legislature.,Connie had disturbed those important legislature.,morphology,determiner_noun_agreement,determiner_noun_agreement_with_adj_2,True,False,True,True,45,-54.931365966796875,-58.57757568359375,1
Brad won't visit these gray schools.,Brad won't visit this gray schools.,morphology,determiner_noun_agreement,determiner_noun_agreement_with_adj_2,True,False,True,True,46,-52.10223388671875,-50.41273880004883,0
Joel is finding these red plates.,Joel is finding this red plates.,morphology,determiner_noun_agreement,determiner_noun_agreement_with_adj_2,True,False,True,True,47,-48.63014602661133,-46.42979049682617,0
Winston Churchill criticized that new high school.,Winston Churchill criticized those new high school.,morphology,determiner_noun_agreement,determiner_noun_agreement_with_adj_2,True,False,True,True,48,-57.0374641418457,-58.915199279785156,1
Sherry talked about these dirty hospitals.,Sherry talked about this dirty hospitals.,morphology,determiner_noun_agreement,determiner_noun_agreement_with_adj_2,True,False,True,True,49,-57.77802658081055,-56.400146484375,0
Many mouths look like this small drawing.,Many mouths look like these small drawing.,morphology,determiner_noun_agreement,determiner_noun_agreement_with_adj_2,True,False,True,True,50,-48.6534309387207,-50.08677673339844,1
Valerie heals those ill rabbits.,Valerie heals that ill rabbits.,morphology,determiner_noun_agreement,determiner_noun_agreement_with_adj_2,True,False,True,True,51,-56.44940948486328,-53.952049255371094,0
Those senators shock that bad guy.,Those senators shock those bad guy.,morphology,determiner_noun_agreement,determiner_noun_agreement_with_adj_2,True,False,True,True,52,-48.90504837036133,-53.58106231689453,1
Diana would heal this sick hamster.,Diana would heal these sick hamster.,morphology,determiner_noun_agreement,determiner_noun_agreement_with_adj_2,True,False,True,True,53,-58.257598876953125,-58.512542724609375,1
Larry cures this sick driver.,Larry cures these sick driver.,morphology,determiner_noun_agreement,determiner_noun_agreement_with_adj_2,True,False,True,True,54,-41.405967712402344,-42.408897399902344,1
This actor might like that determined pedestrian.,This actor might like those determined pedestrian.,morphology,determiner_noun_agreement,determiner_noun_agreement_with_adj_2,True,False,True,True,55,-55.0701904296875,-55.782676696777344,1
This student runs around these red grocery stores.,This student runs around this red grocery stores.,morphology,determiner_noun_agreement,determiner_noun_agreement_with_adj_2,True,False,True,True,56,-57.311485290527344,-55.39454650878906,0
Laura had bought these small books.,Laura had bought this small books.,morphology,determiner_noun_agreement,determiner_noun_agreement_with_adj_2,True,False,True,True,57,-38.062156677246094,-35.06156921386719,0
Those organizations aggravate those busy teenagers.,Those organizations aggravate that busy teenagers.,morphology,determiner_noun_agreement,determiner_noun_agreement_with_adj_2,True,False,True,True,58,-58.50584411621094,-57.41456604003906,0
Melinda liked these green sketches.,Melinda liked this green sketches.,morphology,determiner_noun_agreement,determiner_noun_agreement_with_adj_2,True,False,True,True,59,-47.62327575683594,-45.268253326416016,0
Most children wear those smooth shawls.,Most children wear that smooth shawls.,morphology,determiner_noun_agreement,determiner_noun_agreement_with_adj_2,True,False,True,True,60,-59.257686614990234,-56.38054656982422,0
Many drivers had hidden those good scarves.,Many drivers had hidden that good scarves.,morphology,determiner_noun_agreement,determiner_noun_agreement_with_adj_2,True,False,True,True,61,-60.11005401611328,-56.266334533691406,0
Jill finds this hidden bird.,Jill finds these hidden bird.,morphology,determiner_noun_agreement,determiner_noun_agreement_with_adj_2,True,False,True,True,62,-46.53252029418945,-49.424949645996094,1
Kathleen is cleaning these purple banks.,Kathleen is cleaning this purple banks.,morphology,determiner_noun_agreement,determiner_noun_agreement_with_adj_2,True,False,True,True,63,-64.62049102783203,-63.22056579589844,0
Some picture isn't annoying these upset waitresses.,Some picture isn't annoying this upset waitresses.,morphology,determiner_noun_agreement,determiner_noun_agreement_with_adj_2,True,False,True,True,64,-71.71051025390625,-70.61605834960938,0
Kendra messes up that bad movie theater.,Kendra messes up those bad movie theater.,morphology,determiner_noun_agreement,determiner_noun_agreement_with_adj_2,True,False,True,True,65,-71.5143814086914,-73.68486022949219,1
Larry bored this bad teenager.,Larry bored these bad teenager.,morphology,determiner_noun_agreement,determiner_noun_agreement_with_adj_2,True,False,True,True,66,-43.19977569580078,-45.29987335205078,1
This waiter hasn't scanned that long book.,This waiter hasn't scanned those long book.,morphology,determiner_noun_agreement,determiner_noun_agreement_with_adj_2,True,False,True,True,67,-62.437583923339844,-64.07459259033203,1
Amy tours those smooth college campuses.,Amy tours that smooth college campuses.,morphology,determiner_noun_agreement,determiner_noun_agreement_with_adj_2,True,False,True,True,68,-53.842384338378906,-48.28499984741211,0
Some movies sound like this lost doctor.,Some movies sound like these lost doctor.,morphology,determiner_noun_agreement,determiner_noun_agreement_with_adj_2,True,False,True,True,69,-50.48944854736328,-52.259002685546875,1
Many patients research those blue sketches.,Many patients research that blue sketches.,morphology,determiner_noun_agreement,determiner_noun_agreement_with_adj_2,True,False,True,True,70,-50.25921630859375,-46.3834342956543,0
Valerie listens to those displeased dancers.,Valerie listens to that displeased dancers.,morphology,determiner_noun_agreement,determiner_noun_agreement_with_adj_2,True,False,True,True,71,-64.82962036132812,-65.59086608886719,1
Every lady didn't disturb those busy teenagers.,Every lady didn't disturb that busy teenagers.,morphology,determiner_noun_agreement,determiner_noun_agreement_with_adj_2,True,False,True,True,72,-61.08745574951172,-59.717620849609375,0
Danielle questioned this out in the open teenager.,Danielle questioned these out in the open teenager.,morphology,determiner_noun_agreement,determiner_noun_agreement_with_adj_2,True,False,True,True,73,-61.92298126220703,-63.72195053100586,1
The drivers watch these nice dancers.,The drivers watch this nice dancers.,morphology,determiner_noun_agreement,determiner_noun_agreement_with_adj_2,True,False,True,True,74,-51.431034088134766,-47.281410217285156,0
Clyde did approach these hidden senators.,Clyde did approach this hidden senators.,morphology,determiner_noun_agreement,determiner_noun_agreement_with_adj_2,True,False,True,True,75,-71.5599136352539,-70.59548950195312,0
The movies disagree with these old children.,The movies disagree with this old children.,morphology,determiner_noun_agreement,determiner_noun_agreement_with_adj_2,True,False,True,True,76,-48.008399963378906,-46.426597595214844,0
Every teacher buys that out in the open grocery store.,Every teacher buys those out in the open grocery store.,morphology,determiner_noun_agreement,determiner_noun_agreement_with_adj_2,True,False,True,True,77,-59.897674560546875,-63.43453598022461,1
Jessica hires this nice guy.,Jessica hires these nice guy.,morphology,determiner_noun_agreement,determiner_noun_agreement_with_adj_2,True,False,True,True,78,-38.65426254272461,-42.180213928222656,1
Dana hadn't lifted this new college campus.,Dana hadn't lifted these new college campus.,morphology,determiner_noun_agreement,determiner_noun_agreement_with_adj_2,True,False,True,True,79,-61.69774627685547,-64.61338806152344,1
A lot of organizations scare these confident senators.,A lot of organizations scare this confident senators.,morphology,determiner_noun_agreement,determiner_noun_agreement_with_adj_2,True,False,True,True,80,-66.54057312011719,-66.99688720703125,1
Lucille might take those bad dishes.,Lucille might take that bad dishes.,morphology,determiner_noun_agreement,determiner_noun_agreement_with_adj_2,True,False,True,True,81,-48.248661041259766,-47.40510177612305,0
Amelia hasn't dropped by those out in the open cafes.,Amelia hasn't dropped by that out in the open cafes.,morphology,determiner_noun_agreement,determiner_noun_agreement_with_adj_2,True,False,True,True,82,-76.56137084960938,-76.79695892333984,1
Meredith won't scan that bad documentary.,Meredith won't scan those bad documentary.,morphology,determiner_noun_agreement,determiner_noun_agreement_with_adj_2,True,False,True,True,83,-63.1165885925293,-66.46127319335938,1
Katherine healed these out in the open snakes.,Katherine healed this out in the open snakes.,morphology,determiner_noun_agreement,determiner_noun_agreement_with_adj_2,True,False,True,True,84,-65.62992858886719,-63.38629913330078,0
Ronald fires this bad customer.,Ronald fires these bad customer.,morphology,determiner_noun_agreement,determiner_noun_agreement_with_adj_2,True,False,True,True,85,-50.36171340942383,-52.947147369384766,1
Danielle wouldn't bring these long pamphlets.,Danielle wouldn't bring this long pamphlets.,morphology,determiner_noun_agreement,determiner_noun_agreement_with_adj_2,True,False,True,True,86,-65.11514282226562,-63.28662109375,0
Jennifer was hurting that uncertain driver.,Jennifer was hurting those uncertain driver.,morphology,determiner_noun_agreement,determiner_noun_agreement_with_adj_2,True,False,True,True,87,-43.55862045288086,-45.733062744140625,1
Tiffany hasn't worked with this young teenager.,Tiffany hasn't worked with these young teenager.,morphology,determiner_noun_agreement,determiner_noun_agreement_with_adj_2,True,False,True,True,88,-67.12574005126953,-69.21404266357422,1
Sabrina was scanning this hard book.,Sabrina was scanning these hard book.,morphology,determiner_noun_agreement,determiner_noun_agreement_with_adj_2,True,False,True,True,89,-53.6971321105957,-56.617149353027344,1
Eric hired that ill student.,Eric hired those ill student.,morphology,determiner_noun_agreement,determiner_noun_agreement_with_adj_2,True,False,True,True,90,-39.67742156982422,-42.05534362792969,1
Liam flees from those determined actors.,Liam flees from that determined actors.,morphology,determiner_noun_agreement,determiner_noun_agreement_with_adj_2,True,False,True,True,91,-59.542320251464844,-60.60835266113281,1
Noah notices that gray restaurant.,Noah notices those gray restaurant.,morphology,determiner_noun_agreement,determiner_noun_agreement_with_adj_2,True,False,True,True,92,-48.381553649902344,-53.387325286865234,1
Those children question those out in the open boys.,Those children question that out in the open boys.,morphology,determiner_noun_agreement,determiner_noun_agreement_with_adj_2,True,False,True,True,93,-62.6456413269043,-59.67755126953125,0
Most children conceal this smart dancer.,Most children conceal these smart dancer.,morphology,determiner_noun_agreement,determiner_noun_agreement_with_adj_2,True,False,True,True,94,-51.33790588378906,-53.072669982910156,1
Most actresses had healed these busy children.,Most actresses had healed this busy children.,morphology,determiner_noun_agreement,determiner_noun_agreement_with_adj_2,True,False,True,True,95,-56.716644287109375,-53.53807830810547,0
Gerald could examine that long essay.,Gerald could examine those long essay.,morphology,determiner_noun_agreement,determiner_noun_agreement_with_adj_2,True,False,True,True,96,-54.17104721069336,-54.340370178222656,1
Lawrence is insulting these popular documentaries.,Lawrence is insulting this popular documentaries.,morphology,determiner_noun_agreement,determiner_noun_agreement_with_adj_2,True,False,True,True,97,-55.25410842895508,-51.74341583251953,0
All boys kiss these big actresses.,All boys kiss this big actresses.,morphology,determiner_noun_agreement,determiner_noun_agreement_with_adj_2,True,False,True,True,98,-55.15485382080078,-52.978965759277344,0
Many cashiers were discussing this concealed report.,Many cashiers were discussing these concealed report.,morphology,determiner_noun_agreement,determiner_noun_agreement_with_adj_2,True,False,True,True,99,-66.92654418945312,-67.80253601074219,1
Stacey cleaned this good cafe.,Stacey cleaned these good cafe.,morphology,determiner_noun_agreement,determiner_noun_agreement_with_adj_2,True,False,True,True,100,-50.5059814453125,-53.64421844482422,1
Guys love those small teenagers.,Guys love that small teenagers.,morphology,determiner_noun_agreement,determiner_noun_agreement_with_adj_2,True,False,True,True,101,-44.2991943359375,-43.6024169921875,0
Some guest broke this cheap fork.,Some guest broke these cheap fork.,morphology,determiner_noun_agreement,determiner_noun_agreement_with_adj_2,True,False,True,True,102,-50.185821533203125,-52.16390609741211,1
The Great Lakes might stun those troubled pedestrians.,The Great Lakes might stun that troubled pedestrians.,morphology,determiner_noun_agreement,determiner_noun_agreement_with_adj_2,True,False,True,True,103,-71.91181945800781,-71.36866760253906,0
Elaine had fled from that unlucky girl.,Elaine had fled from those unlucky girl.,morphology,determiner_noun_agreement,determiner_noun_agreement_with_adj_2,True,False,True,True,104,-58.242225646972656,-58.164459228515625,0
Dawn hadn't thought about that lucky waiter.,Dawn hadn't thought about those lucky waiter.,morphology,determiner_noun_agreement,determiner_noun_agreement_with_adj_2,True,False,True,True,105,-67.22200012207031,-68.60662078857422,1
This wheelbarrow annoys this small library.,This wheelbarrow annoys these small library.,morphology,determiner_noun_agreement,determiner_noun_agreement_with_adj_2,True,False,True,True,106,-71.23429870605469,-71.57199096679688,1
Michelle wasn't visiting that concealed mall.,Michelle wasn't visiting those concealed mall.,morphology,determiner_noun_agreement,determiner_noun_agreement_with_adj_2,True,False,True,True,107,-57.31388473510742,-58.35691833496094,1
Some book isn't astounding this messy bank.,Some book isn't astounding these messy bank.,morphology,determiner_noun_agreement,determiner_noun_agreement_with_adj_2,True,False,True,True,108,-60.046653747558594,-62.48593521118164,1
Kristin watches those lost actors.,Kristin watches that lost actors.,morphology,determiner_noun_agreement,determiner_noun_agreement_with_adj_2,True,False,True,True,109,-47.687232971191406,-43.37073516845703,0
Dawn hates this determined patient.,Dawn hates these determined patient.,morphology,determiner_noun_agreement,determiner_noun_agreement_with_adj_2,True,False,True,True,110,-51.96645736694336,-54.49980926513672,1
These people had praised that lucky customer.,These people had praised those lucky customer.,morphology,determiner_noun_agreement,determiner_noun_agreement_with_adj_2,True,False,True,True,111,-51.724609375,-52.55315399169922,1
Rodney goes to this new mall.,Rodney goes to these new mall.,morphology,determiner_noun_agreement,determiner_noun_agreement_with_adj_2,True,False,True,True,112,-40.6170654296875,-43.058349609375,1
Those boys run around those popular public parks.,Those boys run around that popular public parks.,morphology,determiner_noun_agreement,determiner_noun_agreement_with_adj_2,True,False,True,True,113,-58.499961853027344,-58.579864501953125,1
Noah couldn't leave these smart actors.,Noah couldn't leave this smart actors.,morphology,determiner_noun_agreement,determiner_noun_agreement_with_adj_2,True,False,True,True,114,-59.34017562866211,-57.12870407104492,0
Lori should conceal this yellow library.,Lori should conceal these yellow library.,morphology,determiner_noun_agreement,determiner_noun_agreement_with_adj_2,True,False,True,True,115,-56.713096618652344,-58.42845153808594,1
The documentary does alarm these displeased actors.,The documentary does alarm this displeased actors.,morphology,determiner_noun_agreement,determiner_noun_agreement_with_adj_2,True,False,True,True,116,-73.68907928466797,-72.55839538574219,0
The Clintons have exited that cheap museum.,The Clintons have exited those cheap museum.,morphology,determiner_noun_agreement,determiner_noun_agreement_with_adj_2,True,False,True,True,117,-58.26447296142578,-59.13130187988281,1
Many doctors go to this messy museum.,Many doctors go to these messy museum.,morphology,determiner_noun_agreement,determiner_noun_agreement_with_adj_2,True,False,True,True,118,-50.35417556762695,-51.42876434326172,1
The committee has taken these bad dogs.,The committee has taken this bad dogs.,morphology,determiner_noun_agreement,determiner_noun_agreement_with_adj_2,True,False,True,True,119,-49.39061737060547,-46.547210693359375,0
Lawrence did watch those unconvinced doctors.,Lawrence did watch that unconvinced doctors.,morphology,determiner_noun_agreement,determiner_noun_agreement_with_adj_2,True,False,True,True,120,-76.97977447509766,-77.20693969726562,1
Wayne should walk through these small libraries.,Wayne should walk through this small libraries.,morphology,determiner_noun_agreement,determiner_noun_agreement_with_adj_2,True,False,True,True,121,-53.47208023071289,-51.97816848754883,0
A waiter hasn't boycotted this popular organization.,A waiter hasn't boycotted these popular organization.,morphology,determiner_noun_agreement,determiner_noun_agreement_with_adj_2,True,False,True,True,122,-82.96748352050781,-85.038818359375,1
Most guests can insult this concealed actress.,Most guests can insult these concealed actress.,morphology,determiner_noun_agreement,determiner_noun_agreement_with_adj_2,True,False,True,True,123,-59.612281799316406,-60.92335510253906,1
Some women reference that popular commentary.,Some women reference those popular commentary.,morphology,determiner_noun_agreement,determiner_noun_agreement_with_adj_2,True,False,True,True,124,-45.01983642578125,-49.761024475097656,1
Carrie examines this popular play.,Carrie examines these popular play.,morphology,determiner_noun_agreement,determiner_noun_agreement_with_adj_2,True,False,True,True,125,-45.12950134277344,-48.33271026611328,1
Laurie hadn't cleaned these bad jackets.,Laurie hadn't cleaned this bad jackets.,morphology,determiner_noun_agreement,determiner_noun_agreement_with_adj_2,True,False,True,True,126,-70.39982604980469,-66.76213073730469,0
Margaret hasn't concealed those lost ladies.,Margaret hasn't concealed that lost ladies.,morphology,determiner_noun_agreement,determiner_noun_agreement_with_adj_2,True,False,True,True,127,-67.86241912841797,-65.8324966430664,0
Alan hasn't helped those delighted girls.,Alan hasn't helped that delighted girls.,morphology,determiner_noun_agreement,determiner_noun_agreement_with_adj_2,True,False,True,True,128,-50.57941436767578,-49.81207275390625,0
Vanessa hasn't discovered these brown sketches.,Vanessa hasn't discovered this brown sketches.,morphology,determiner_noun_agreement,determiner_noun_agreement_with_adj_2,True,False,True,True,129,-61.69439697265625,-59.13681411743164,0
Liam hasn't insulted that clever student.,Liam hasn't insulted those clever student.,morphology,determiner_noun_agreement,determiner_noun_agreement_with_adj_2,True,False,True,True,130,-67.67719268798828,-69.40431213378906,1
Some customer cleans those old couches.,Some customer cleans that old couches.,morphology,determiner_noun_agreement,determiner_noun_agreement_with_adj_2,True,False,True,True,131,-51.78499221801758,-51.23846435546875,0
Matt would discuss that green college campus.,Matt would discuss those green college campus.,morphology,determiner_noun_agreement,determiner_noun_agreement_with_adj_2,True,False,True,True,132,-50.39570999145508,-50.958839416503906,1
Mitchell bikes to this big art gallery.,Mitchell bikes to these big art gallery.,morphology,determiner_noun_agreement,determiner_noun_agreement_with_adj_2,True,False,True,True,133,-54.07704162597656,-56.918819427490234,1
Marie will research that messy library.,Marie will research those messy library.,morphology,determiner_noun_agreement,determiner_noun_agreement_with_adj_2,True,False,True,True,134,-47.68276596069336,-51.291717529296875,1
The actors break these gray couches.,The actors break this gray couches.,morphology,determiner_noun_agreement,determiner_noun_agreement_with_adj_2,True,False,True,True,135,-54.31541061401367,-53.71628189086914,0
Many students describe these concealed high schools.,Many students describe this concealed high schools.,morphology,determiner_noun_agreement,determiner_noun_agreement_with_adj_2,True,False,True,True,136,-54.6453742980957,-52.64997863769531,0
Every shawl has bothered that big waitress.,Every shawl has bothered those big waitress.,morphology,determiner_noun_agreement,determiner_noun_agreement_with_adj_2,True,False,True,True,137,-65.14755249023438,-67.184814453125,1
An adult wouldn't clean this concealed cafe.,An adult wouldn't clean these concealed cafe.,morphology,determiner_noun_agreement,determiner_noun_agreement_with_adj_2,True,False,True,True,138,-66.07311248779297,-68.03287506103516,1
That adult remembers those small customers.,That adult remembers that small customers.,morphology,determiner_noun_agreement,determiner_noun_agreement_with_adj_2,True,False,True,True,139,-47.1873779296875,-45.92022705078125,0
Tara had seen these concealed libraries.,Tara had seen this concealed libraries.,morphology,determiner_noun_agreement,determiner_noun_agreement_with_adj_2,True,False,True,True,140,-51.76844787597656,-50.358741760253906,0
The cilantro irritates these troubled girls.,The cilantro irritates this troubled girls.,morphology,determiner_noun_agreement,determiner_noun_agreement_with_adj_2,True,False,True,True,141,-66.69866943359375,-65.7493896484375,0
Jennifer isn't breaking those brown couches.,Jennifer isn't breaking that brown couches.,morphology,determiner_noun_agreement,determiner_noun_agreement_with_adj_2,True,False,True,True,142,-54.11969757080078,-52.279170989990234,0
Some children have that out in the open print.,Some children have those out in the open print.,morphology,determiner_noun_agreement,determiner_noun_agreement_with_adj_2,True,False,True,True,143,-51.67809295654297,-51.71894836425781,1
A lot of universities took that hidden hat.,A lot of universities took those hidden hat.,morphology,determiner_noun_agreement,determiner_noun_agreement_with_adj_2,True,False,True,True,144,-60.542076110839844,-60.895774841308594,1
That eggplant shocks these popular committees.,That eggplant shocks this popular committees.,morphology,determiner_noun_agreement,determiner_noun_agreement_with_adj_2,True,False,True,True,145,-64.2496337890625,-63.40584945678711,0
Sandra appreciated that important college campus.,Sandra appreciated those important college campus.,morphology,determiner_noun_agreement,determiner_noun_agreement_with_adj_2,True,False,True,True,146,-54.27155303955078,-56.066131591796875,1
All doctors love these bad plays.,All doctors love this bad plays.,morphology,determiner_noun_agreement,determiner_noun_agreement_with_adj_2,True,False,True,True,147,-49.28481674194336,-46.92283248901367,0
Tara will bring those white art galleries.,Tara will bring that white art galleries.,morphology,determiner_noun_agreement,determiner_noun_agreement_with_adj_2,True,False,True,True,148,-52.12042999267578,-51.86176300048828,0
Kayla exits those gray art galleries.,Kayla exits that gray art galleries.,morphology,determiner_noun_agreement,determiner_noun_agreement_with_adj_2,True,False,True,True,149,-58.1134147644043,-54.32762145996094,0
Catherine was discussing that popular public park.,Catherine was discussing those popular public park.,morphology,determiner_noun_agreement,determiner_noun_agreement_with_adj_2,True,False,True,True,150,-58.82988357543945,-60.694732666015625,1
Some actresses sound like these long commentaries.,Some actresses sound like this long commentaries.,morphology,determiner_noun_agreement,determiner_noun_agreement_with_adj_2,True,False,True,True,151,-66.00416564941406,-62.717063903808594,0
Robert wasn't buying these lost hamsters.,Robert wasn't buying this lost hamsters.,morphology,determiner_noun_agreement,determiner_noun_agreement_with_adj_2,True,False,True,True,152,-57.55170440673828,-57.62109375,1
Russell conceals this standing teenager.,Russell conceals these standing teenager.,morphology,determiner_noun_agreement,determiner_noun_agreement_with_adj_2,True,False,True,True,153,-49.114505767822266,-51.28529739379883,1
Every bird had stunned that cheap library.,Every bird had stunned those cheap library.,morphology,determiner_noun_agreement,determiner_noun_agreement_with_adj_2,True,False,True,True,154,-55.571170806884766,-58.726051330566406,1
Carol drives to that bad hospital.,Carol drives to those bad hospital.,morphology,determiner_noun_agreement,determiner_noun_agreement_with_adj_2,True,False,True,True,155,-49.37415313720703,-48.48187255859375,0
Raymond talked to that busy actor.,Raymond talked to those busy actor.,morphology,determiner_noun_agreement,determiner_noun_agreement_with_adj_2,True,False,True,True,156,-55.90958786010742,-54.92150115966797,0
Gary is upsetting this important company.,Gary is upsetting these important company.,morphology,determiner_noun_agreement,determiner_noun_agreement_with_adj_2,True,False,True,True,157,-37.91617965698242,-40.13981628417969,1
A lot of movie theaters embarrass that unemployed student.,A lot of movie theaters embarrass those unemployed student.,morphology,determiner_noun_agreement,determiner_noun_agreement_with_adj_2,True,False,True,True,158,-76.44342041015625,-78.13530731201172,1
Beverly watched that busy dancer.,Beverly watched those busy dancer.,morphology,determiner_noun_agreement,determiner_noun_agreement_with_adj_2,True,False,True,True,159,-56.772125244140625,-57.30573272705078,1
An actress might cure this smart lady.,An actress might cure these smart lady.,morphology,determiner_noun_agreement,determiner_noun_agreement_with_adj_2,True,False,True,True,160,-57.14257049560547,-59.703575134277344,1
Lawrence wouldn't listen to that sick guy.,Lawrence wouldn't listen to those sick guy.,morphology,determiner_noun_agreement,determiner_noun_agreement_with_adj_2,True,False,True,True,161,-58.8079833984375,-58.08538055419922,0
Kathleen referenced these small ladies.,Kathleen referenced this small ladies.,morphology,determiner_noun_agreement,determiner_noun_agreement_with_adj_2,True,False,True,True,162,-58.56332015991211,-56.725059509277344,0
Erin will find those out in the open scarves.,Erin will find that out in the open scarves.,morphology,determiner_noun_agreement,determiner_noun_agreement_with_adj_2,True,False,True,True,163,-63.809661865234375,-62.54777908325195,0
Kristin noticed this important bird.,Kristin noticed these important bird.,morphology,determiner_noun_agreement,determiner_noun_agreement_with_adj_2,True,False,True,True,164,-42.81238555908203,-45.010597229003906,1
Jane did respect those content ladies.,Jane did respect that content ladies.,morphology,determiner_noun_agreement,determiner_noun_agreement_with_adj_2,True,False,True,True,165,-48.50527572631836,-45.9039306640625,0
Liam cured that blue cat.,Liam cured those blue cat.,morphology,determiner_noun_agreement,determiner_noun_agreement_with_adj_2,True,False,True,True,166,-48.61554718017578,-50.32303237915039,1
Brad isn't praising that bad dancer.,Brad isn't praising those bad dancer.,morphology,determiner_noun_agreement,determiner_noun_agreement_with_adj_2,True,False,True,True,167,-51.97151184082031,-55.45415496826172,1
A lot of girls could take these out in the open public parks.,A lot of girls could take this out in the open public parks.,morphology,determiner_noun_agreement,determiner_noun_agreement_with_adj_2,True,False,True,True,168,-75.46418762207031,-75.30439758300781,0
Stacy admired these nice students.,Stacy admired this nice students.,morphology,determiner_noun_agreement,determiner_noun_agreement_with_adj_2,True,False,True,True,169,-52.06018829345703,-49.075660705566406,0
Every story bothers that bad company.,Every story bothers those bad company.,morphology,determiner_noun_agreement,determiner_noun_agreement_with_adj_2,True,False,True,True,170,-46.405574798583984,-49.997432708740234,1
Andrew wasn't healing this upset patient.,Andrew wasn't healing these upset patient.,morphology,determiner_noun_agreement,determiner_noun_agreement_with_adj_2,True,False,True,True,171,-57.893333435058594,-57.39643096923828,0
John conceals that standing lady.,John conceals those standing lady.,morphology,determiner_noun_agreement,determiner_noun_agreement_with_adj_2,True,False,True,True,172,-44.06201934814453,-48.98823165893555,1
That patient was selling these important cups.,That patient was selling this important cups.,morphology,determiner_noun_agreement,determiner_noun_agreement_with_adj_2,True,False,True,True,173,-52.76139450073242,-51.890132904052734,0
Robert has criticized this good driver.,Robert has criticized these good driver.,morphology,determiner_noun_agreement,determiner_noun_agreement_with_adj_2,True,False,True,True,174,-37.309814453125,-40.572635650634766,1
Jodi had revealed that brown snake.,Jodi had revealed those brown snake.,morphology,determiner_noun_agreement,determiner_noun_agreement_with_adj_2,True,False,True,True,175,-53.14081573486328,-56.91848373413086,1
Most girls see this important turtle.,Most girls see these important turtle.,morphology,determiner_noun_agreement,determiner_noun_agreement_with_adj_2,True,False,True,True,176,-45.300933837890625,-48.20985412597656,1
Kimberley arrived at those red high schools.,Kimberley arrived at that red high schools.,morphology,determiner_noun_agreement,determiner_noun_agreement_with_adj_2,True,False,True,True,177,-64.16041564941406,-63.55703353881836,0
Eva criticizes those hidden public parks.,Eva criticizes that hidden public parks.,morphology,determiner_noun_agreement,determiner_noun_agreement_with_adj_2,True,False,True,True,178,-54.766815185546875,-56.0755729675293,1
Christine helps these uncertain ladies.,Christine helps this uncertain ladies.,morphology,determiner_noun_agreement,determiner_noun_agreement_with_adj_2,True,False,True,True,179,-47.32557678222656,-45.473724365234375,0
Veronica has gone to that hard public park.,Veronica has gone to those hard public park.,morphology,determiner_noun_agreement,determiner_noun_agreement_with_adj_2,True,False,True,True,180,-63.05609893798828,-62.185455322265625,0
This photograph looked like this hidden painting.,This photograph looked like these hidden painting.,morphology,determiner_noun_agreement,determiner_noun_agreement_with_adj_2,True,False,True,True,181,-51.399757385253906,-53.04315948486328,1
Guys walk through this small museum.,Guys walk through these small museum.,morphology,determiner_noun_agreement,determiner_noun_agreement_with_adj_2,True,False,True,True,182,-44.61457061767578,-46.88787078857422,1
The Clintons aren't arriving at those concealed banks.,The Clintons aren't arriving at that concealed banks.,morphology,determiner_noun_agreement,determiner_noun_agreement_with_adj_2,True,False,True,True,183,-70.84488677978516,-69.7234115600586,0
That waitress admires these orange pictures.,That waitress admires this orange pictures.,morphology,determiner_noun_agreement,determiner_noun_agreement_with_adj_2,True,False,True,True,184,-60.63984680175781,-58.33311462402344,0
Barbara won't bother this scared adult.,Barbara won't bother these scared adult.,morphology,determiner_noun_agreement,determiner_noun_agreement_with_adj_2,True,False,True,True,185,-63.686676025390625,-64.17276763916016,1
Brenda would admire this concealed brochure.,Brenda would admire these concealed brochure.,morphology,determiner_noun_agreement,determiner_noun_agreement_with_adj_2,True,False,True,True,186,-57.53623962402344,-58.883365631103516,1
Edward wasn't complaining about that hidden senator.,Edward wasn't complaining about those hidden senator.,morphology,determiner_noun_agreement,determiner_noun_agreement_with_adj_2,True,False,True,True,187,-57.880615234375,-58.02207946777344,1
Some teenagers buy that smooth jacket.,Some teenagers buy those smooth jacket.,morphology,determiner_noun_agreement,determiner_noun_agreement_with_adj_2,True,False,True,True,188,-47.99706268310547,-48.71935272216797,1
Some turtles stun those popular governments.,Some turtles stun that popular governments.,morphology,determiner_noun_agreement,determiner_noun_agreement_with_adj_2,True,False,True,True,189,-55.20174789428711,-53.953643798828125,0
These waiters biked to these new libraries.,These waiters biked to this new libraries.,morphology,determiner_noun_agreement,determiner_noun_agreement_with_adj_2,True,False,True,True,190,-64.21585083007812,-62.610023498535156,0
Grace isn't referencing this good movie.,Grace isn't referencing these good movie.,morphology,determiner_noun_agreement,determiner_noun_agreement_with_adj_2,True,False,True,True,191,-51.305503845214844,-53.81684875488281,1
Jane hadn't questioned that confident student.,Jane hadn't questioned those confident student.,morphology,determiner_noun_agreement,determiner_noun_agreement_with_adj_2,True,False,True,True,192,-52.611717224121094,-54.890953063964844,1
These patients criticize these nice ladies.,These patients criticize this nice ladies.,morphology,determiner_noun_agreement,determiner_noun_agreement_with_adj_2,True,False,True,True,193,-52.815673828125,-49.30712890625,0
Rachel reveals those exposed dogs.,Rachel reveals that exposed dogs.,morphology,determiner_noun_agreement,determiner_noun_agreement_with_adj_2,True,False,True,True,194,-37.25480270385742,-35.58213806152344,0
These patients look like these lost pictures.,These patients look like this lost pictures.,morphology,determiner_noun_agreement,determiner_noun_agreement_with_adj_2,True,False,True,True,195,-47.81269836425781,-47.10132598876953,0
Some pedestrian references these determined adults.,Some pedestrian references this determined adults.,morphology,determiner_noun_agreement,determiner_noun_agreement_with_adj_2,True,False,True,True,196,-55.960575103759766,-55.127784729003906,0
These pedestrians fire these unsure students.,These pedestrians fire this unsure students.,morphology,determiner_noun_agreement,determiner_noun_agreement_with_adj_2,True,False,True,True,197,-54.71025085449219,-54.99787139892578,1
Chad praised this important book.,Chad praised these important book.,morphology,determiner_noun_agreement,determiner_noun_agreement_with_adj_2,True,False,True,True,198,-39.05681610107422,-41.51342010498047,1
Gary cleans these green rugs.,Gary cleans this green rugs.,morphology,determiner_noun_agreement,determiner_noun_agreement_with_adj_2,True,False,True,True,199,-41.38117218017578,-39.3260498046875,0
Matt wasn't scaring these bad patients.,Matt wasn't scaring this bad patients.,morphology,determiner_noun_agreement,determiner_noun_agreement_with_adj_2,True,False,True,True,200,-60.26483154296875,-57.714202880859375,0
Dawn was thinking about that blue car.,Dawn was thinking about those blue car.,morphology,determiner_noun_agreement,determiner_noun_agreement_with_adj_2,True,False,True,True,201,-50.48126983642578,-52.177284240722656,1
Anna questioned this popular university.,Anna questioned these popular university.,morphology,determiner_noun_agreement,determiner_noun_agreement_with_adj_2,True,False,True,True,202,-35.43812561035156,-37.78729248046875,1
Every girl argued about that red report.,Every girl argued about those red report.,morphology,determiner_noun_agreement,determiner_noun_agreement_with_adj_2,True,False,True,True,203,-55.3036003112793,-55.09069061279297,0
Linda complained about that smooth report.,Linda complained about those smooth report.,morphology,determiner_noun_agreement,determiner_noun_agreement_with_adj_2,True,False,True,True,204,-55.21902847290039,-55.45603942871094,1
Bill can't complain about this happy patient.,Bill can't complain about these happy patient.,morphology,determiner_noun_agreement,determiner_noun_agreement_with_adj_2,True,False,True,True,205,-50.326072692871094,-51.831336975097656,1
Eric wasn't exiting these black college campuses.,Eric wasn't exiting this black college campuses.,morphology,determiner_noun_agreement,determiner_noun_agreement_with_adj_2,True,False,True,True,206,-66.75877380371094,-63.9166259765625,0
All doctors observe this fast teenager.,All doctors observe these fast teenager.,morphology,determiner_noun_agreement,determiner_noun_agreement_with_adj_2,True,False,True,True,207,-50.76704788208008,-52.15971374511719,1
Sally hadn't passed this good movie theater.,Sally hadn't passed these good movie theater.,morphology,determiner_noun_agreement,determiner_noun_agreement_with_adj_2,True,False,True,True,208,-65.95008087158203,-69.04875946044922,1
Those universities criticize that popular actress.,Those universities criticize those popular actress.,morphology,determiner_noun_agreement,determiner_noun_agreement_with_adj_2,True,False,True,True,209,-53.570220947265625,-53.0230712890625,0
Craig examines those important movies.,Craig examines that important movies.,morphology,determiner_noun_agreement,determiner_noun_agreement_with_adj_2,True,False,True,True,210,-38.69660186767578,-37.616119384765625,0
That muffin hurts those concealed guys.,That muffin hurts that concealed guys.,morphology,determiner_noun_agreement,determiner_noun_agreement_with_adj_2,True,False,True,True,211,-61.158592224121094,-59.53739929199219,0
Those senators conceal these hard shoes.,Those senators conceal this hard shoes.,morphology,determiner_noun_agreement,determiner_noun_agreement_with_adj_2,True,False,True,True,212,-53.369789123535156,-51.144630432128906,0
Students hadn't hurt that standing guest.,Students hadn't hurt those standing guest.,morphology,determiner_noun_agreement,determiner_noun_agreement_with_adj_2,True,False,True,True,213,-50.82758712768555,-53.11866760253906,1
Rachelle breaks those lost forks.,Rachelle breaks that lost forks.,morphology,determiner_noun_agreement,determiner_noun_agreement_with_adj_2,True,False,True,True,214,-50.923011779785156,-47.75288391113281,0
Some senators arrive at those smooth public parks.,Some senators arrive at that smooth public parks.,morphology,determiner_noun_agreement,determiner_noun_agreement_with_adj_2,True,False,True,True,215,-64.18618774414062,-62.782718658447266,0
Deborah couldn't remember this concealed high school.,Deborah couldn't remember these concealed high school.,morphology,determiner_noun_agreement,determiner_noun_agreement_with_adj_2,True,False,True,True,216,-62.6163444519043,-65.296875,1
A lot of actors wouldn't impress those important associations.,A lot of actors wouldn't impress that important associations.,morphology,determiner_noun_agreement,determiner_noun_agreement_with_adj_2,True,False,True,True,217,-71.0318603515625,-70.75606536865234,0
Some patients disagree with that popular guest.,Some patients disagree with those popular guest.,morphology,determiner_noun_agreement,determiner_noun_agreement_with_adj_2,True,False,True,True,218,-48.96049499511719,-47.956390380859375,0
A child listens to that scared adult.,A child listens to those scared adult.,morphology,determiner_noun_agreement,determiner_noun_agreement_with_adj_2,True,False,True,True,219,-53.842960357666016,-52.069419860839844,0
Most trucks weren't looking like that bad painting.,Most trucks weren't looking like those bad painting.,morphology,determiner_noun_agreement,determiner_noun_agreement_with_adj_2,True,False,True,True,220,-62.84185028076172,-66.08636474609375,1
The doctor broke these new plates.,The doctor broke this new plates.,morphology,determiner_noun_agreement,determiner_noun_agreement_with_adj_2,True,False,True,True,221,-47.70476150512695,-44.40163040161133,0
Ronald fixed that lost glass.,Ronald fixed those lost glass.,morphology,determiner_noun_agreement,determiner_noun_agreement_with_adj_2,True,False,True,True,222,-49.040008544921875,-51.34498596191406,1
Donald would wear that bad glove.,Donald would wear those bad glove.,morphology,determiner_noun_agreement,determiner_noun_agreement_with_adj_2,True,False,True,True,223,-42.85932159423828,-45.32012939453125,1
The cucumber isn't boring those scared waitresses.,The cucumber isn't boring that scared waitresses.,morphology,determiner_noun_agreement,determiner_noun_agreement_with_adj_2,True,False,True,True,224,-84.72834777832031,-79.69364929199219,0
Michelle did bring that white print.,Michelle did bring those white print.,morphology,determiner_noun_agreement,determiner_noun_agreement_with_adj_2,True,False,True,True,225,-41.52159881591797,-41.9721565246582,1
Melanie was wearing these yellow scarves.,Melanie was wearing this yellow scarves.,morphology,determiner_noun_agreement,determiner_noun_agreement_with_adj_2,True,False,True,True,226,-55.66778564453125,-55.49222183227539,0
Many hamsters find this cheap skirt.,Many hamsters find these cheap skirt.,morphology,determiner_noun_agreement,determiner_noun_agreement_with_adj_2,True,False,True,True,227,-52.32604217529297,-52.97688293457031,1
That driver hadn't praised these lost actresses.,That driver hadn't praised this lost actresses.,morphology,determiner_noun_agreement,determiner_noun_agreement_with_adj_2,True,False,True,True,228,-69.36763000488281,-67.82699584960938,0
Every commentary bothers these purple schools.,Every commentary bothers this purple schools.,morphology,determiner_noun_agreement,determiner_noun_agreement_with_adj_2,True,False,True,True,229,-57.7560920715332,-56.375179290771484,0
Mary hadn't described this orange pamphlet.,Mary hadn't described these orange pamphlet.,morphology,determiner_noun_agreement,determiner_noun_agreement_with_adj_2,True,False,True,True,230,-57.890167236328125,-60.47467803955078,1
Some candle hasn't bored this standing boy.,Some candle hasn't bored these standing boy.,morphology,determiner_noun_agreement,determiner_noun_agreement_with_adj_2,True,False,True,True,231,-63.30350112915039,-65.94252014160156,1
Colleen hadn't distracted this popular legislature.,Colleen hadn't distracted these popular legislature.,morphology,determiner_noun_agreement,determiner_noun_agreement_with_adj_2,True,False,True,True,232,-67.0616226196289,-69.59397888183594,1
Roger boycotts these good universities.,Roger boycotts this good universities.,morphology,determiner_noun_agreement,determiner_noun_agreement_with_adj_2,True,False,True,True,233,-50.14375686645508,-49.583984375,0
That adult has worn those out in the open coats.,That adult has worn that out in the open coats.,morphology,determiner_noun_agreement,determiner_noun_agreement_with_adj_2,True,False,True,True,234,-67.05708312988281,-64.94976043701172,0
Harvard University has worked with those important drivers.,Harvard University has worked with that important drivers.,morphology,determiner_noun_agreement,determiner_noun_agreement_with_adj_2,True,False,True,True,235,-56.535682678222656,-57.27497100830078,1
All adults wear these brown sweaters.,All adults wear this brown sweaters.,morphology,determiner_noun_agreement,determiner_noun_agreement_with_adj_2,True,False,True,True,236,-56.063316345214844,-55.46400833129883,0
Heather would complain about this old guest.,Heather would complain about these old guest.,morphology,determiner_noun_agreement,determiner_noun_agreement_with_adj_2,True,False,True,True,237,-55.9702033996582,-58.47101974487305,1
Lisa has discovered those big children.,Lisa has discovered that big children.,morphology,determiner_noun_agreement,determiner_noun_agreement_with_adj_2,True,False,True,True,238,-38.87843322753906,-36.56676483154297,0
The Lutherans haven't returned to those big drivers.,The Lutherans haven't returned to that big drivers.,morphology,determiner_noun_agreement,determiner_noun_agreement_with_adj_2,True,False,True,True,239,-66.94288635253906,-67.4553451538086,1
Angela doesn't buy these new skirts.,Angela doesn't buy this new skirts.,morphology,determiner_noun_agreement,determiner_noun_agreement_with_adj_2,True,False,True,True,240,-51.1182975769043,-47.948184967041016,0
Most dancers sound like these small books.,Most dancers sound like this small books.,morphology,determiner_noun_agreement,determiner_noun_agreement_with_adj_2,True,False,True,True,241,-47.1502799987793,-45.679100036621094,0
Rivers don't upset this good association.,Rivers don't upset these good association.,morphology,determiner_noun_agreement,determiner_noun_agreement_with_adj_2,True,False,True,True,242,-57.595279693603516,-59.55170440673828,1
Joel questions those troubled ladies.,Joel questions that troubled ladies.,morphology,determiner_noun_agreement,determiner_noun_agreement_with_adj_2,True,False,True,True,243,-51.56108093261719,-48.19401931762695,0
Donna had approached that fast teacher.,Donna had approached those fast teacher.,morphology,determiner_noun_agreement,determiner_noun_agreement_with_adj_2,True,False,True,True,244,-52.87748718261719,-55.306861877441406,1
All banks are confusing those popular boys.,All banks are confusing that popular boys.,morphology,determiner_noun_agreement,determiner_noun_agreement_with_adj_2,True,False,True,True,245,-52.415000915527344,-49.286041259765625,0
Melinda is exploring this purple mall.,Melinda is exploring these purple mall.,morphology,determiner_noun_agreement,determiner_noun_agreement_with_adj_2,True,False,True,True,246,-47.14362335205078,-49.47242736816406,1
Alexander breaks this clean glass.,Alexander breaks these clean glass.,morphology,determiner_noun_agreement,determiner_noun_agreement_with_adj_2,True,False,True,True,247,-36.15107727050781,-38.156639099121094,1
The guest hasn't disliked this lost boy.,The guest hasn't disliked these lost boy.,morphology,determiner_noun_agreement,determiner_noun_agreement_with_adj_2,True,False,True,True,248,-63.437686920166016,-64.33976745605469,1
Nicole loves those unemployed children.,Nicole loves that unemployed children.,morphology,determiner_noun_agreement,determiner_noun_agreement_with_adj_2,True,False,True,True,249,-43.939170837402344,-42.95066833496094,0
Many paintings alarm that out in the open actor.,Many paintings alarm those out in the open actor.,morphology,determiner_noun_agreement,determiner_noun_agreement_with_adj_2,True,False,True,True,250,-62.29023742675781,-65.14801025390625,1
The universities criticize those sick ladies.,The universities criticize that sick ladies.,morphology,determiner_noun_agreement,determiner_noun_agreement_with_adj_2,True,False,True,True,251,-52.48905944824219,-52.41823196411133,0
Heidi criticized that bad commentary.,Heidi criticized those bad commentary.,morphology,determiner_noun_agreement,determiner_noun_agreement_with_adj_2,True,False,True,True,252,-47.71169662475586,-52.7563362121582,1
Vanessa wasn't wearing these new blouses.,Vanessa wasn't wearing this new blouses.,morphology,determiner_noun_agreement,determiner_noun_agreement_with_adj_2,True,False,True,True,253,-63.08526611328125,-60.27227783203125,0
Some horse had broken that purple glass.,Some horse had broken those purple glass.,morphology,determiner_noun_agreement,determiner_noun_agreement_with_adj_2,True,False,True,True,254,-51.724857330322266,-54.739601135253906,1
Heidi couldn't pass these concealed banks.,Heidi couldn't pass this concealed banks.,morphology,determiner_noun_agreement,determiner_noun_agreement_with_adj_2,True,False,True,True,255,-62.63723373413086,-60.483726501464844,0
Many banks like that cheap scarf.,Many banks like those cheap scarf.,morphology,determiner_noun_agreement,determiner_noun_agreement_with_adj_2,True,False,True,True,256,-46.00038146972656,-46.52185821533203,1
Aaron disagrees with that long story.,Aaron disagrees with those long story.,morphology,determiner_noun_agreement,determiner_noun_agreement_with_adj_2,True,False,True,True,257,-38.02034378051758,-37.67431640625,0
Kenneth discovers these new glasses.,Kenneth discovers this new glasses.,morphology,determiner_noun_agreement,determiner_noun_agreement_with_adj_2,True,False,True,True,258,-46.43571472167969,-43.3805046081543,0
That spinach can't annoy these displeased girls.,That spinach can't annoy this displeased girls.,morphology,determiner_noun_agreement,determiner_noun_agreement_with_adj_2,True,False,True,True,259,-78.15995788574219,-76.79695129394531,0
That hospital hasn't sold these green drawings.,That hospital hasn't sold this green drawings.,morphology,determiner_noun_agreement,determiner_noun_agreement_with_adj_2,True,False,True,True,260,-62.889869689941406,-60.57228088378906,0
These waiters bike to those blue cafes.,These waiters bike to that blue cafes.,morphology,determiner_noun_agreement,determiner_noun_agreement_with_adj_2,True,False,True,True,261,-62.66789627075195,-62.12173843383789,0
Catherine had noticed that standing guy.,Catherine had noticed those standing guy.,morphology,determiner_noun_agreement,determiner_noun_agreement_with_adj_2,True,False,True,True,262,-50.05567932128906,-53.51439666748047,1
Dana isn't messing up this concealed glass.,Dana isn't messing up these concealed glass.,morphology,determiner_noun_agreement,determiner_noun_agreement_with_adj_2,True,False,True,True,263,-62.3416748046875,-64.45132446289062,1
Florence wasn't researching these lost photographs.,Florence wasn't researching this lost photographs.,morphology,determiner_noun_agreement,determiner_noun_agreement_with_adj_2,True,False,True,True,264,-68.97382354736328,-66.90989685058594,0
Jesus doesn't remember this rough newspaper article.,Jesus doesn't remember these rough newspaper article.,morphology,determiner_noun_agreement,determiner_noun_agreement_with_adj_2,True,False,True,True,265,-51.66740417480469,-53.73298645019531,1
Many students heal this smart boy.,Many students heal these smart boy.,morphology,determiner_noun_agreement,determiner_noun_agreement_with_adj_2,True,False,True,True,266,-45.56059265136719,-46.53753662109375,1
Susan biked to that important public park.,Susan biked to those important public park.,morphology,determiner_noun_agreement,determiner_noun_agreement_with_adj_2,True,False,True,True,267,-56.55104064941406,-56.0178337097168,0
Mitchell won't watch this busy waitress.,Mitchell won't watch these busy waitress.,morphology,determiner_noun_agreement,determiner_noun_agreement_with_adj_2,True,False,True,True,268,-58.56944274902344,-63.05592727661133,1
Emily could talk to this displeased lady.,Emily could talk to these displeased lady.,morphology,determiner_noun_agreement,determiner_noun_agreement_with_adj_2,True,False,True,True,269,-58.276824951171875,-59.98076248168945,1
Rhonda hides this smooth photograph.,Rhonda hides these smooth photograph.,morphology,determiner_noun_agreement,determiner_noun_agreement_with_adj_2,True,False,True,True,270,-49.74519348144531,-52.018611907958984,1
Many actors are describing that standing patient.,Many actors are describing those standing patient.,morphology,determiner_noun_agreement,determiner_noun_agreement_with_adj_2,True,False,True,True,271,-49.69108963012695,-51.070281982421875,1
These pedestrians escaped from this hidden cafe.,These pedestrians escaped from these hidden cafe.,morphology,determiner_noun_agreement,determiner_noun_agreement_with_adj_2,True,False,True,True,272,-56.845455169677734,-57.45055389404297,1
Derek discovered that good play.,Derek discovered those good play.,morphology,determiner_noun_agreement,determiner_noun_agreement_with_adj_2,True,False,True,True,273,-44.20452117919922,-47.63501739501953,1
Cindy toured that clean movie theater.,Cindy toured those clean movie theater.,morphology,determiner_noun_agreement,determiner_noun_agreement_with_adj_2,True,False,True,True,274,-61.59305953979492,-64.78878021240234,1
A cart might upset this happy pedestrian.,A cart might upset these happy pedestrian.,morphology,determiner_noun_agreement,determiner_noun_agreement_with_adj_2,True,False,True,True,275,-62.445831298828125,-63.74772644042969,1
Those newspaper articles impress these popular universities.,Those newspaper articles impress this popular universities.,morphology,determiner_noun_agreement,determiner_noun_agreement_with_adj_2,True,False,True,True,276,-60.60322189331055,-59.476314544677734,0
Samantha complains about this unemployed waiter.,Samantha complains about these unemployed waiter.,morphology,determiner_noun_agreement,determiner_noun_agreement_with_adj_2,True,False,True,True,277,-71.13874053955078,-71.31301879882812,1
Kenneth breaks these messy couches.,Kenneth breaks this messy couches.,morphology,determiner_noun_agreement,determiner_noun_agreement_with_adj_2,True,False,True,True,278,-52.481483459472656,-51.9718017578125,0
All waiters approached this clever doctor.,All waiters approached these clever doctor.,morphology,determiner_noun_agreement,determiner_noun_agreement_with_adj_2,True,False,True,True,279,-57.745704650878906,-59.23294448852539,1
Galileo is looking like this important sketch.,Galileo is looking like these important sketch.,morphology,determiner_noun_agreement,determiner_noun_agreement_with_adj_2,True,False,True,True,280,-55.803001403808594,-58.46649169921875,1
George did care for these displeased customers.,George did care for this displeased customers.,morphology,determiner_noun_agreement,determiner_noun_agreement_with_adj_2,True,False,True,True,281,-58.334495544433594,-57.82030487060547,0
Diana was touring this big cafe.,Diana was touring these big cafe.,morphology,determiner_noun_agreement,determiner_noun_agreement_with_adj_2,True,False,True,True,282,-51.14149475097656,-54.281715393066406,1
Lisa hasn't worked with these scared girls.,Lisa hasn't worked with this scared girls.,morphology,determiner_noun_agreement,determiner_noun_agreement_with_adj_2,True,False,True,True,283,-54.2237434387207,-53.10799789428711,0
Becca tours this good grocery store.,Becca tours these good grocery store.,morphology,determiner_noun_agreement,determiner_noun_agreement_with_adj_2,True,False,True,True,284,-54.459930419921875,-56.039085388183594,1
Denise has appreciated these exposed patients.,Denise has appreciated this exposed patients.,morphology,determiner_noun_agreement,determiner_noun_agreement_with_adj_2,True,False,True,True,285,-49.86066436767578,-50.3455924987793,1
A lot of teachers have these small shoes.,A lot of teachers have this small shoes.,morphology,determiner_noun_agreement,determiner_noun_agreement_with_adj_2,True,False,True,True,286,-51.28499221801758,-50.665042877197266,0
Paul disturbs those exposed hospitals.,Paul disturbs that exposed hospitals.,morphology,determiner_noun_agreement,determiner_noun_agreement_with_adj_2,True,False,True,True,287,-53.67987060546875,-49.79418182373047,0
These students impresses that out in the open patient.,These students impresses those out in the open patient.,morphology,determiner_noun_agreement,determiner_noun_agreement_with_adj_2,True,False,True,True,288,-66.02487182617188,-69.21956634521484,1
This documentary won't disagree with these good customers.,This documentary won't disagree with this good customers.,morphology,determiner_noun_agreement,determiner_noun_agreement_with_adj_2,True,False,True,True,289,-57.99995422363281,-56.18394470214844,0
Carol is passing those gray cafes.,Carol is passing that gray cafes.,morphology,determiner_noun_agreement,determiner_noun_agreement_with_adj_2,True,False,True,True,290,-53.5601806640625,-51.35645294189453,0
Laura hasn't known those displeased drivers.,Laura hasn't known that displeased drivers.,morphology,determiner_noun_agreement,determiner_noun_agreement_with_adj_2,True,False,True,True,291,-61.20611572265625,-56.372169494628906,0
This snake distracts that small bank.,This snake distracts those small bank.,morphology,determiner_noun_agreement,determiner_noun_agreement_with_adj_2,True,False,True,True,292,-55.46306610107422,-59.56736755371094,1
Mitchell has returned to that rough library.,Mitchell has returned to those rough library.,morphology,determiner_noun_agreement,determiner_noun_agreement_with_adj_2,True,False,True,True,293,-53.90978240966797,-53.88227844238281,0
Jeffrey isn't running around this new hospital.,Jeffrey isn't running around these new hospital.,morphology,determiner_noun_agreement,determiner_noun_agreement_with_adj_2,True,False,True,True,294,-55.59362030029297,-58.3455696105957,1
This picture looks like this rough school.,This picture looks like these rough school.,morphology,determiner_noun_agreement,determiner_noun_agreement_with_adj_2,True,False,True,True,295,-45.62451171875,-46.833587646484375,1
Deborah scans this good documentary.,Deborah scans these good documentary.,morphology,determiner_noun_agreement,determiner_noun_agreement_with_adj_2,True,False,True,True,296,-52.212867736816406,-53.852474212646484,1
Some committees hate that young driver.,Some committees hate those young driver.,morphology,determiner_noun_agreement,determiner_noun_agreement_with_adj_2,True,False,True,True,297,-45.629241943359375,-46.73533630371094,1
This committee had alarmed this bad association.,This committee had alarmed these bad association.,morphology,determiner_noun_agreement,determiner_noun_agreement_with_adj_2,True,False,True,True,298,-54.834556579589844,-57.681297302246094,1
Emily broke these white forks.,Emily broke this white forks.,morphology,determiner_noun_agreement,determiner_noun_agreement_with_adj_2,True,False,True,True,299,-41.43098449707031,-38.45934295654297,0
Marie would argue about these bad stories.,Marie would argue about this bad stories.,morphology,determiner_noun_agreement,determiner_noun_agreement_with_adj_2,True,False,True,True,300,-43.56377410888672,-40.26469802856445,0
The woman discovered this red hamster.,The woman discovered these red hamster.,morphology,determiner_noun_agreement,determiner_noun_agreement_with_adj_2,True,False,True,True,301,-50.704219818115234,-52.03064727783203,1
The Impressionists haven't dropped by these orange libraries.,The Impressionists haven't dropped by this orange libraries.,morphology,determiner_noun_agreement,determiner_noun_agreement_with_adj_2,True,False,True,True,302,-82.71376037597656,-81.2529296875,0
Kathleen scares this dirty museum.,Kathleen scares these dirty museum.,morphology,determiner_noun_agreement,determiner_noun_agreement_with_adj_2,True,False,True,True,303,-59.5176887512207,-61.922813415527344,1
Nicole did bother that messy museum.,Nicole did bother those messy museum.,morphology,determiner_noun_agreement,determiner_noun_agreement_with_adj_2,True,False,True,True,304,-57.522727966308594,-58.82276153564453,1
Adam might break those cheap forks.,Adam might break that cheap forks.,morphology,determiner_noun_agreement,determiner_noun_agreement_with_adj_2,True,False,True,True,305,-45.29753112792969,-44.12864303588867,0
Lucille might visit this old art gallery.,Lucille might visit these old art gallery.,morphology,determiner_noun_agreement,determiner_noun_agreement_with_adj_2,True,False,True,True,306,-51.138519287109375,-54.06161117553711,1
Kathleen boasted about those important reports.,Kathleen boasted about that important reports.,morphology,determiner_noun_agreement,determiner_noun_agreement_with_adj_2,True,False,True,True,307,-60.84690475463867,-62.31407928466797,1
Teenagers worries these nice drivers.,Teenagers worries this nice drivers.,morphology,determiner_noun_agreement,determiner_noun_agreement_with_adj_2,True,False,True,True,308,-53.19976043701172,-50.353660583496094,0
Irene brought this hidden nose.,Irene brought these hidden nose.,morphology,determiner_noun_agreement,determiner_noun_agreement_with_adj_2,True,False,True,True,309,-49.40184020996094,-50.86083984375,1
Many actors can't boast about that nice actor.,Many actors can't boast about those nice actor.,morphology,determiner_noun_agreement,determiner_noun_agreement_with_adj_2,True,False,True,True,310,-63.07904052734375,-63.612083435058594,1
George is helping those smart students.,George is helping that smart students.,morphology,determiner_noun_agreement,determiner_noun_agreement_with_adj_2,True,False,True,True,311,-39.46031188964844,-39.68202209472656,1
Jessica has broken that hidden fork.,Jessica has broken those hidden fork.,morphology,determiner_noun_agreement,determiner_noun_agreement_with_adj_2,True,False,True,True,312,-43.8948974609375,-45.73630905151367,1
Vanessa hadn't cured these upset actors.,Vanessa hadn't cured this upset actors.,morphology,determiner_noun_agreement,determiner_noun_agreement_with_adj_2,True,False,True,True,313,-67.13188171386719,-65.91458129882812,0
Jerry wasn't fixing that gray cup.,Jerry wasn't fixing those gray cup.,morphology,determiner_noun_agreement,determiner_noun_agreement_with_adj_2,True,False,True,True,314,-55.45668411254883,-56.62529754638672,1
Some boys did flee from these delighted guys.,Some boys did flee from this delighted guys.,morphology,determiner_noun_agreement,determiner_noun_agreement_with_adj_2,True,False,True,True,315,-62.41574478149414,-62.098018646240234,0
Some dogs find this good movie theater.,Some dogs find these good movie theater.,morphology,determiner_noun_agreement,determiner_noun_agreement_with_adj_2,True,False,True,True,316,-49.419342041015625,-51.90311813354492,1
Lucille hasn't worked with those hidden pedestrians.,Lucille hasn't worked with that hidden pedestrians.,morphology,determiner_noun_agreement,determiner_noun_agreement_with_adj_2,True,False,True,True,317,-57.058326721191406,-57.15928649902344,1
Liam exits those white art galleries.,Liam exits that white art galleries.,morphology,determiner_noun_agreement,determiner_noun_agreement_with_adj_2,True,False,True,True,318,-58.93729782104492,-55.20598220825195,0
Vincent hugs that good pedestrian.,Vincent hugs those good pedestrian.,morphology,determiner_noun_agreement,determiner_noun_agreement_with_adj_2,True,False,True,True,319,-52.549652099609375,-54.954063415527344,1
Katherine would know this nice waiter.,Katherine would know these nice waiter.,morphology,determiner_noun_agreement,determiner_noun_agreement_with_adj_2,True,False,True,True,320,-52.563140869140625,-56.4307861328125,1
Tammy hasn't attacked those displeased guests.,Tammy hasn't attacked that displeased guests.,morphology,determiner_noun_agreement,determiner_noun_agreement_with_adj_2,True,False,True,True,321,-71.54520416259766,-70.41846466064453,0
Mark didn't wear that small shirt.,Mark didn't wear those small shirt.,morphology,determiner_noun_agreement,determiner_noun_agreement_with_adj_2,True,False,True,True,322,-42.353790283203125,-45.04135513305664,1
Many actresses care for those delighted senators.,Many actresses care for that delighted senators.,morphology,determiner_noun_agreement,determiner_noun_agreement_with_adj_2,True,False,True,True,323,-60.3934326171875,-61.93943786621094,1
Becca isn't bringing this old shirt.,Becca isn't bringing these old shirt.,morphology,determiner_noun_agreement,determiner_noun_agreement_with_adj_2,True,False,True,True,324,-54.84731674194336,-56.95158386230469,1
The Impressionists kiss these content actors.,The Impressionists kiss this content actors.,morphology,determiner_noun_agreement,determiner_noun_agreement_with_adj_2,True,False,True,True,325,-70.37871551513672,-69.18180084228516,0
This boy was appreciating this exposed hospital.,This boy was appreciating these exposed hospital.,morphology,determiner_noun_agreement,determiner_noun_agreement_with_adj_2,True,False,True,True,326,-59.166053771972656,-59.62769317626953,1
Kristen wasn't skated around that hard college campus.,Kristen wasn't skated around those hard college campus.,morphology,determiner_noun_agreement,determiner_noun_agreement_with_adj_2,True,False,True,True,327,-76.23664855957031,-76.28304290771484,1
Carlos hadn't broken that new glass.,Carlos hadn't broken those new glass.,morphology,determiner_noun_agreement,determiner_noun_agreement_with_adj_2,True,False,True,True,328,-57.79603576660156,-59.860530853271484,1
Michael hasn't fixed this green glass.,Michael hasn't fixed these green glass.,morphology,determiner_noun_agreement,determiner_noun_agreement_with_adj_2,True,False,True,True,329,-44.98981857299805,-46.420875549316406,1
Bethany doesn't hide those rough sweaters.,Bethany doesn't hide that rough sweaters.,morphology,determiner_noun_agreement,determiner_noun_agreement_with_adj_2,True,False,True,True,330,-71.82106018066406,-71.19110107421875,0
Sally isn't questioning those important libraries.,Sally isn't questioning that important libraries.,morphology,determiner_noun_agreement,determiner_noun_agreement_with_adj_2,True,False,True,True,331,-58.58460235595703,-56.802635192871094,0
The Impressionists pass this yellow bank.,The Impressionists pass these yellow bank.,morphology,determiner_noun_agreement,determiner_noun_agreement_with_adj_2,True,False,True,True,332,-64.55024719238281,-66.44834899902344,1
That chicken resembles these exposed paintings.,That chicken resembles this exposed paintings.,morphology,determiner_noun_agreement,determiner_noun_agreement_with_adj_2,True,False,True,True,333,-50.83682632446289,-50.57493591308594,0
Martha investigates that nice cashier.,Martha investigates those nice cashier.,morphology,determiner_noun_agreement,determiner_noun_agreement_with_adj_2,True,False,True,True,334,-61.79912567138672,-64.19610595703125,1
Samuel can walk through these big cafes.,Samuel can walk through this big cafes.,morphology,determiner_noun_agreement,determiner_noun_agreement_with_adj_2,True,False,True,True,335,-56.09407043457031,-52.93865966796875,0
These boxes should bother those content ladies.,These boxes should bother that content ladies.,morphology,determiner_noun_agreement,determiner_noun_agreement_with_adj_2,True,False,True,True,336,-56.67233657836914,-55.892608642578125,0
Mitchell flees from that yellow hospital.,Mitchell flees from those yellow hospital.,morphology,determiner_noun_agreement,determiner_noun_agreement_with_adj_2,True,False,True,True,337,-57.7642707824707,-57.94137954711914,1
Samuel wasn't concealing this determined driver.,Samuel wasn't concealing these determined driver.,morphology,determiner_noun_agreement,determiner_noun_agreement_with_adj_2,True,False,True,True,338,-74.41233825683594,-74.89144897460938,1
All senators remember that clean bank.,All senators remember those clean bank.,morphology,determiner_noun_agreement,determiner_noun_agreement_with_adj_2,True,False,True,True,339,-49.930137634277344,-53.8829345703125,1
The Impressionists leave that unconvinced waiter.,The Impressionists leave those unconvinced waiter.,morphology,determiner_noun_agreement,determiner_noun_agreement_with_adj_2,True,False,True,True,340,-89.65961456298828,-89.15835571289062,0
Lucille hasn't questioned that hopeful actor.,Lucille hasn't questioned those hopeful actor.,morphology,determiner_noun_agreement,determiner_noun_agreement_with_adj_2,True,False,True,True,341,-57.99289321899414,-60.199440002441406,1
The Borgias alarms that young boy.,The Borgias alarms those young boy.,morphology,determiner_noun_agreement,determiner_noun_agreement_with_adj_2,True,False,True,True,342,-55.15467834472656,-60.96754455566406,1
That cat shouldn't bother that unlucky adult.,That cat shouldn't bother those unlucky adult.,morphology,determiner_noun_agreement,determiner_noun_agreement_with_adj_2,True,False,True,True,343,-56.86550521850586,-58.391075134277344,1
This drawing embarrassed these nice drivers.,This drawing embarrassed this nice drivers.,morphology,determiner_noun_agreement,determiner_noun_agreement_with_adj_2,True,False,True,True,344,-54.46404266357422,-50.67548370361328,0
Those men haven't complained about these lost senators.,Those men haven't complained about this lost senators.,morphology,determiner_noun_agreement,determiner_noun_agreement_with_adj_2,True,False,True,True,345,-65.89624786376953,-64.81793212890625,0
Every photograph shouldn't look like this scared patient.,Every photograph shouldn't look like these scared patient.,morphology,determiner_noun_agreement,determiner_noun_agreement_with_adj_2,True,False,True,True,346,-65.21823120117188,-65.91664123535156,1
Tina watched those hopeful guys.,Tina watched that hopeful guys.,morphology,determiner_noun_agreement,determiner_noun_agreement_with_adj_2,True,False,True,True,347,-48.35746383666992,-46.367767333984375,0
Some lady should complain about these important pedestrians.,Some lady should complain about this important pedestrians.,morphology,determiner_noun_agreement,determiner_noun_agreement_with_adj_2,True,False,True,True,348,-57.939849853515625,-55.87077331542969,0
The ladies dislike these yellow pamphlets.,The ladies dislike this yellow pamphlets.,morphology,determiner_noun_agreement,determiner_noun_agreement_with_adj_2,True,False,True,True,349,-59.29030990600586,-57.838409423828125,0
Jill discovered this content girl.,Jill discovered these content girl.,morphology,determiner_noun_agreement,determiner_noun_agreement_with_adj_2,True,False,True,True,350,-48.75791549682617,-50.962135314941406,1
Many customers criticize these blue high schools.,Many customers criticize this blue high schools.,morphology,determiner_noun_agreement,determiner_noun_agreement_with_adj_2,True,False,True,True,351,-61.70970916748047,-60.02753829956055,0
Kirsten was boycotting this bad association.,Kirsten was boycotting these bad association.,morphology,determiner_noun_agreement,determiner_noun_agreement_with_adj_2,True,False,True,True,352,-70.8556900024414,-72.83457946777344,1
Christina hugged those hopeful customers.,Christina hugged that hopeful customers.,morphology,determiner_noun_agreement,determiner_noun_agreement_with_adj_2,True,False,True,True,353,-53.472328186035156,-50.644107818603516,0
Rose attacks that clever dancer.,Rose attacks those clever dancer.,morphology,determiner_noun_agreement,determiner_noun_agreement_with_adj_2,True,False,True,True,354,-38.870880126953125,-42.72372055053711,1
David had noticed this big photograph.,David had noticed these big photograph.,morphology,determiner_noun_agreement,determiner_noun_agreement_with_adj_2,True,False,True,True,355,-34.963592529296875,-38.84502029418945,1
Patrick hasn't distracted that sick lady.,Patrick hasn't distracted those sick lady.,morphology,determiner_noun_agreement,determiner_noun_agreement_with_adj_2,True,False,True,True,356,-50.92556381225586,-52.83281707763672,1
Linda broke that hard couch.,Linda broke those hard couch.,morphology,determiner_noun_agreement,determiner_noun_agreement_with_adj_2,True,False,True,True,357,-48.26803970336914,-51.27880859375,1
That waiter hasn't confused those out in the open girls.,That waiter hasn't confused that out in the open girls.,morphology,determiner_noun_agreement,determiner_noun_agreement_with_adj_2,True,False,True,True,358,-75.38982391357422,-73.67705535888672,0
A waiter loves this orange book.,A waiter loves these orange book.,morphology,determiner_noun_agreement,determiner_noun_agreement_with_adj_2,True,False,True,True,359,-48.803462982177734,-51.845855712890625,1
Sabrina did think about these brown prints.,Sabrina did think about this brown prints.,morphology,determiner_noun_agreement,determiner_noun_agreement_with_adj_2,True,False,True,True,360,-56.002044677734375,-53.89927673339844,0
Amy might discover those rough schools.,Amy might discover that rough schools.,morphology,determiner_noun_agreement,determiner_noun_agreement_with_adj_2,True,False,True,True,361,-44.53572463989258,-43.85926055908203,0
These boys messed up those exposed libraries.,These boys messed up that exposed libraries.,morphology,determiner_noun_agreement,determiner_noun_agreement_with_adj_2,True,False,True,True,362,-56.15790939331055,-55.6109619140625,0
Larry hates those small guys.,Larry hates that small guys.,morphology,determiner_noun_agreement,determiner_noun_agreement_with_adj_2,True,False,True,True,363,-37.617637634277344,-36.41820526123047,0
Kirsten dislikes that bad restaurant.,Kirsten dislikes those bad restaurant.,morphology,determiner_noun_agreement,determiner_noun_agreement_with_adj_2,True,False,True,True,364,-63.004920959472656,-68.4968032836914,1
Tonya cures these old customers.,Tonya cures this old customers.,morphology,determiner_noun_agreement,determiner_noun_agreement_with_adj_2,True,False,True,True,365,-47.45178985595703,-45.965023040771484,0
Some adult lifts these white shirts.,Some adult lifts this white shirts.,morphology,determiner_noun_agreement,determiner_noun_agreement_with_adj_2,True,False,True,True,366,-47.793556213378906,-45.61387634277344,0
Steve examined these yellow newspaper articles.,Steve examined this yellow newspaper articles.,morphology,determiner_noun_agreement,determiner_noun_agreement_with_adj_2,True,False,True,True,367,-52.145713806152344,-49.88288116455078,0
Amelia won't hire these popular cashiers.,Amelia won't hire this popular cashiers.,morphology,determiner_noun_agreement,determiner_noun_agreement_with_adj_2,True,False,True,True,368,-71.82734680175781,-69.33311462402344,0
All guests had broken this bad dish.,All guests had broken these bad dish.,morphology,determiner_noun_agreement,determiner_noun_agreement_with_adj_2,True,False,True,True,369,-49.68954849243164,-53.177223205566406,1
All stories didn't distract this popular adult.,All stories didn't distract these popular adult.,morphology,determiner_noun_agreement,determiner_noun_agreement_with_adj_2,True,False,True,True,370,-56.51984405517578,-59.60578155517578,1
Cindy knows that troubled driver.,Cindy knows those troubled driver.,morphology,determiner_noun_agreement,determiner_noun_agreement_with_adj_2,True,False,True,True,371,-51.77233123779297,-55.0565185546875,1
Julia does investigate these out in the open doctors.,Julia does investigate this out in the open doctors.,morphology,determiner_noun_agreement,determiner_noun_agreement_with_adj_2,True,False,True,True,372,-67.15316772460938,-66.14215087890625,0
Science stuns these good governments.,Science stuns this good governments.,morphology,determiner_noun_agreement,determiner_noun_agreement_with_adj_2,True,False,True,True,373,-50.32299041748047,-49.8882942199707,0
Winston Churchill couldn't discover that old shoe.,Winston Churchill couldn't discover those old shoe.,morphology,determiner_noun_agreement,determiner_noun_agreement_with_adj_2,True,False,True,True,374,-62.160682678222656,-65.39535522460938,1
Natalie had explored that white movie theater.,Natalie had explored those white movie theater.,morphology,determiner_noun_agreement,determiner_noun_agreement_with_adj_2,True,False,True,True,375,-61.39405059814453,-63.94240188598633,1
Curtis hasn't escaped from that dirty cafe.,Curtis hasn't escaped from those dirty cafe.,morphology,determiner_noun_agreement,determiner_noun_agreement_with_adj_2,True,False,True,True,376,-73.38429260253906,-73.81705474853516,1
Martin hurt these unconvinced customers.,Martin hurt this unconvinced customers.,morphology,determiner_noun_agreement,determiner_noun_agreement_with_adj_2,True,False,True,True,377,-61.6502799987793,-60.837257385253906,0
The Impressionists worry that smart boy.,The Impressionists worry those smart boy.,morphology,determiner_noun_agreement,determiner_noun_agreement_with_adj_2,True,False,True,True,378,-64.24067687988281,-67.79273223876953,1
The Balkans couldn't aggravate this upset senator.,The Balkans couldn't aggravate these upset senator.,morphology,determiner_noun_agreement,determiner_noun_agreement_with_adj_2,True,False,True,True,379,-73.78727722167969,-74.28890228271484,1
Bruce wouldn't resemble those gray prints.,Bruce wouldn't resemble that gray prints.,morphology,determiner_noun_agreement,determiner_noun_agreement_with_adj_2,True,False,True,True,380,-51.0512809753418,-50.60715866088867,0
George hugged that excited doctor.,George hugged those excited doctor.,morphology,determiner_noun_agreement,determiner_noun_agreement_with_adj_2,True,False,True,True,381,-40.39765930175781,-42.58699035644531,1
Janice isn't escaping from that displeased dancer.,Janice isn't escaping from those displeased dancer.,morphology,determiner_noun_agreement,determiner_noun_agreement_with_adj_2,True,False,True,True,382,-76.77920532226562,-77.96421813964844,1
Most waitresses fire those serious adults.,Most waitresses fire that serious adults.,morphology,determiner_noun_agreement,determiner_noun_agreement_with_adj_2,True,False,True,True,383,-59.092220306396484,-58.060691833496094,0
All children won't conceal that hopeful cashier.,All children won't conceal those hopeful cashier.,morphology,determiner_noun_agreement,determiner_noun_agreement_with_adj_2,True,False,True,True,384,-71.35295104980469,-72.41976165771484,1
All cashiers weren't exploring these exposed grocery stores.,All cashiers weren't exploring this exposed grocery stores.,morphology,determiner_noun_agreement,determiner_noun_agreement_with_adj_2,True,False,True,True,385,-83.76612091064453,-83.49575805664062,0
Jessica wasn't thinking about that black print.,Jessica wasn't thinking about those black print.,morphology,determiner_noun_agreement,determiner_noun_agreement_with_adj_2,True,False,True,True,386,-51.47979736328125,-52.363037109375,1
Donna didn't conceal these big banks.,Donna didn't conceal this big banks.,morphology,determiner_noun_agreement,determiner_noun_agreement_with_adj_2,True,False,True,True,387,-59.4516716003418,-56.80646896362305,0
This lady drove to that messy restaurant.,This lady drove to those messy restaurant.,morphology,determiner_noun_agreement,determiner_noun_agreement_with_adj_2,True,False,True,True,388,-51.011268615722656,-50.890830993652344,0
Roger sounds like those ill boys.,Roger sounds like that ill boys.,morphology,determiner_noun_agreement,determiner_noun_agreement_with_adj_2,True,False,True,True,389,-40.55567932128906,-39.42242431640625,0
Jacqueline hadn't forgotten those young guests.,Jacqueline hadn't forgotten that young guests.,morphology,determiner_noun_agreement,determiner_noun_agreement_with_adj_2,True,False,True,True,390,-64.9297103881836,-61.25416946411133,0
Patients scan this orange brochure.,Patients scan these orange brochure.,morphology,determiner_noun_agreement,determiner_noun_agreement_with_adj_2,True,False,True,True,391,-52.43269729614258,-54.471778869628906,1
That movie theater stunned those old guests.,That movie theater stunned that old guests.,morphology,determiner_noun_agreement,determiner_noun_agreement_with_adj_2,True,False,True,True,392,-57.12025451660156,-54.737091064453125,0
Deborah likes these important dogs.,Deborah likes this important dogs.,morphology,determiner_noun_agreement,determiner_noun_agreement_with_adj_2,True,False,True,True,393,-50.6071662902832,-48.72843551635742,0
Brian talks to these hopeful doctors.,Brian talks to this hopeful doctors.,morphology,determiner_noun_agreement,determiner_noun_agreement_with_adj_2,True,False,True,True,394,-42.5155143737793,-40.06231689453125,0
Some actors had insulted these important essays.,Some actors had insulted this important essays.,morphology,determiner_noun_agreement,determiner_noun_agreement_with_adj_2,True,False,True,True,395,-55.84648132324219,-54.129737854003906,0
The fish astounds those popular legislatures.,The fish astounds that popular legislatures.,morphology,determiner_noun_agreement,determiner_noun_agreement_with_adj_2,True,False,True,True,396,-67.38805389404297,-60.34222412109375,0
Jill would find those brown drawings.,Jill would find that brown drawings.,morphology,determiner_noun_agreement,determiner_noun_agreement_with_adj_2,True,False,True,True,397,-51.4847297668457,-50.69287109375,0
Most women approached these ill patients.,Most women approached this ill patients.,morphology,determiner_noun_agreement,determiner_noun_agreement_with_adj_2,True,False,True,True,398,-46.81511688232422,-46.297332763671875,0
Renee shouldn't wear that popular skirt.,Renee shouldn't wear those popular skirt.,morphology,determiner_noun_agreement,determiner_noun_agreement_with_adj_2,True,False,True,True,399,-54.27410888671875,-57.199825286865234,1
Kendra talks to that content adult.,Kendra talks to those content adult.,morphology,determiner_noun_agreement,determiner_noun_agreement_with_adj_2,True,False,True,True,400,-55.442657470703125,-54.73499298095703,0
These girls confuse those lost pedestrians.,These girls confuse that lost pedestrians.,morphology,determiner_noun_agreement,determiner_noun_agreement_with_adj_2,True,False,True,True,401,-52.22643280029297,-50.422454833984375,0
Every school hires this busy girl.,Every school hires these busy girl.,morphology,determiner_noun_agreement,determiner_noun_agreement_with_adj_2,True,False,True,True,402,-44.05377197265625,-48.557586669921875,1
Deborah looks like these red sketches.,Deborah looks like this red sketches.,morphology,determiner_noun_agreement,determiner_noun_agreement_with_adj_2,True,False,True,True,403,-51.79548645019531,-49.60574722290039,0
These boxes impress these unconvinced customers.,These boxes impress this unconvinced customers.,morphology,determiner_noun_agreement,determiner_noun_agreement_with_adj_2,True,False,True,True,404,-71.25843048095703,-71.0679702758789,0
Every hamster astounds those hopeful teenagers.,Every hamster astounds that hopeful teenagers.,morphology,determiner_noun_agreement,determiner_noun_agreement_with_adj_2,True,False,True,True,405,-70.38270568847656,-65.3223876953125,0
Doctors are appreciating this concealed library.,Doctors are appreciating these concealed library.,morphology,determiner_noun_agreement,determiner_noun_agreement_with_adj_2,True,False,True,True,406,-50.717281341552734,-51.1580924987793,1
Heidi shocked this standing teacher.,Heidi shocked these standing teacher.,morphology,determiner_noun_agreement,determiner_noun_agreement_with_adj_2,True,False,True,True,407,-51.26720428466797,-54.423828125,1
Holly couldn't help that excited doctor.,Holly couldn't help those excited doctor.,morphology,determiner_noun_agreement,determiner_noun_agreement_with_adj_2,True,False,True,True,408,-57.39918518066406,-55.729305267333984,0
These people haven't insulted this smart doctor.,These people haven't insulted these smart doctor.,morphology,determiner_noun_agreement,determiner_noun_agreement_with_adj_2,True,False,True,True,409,-60.208560943603516,-61.81364822387695,1
Forks aggravate that confident guest.,Forks aggravate those confident guest.,morphology,determiner_noun_agreement,determiner_noun_agreement_with_adj_2,True,False,True,True,410,-58.24274444580078,-59.85380554199219,1
Mark flees from this hard high school.,Mark flees from these hard high school.,morphology,determiner_noun_agreement,determiner_noun_agreement_with_adj_2,True,False,True,True,411,-46.85222625732422,-48.72932434082031,1
Many adults exit these dirty art galleries.,Many adults exit this dirty art galleries.,morphology,determiner_noun_agreement,determiner_noun_agreement_with_adj_2,True,False,True,True,412,-58.9949951171875,-56.87416076660156,0
These boys discovered those good patients.,These boys discovered that good patients.,morphology,determiner_noun_agreement,determiner_noun_agreement_with_adj_2,True,False,True,True,413,-46.8852424621582,-44.139373779296875,0
Raymond was going to those messy museums.,Raymond was going to that messy museums.,morphology,determiner_noun_agreement,determiner_noun_agreement_with_adj_2,True,False,True,True,414,-58.56775665283203,-58.828590393066406,1
This teacher drops by those smooth malls.,This teacher drops by that smooth malls.,morphology,determiner_noun_agreement,determiner_noun_agreement_with_adj_2,True,False,True,True,415,-56.337242126464844,-57.61216735839844,1
Carmen won't stun these clever actors.,Carmen won't stun this clever actors.,morphology,determiner_noun_agreement,determiner_noun_agreement_with_adj_2,True,False,True,True,416,-71.79087829589844,-69.89933776855469,0
Larry sees that hard rug.,Larry sees those hard rug.,morphology,determiner_noun_agreement,determiner_noun_agreement_with_adj_2,True,False,True,True,417,-37.42066192626953,-40.37487030029297,1
Marie fixed this blue dish.,Marie fixed these blue dish.,morphology,determiner_noun_agreement,determiner_noun_agreement_with_adj_2,True,False,True,True,418,-34.74701690673828,-37.36943054199219,1
Tara approached this concealed student.,Tara approached these concealed student.,morphology,determiner_noun_agreement,determiner_noun_agreement_with_adj_2,True,False,True,True,419,-49.675132751464844,-52.20815658569336,1
Kathleen criticizes these rough college campuses.,Kathleen criticizes this rough college campuses.,morphology,determiner_noun_agreement,determiner_noun_agreement_with_adj_2,True,False,True,True,420,-75.9367904663086,-75.43669128417969,0
Brett had found those popular customers.,Brett had found that popular customers.,morphology,determiner_noun_agreement,determiner_noun_agreement_with_adj_2,True,False,True,True,421,-51.39297866821289,-47.25760269165039,0
This student has arrived at those bad cafes.,This student has arrived at that bad cafes.,morphology,determiner_noun_agreement,determiner_noun_agreement_with_adj_2,True,False,True,True,422,-55.92027282714844,-54.729034423828125,0
Many reports aggravate these young senators.,Many reports aggravate this young senators.,morphology,determiner_noun_agreement,determiner_noun_agreement_with_adj_2,True,False,True,True,423,-54.10835647583008,-54.310646057128906,1
Christopher isn't scaring those unlucky teenagers.,Christopher isn't scaring that unlucky teenagers.,morphology,determiner_noun_agreement,determiner_noun_agreement_with_adj_2,True,False,True,True,424,-63.82404708862305,-61.68733596801758,0
Kendra has bored these important waiters.,Kendra has bored this important waiters.,morphology,determiner_noun_agreement,determiner_noun_agreement_with_adj_2,True,False,True,True,425,-63.70069122314453,-61.680503845214844,0
Beverly had healed those unlucky pedestrians.,Beverly had healed that unlucky pedestrians.,morphology,determiner_noun_agreement,determiner_noun_agreement_with_adj_2,True,False,True,True,426,-64.94184112548828,-63.989009857177734,0
William cares for these concealed patients.,William cares for this concealed patients.,morphology,determiner_noun_agreement,determiner_noun_agreement_with_adj_2,True,False,True,True,427,-43.56427001953125,-41.81843566894531,0
Alice drives to these yellow art galleries.,Alice drives to this yellow art galleries.,morphology,determiner_noun_agreement,determiner_noun_agreement_with_adj_2,True,False,True,True,428,-49.51189422607422,-46.87334442138672,0
This waiter hasn't cleaned these dirty shoes.,This waiter hasn't cleaned this dirty shoes.,morphology,determiner_noun_agreement,determiner_noun_agreement_with_adj_2,True,False,True,True,429,-64.84595489501953,-62.713111877441406,0
Sharon had escaped from these content students.,Sharon had escaped from this content students.,morphology,determiner_noun_agreement,determiner_noun_agreement_with_adj_2,True,False,True,True,430,-58.72742462158203,-57.25019836425781,0
A lot of boys boycotted that bad government.,A lot of boys boycotted those bad government.,morphology,determiner_noun_agreement,determiner_noun_agreement_with_adj_2,True,False,True,True,431,-77.0208740234375,-79.67362976074219,1
Beth hasn't sounded like this dirty grocery store.,Beth hasn't sounded like these dirty grocery store.,morphology,determiner_noun_agreement,determiner_noun_agreement_with_adj_2,True,False,True,True,432,-63.650733947753906,-66.57789611816406,1
Some people admire that out in the open sock.,Some people admire those out in the open sock.,morphology,determiner_noun_agreement,determiner_noun_agreement_with_adj_2,True,False,True,True,433,-60.48382568359375,-61.509517669677734,1
These women describe that upset teenager.,These women describe those upset teenager.,morphology,determiner_noun_agreement,determiner_noun_agreement_with_adj_2,True,False,True,True,434,-48.356773376464844,-48.158729553222656,0
Patricia was passing that big library.,Patricia was passing those big library.,morphology,determiner_noun_agreement,determiner_noun_agreement_with_adj_2,True,False,True,True,435,-51.77296829223633,-54.469154357910156,1
Tamara fired these excited teenagers.,Tamara fired this excited teenagers.,morphology,determiner_noun_agreement,determiner_noun_agreement_with_adj_2,True,False,True,True,436,-53.19343185424805,-50.53169250488281,0
These waiters were approaching this busy guy.,These waiters were approaching these busy guy.,morphology,determiner_noun_agreement,determiner_noun_agreement_with_adj_2,True,False,True,True,437,-57.18552780151367,-59.79233169555664,1
Lucille exits this gray restaurant.,Lucille exits these gray restaurant.,morphology,determiner_noun_agreement,determiner_noun_agreement_with_adj_2,True,False,True,True,438,-47.27799606323242,-48.79704284667969,1
Randolf would research those good plays.,Randolf would research that good plays.,morphology,determiner_noun_agreement,determiner_noun_agreement_with_adj_2,True,False,True,True,439,-60.97325897216797,-56.8575439453125,0
Some rugs distract these important adults.,Some rugs distract this important adults.,morphology,determiner_noun_agreement,determiner_noun_agreement_with_adj_2,True,False,True,True,440,-56.48589324951172,-54.912757873535156,0
The waiters research those popular legislatures.,The waiters research that popular legislatures.,morphology,determiner_noun_agreement,determiner_noun_agreement_with_adj_2,True,False,True,True,441,-61.90927505493164,-58.062828063964844,0
Michael conceals this happy waiter.,Michael conceals these happy waiter.,morphology,determiner_noun_agreement,determiner_noun_agreement_with_adj_2,True,False,True,True,442,-50.58447265625,-52.619625091552734,1
Alan arrives at those bad malls.,Alan arrives at that bad malls.,morphology,determiner_noun_agreement,determiner_noun_agreement_with_adj_2,True,False,True,True,443,-44.45826721191406,-43.5105094909668,0
A lot of prints looked like this clean couch.,A lot of prints looked like these clean couch.,morphology,determiner_noun_agreement,determiner_noun_agreement_with_adj_2,True,False,True,True,444,-58.34814453125,-59.901615142822266,1
Deanna has irritated that bad government.,Deanna has irritated those bad government.,morphology,determiner_noun_agreement,determiner_noun_agreement_with_adj_2,True,False,True,True,445,-52.53551483154297,-55.642391204833984,1
The children are talking to that ill lady.,The children are talking to those ill lady.,morphology,determiner_noun_agreement,determiner_noun_agreement_with_adj_2,True,False,True,True,446,-54.34846496582031,-52.3010139465332,0
Pedestrians describe those new art galleries.,Pedestrians describe that new art galleries.,morphology,determiner_noun_agreement,determiner_noun_agreement_with_adj_2,True,False,True,True,447,-61.62128448486328,-61.649085998535156,1
Senators drive to that brown high school.,Senators drive to those brown high school.,morphology,determiner_noun_agreement,determiner_noun_agreement_with_adj_2,True,False,True,True,448,-59.682395935058594,-59.21424865722656,0
Curtis can bring this rough book.,Curtis can bring these rough book.,morphology,determiner_noun_agreement,determiner_noun_agreement_with_adj_2,True,False,True,True,449,-54.96593475341797,-56.68768310546875,1
Wayne cleans that orange college campus.,Wayne cleans those orange college campus.,morphology,determiner_noun_agreement,determiner_noun_agreement_with_adj_2,True,False,True,True,450,-59.870662689208984,-58.83510208129883,0
Charles isn't biking to this concealed cafe.,Charles isn't biking to these concealed cafe.,morphology,determiner_noun_agreement,determiner_noun_agreement_with_adj_2,True,False,True,True,451,-60.31797790527344,-62.87874984741211,1
A coat did distract those determined doctors.,A coat did distract that determined doctors.,morphology,determiner_noun_agreement,determiner_noun_agreement_with_adj_2,True,False,True,True,452,-60.36086654663086,-61.129493713378906,1
Homer approached that employed student.,Homer approached those employed student.,morphology,determiner_noun_agreement,determiner_noun_agreement_with_adj_2,True,False,True,True,453,-51.15802764892578,-52.057823181152344,1
Nina approached that unsure girl.,Nina approached those unsure girl.,morphology,determiner_noun_agreement,determiner_noun_agreement_with_adj_2,True,False,True,True,454,-51.2747917175293,-51.51659393310547,1
Heidi had bothered this concealed waitress.,Heidi had bothered these concealed waitress.,morphology,determiner_noun_agreement,determiner_noun_agreement_with_adj_2,True,False,True,True,455,-61.62974166870117,-63.37835693359375,1
Tara hadn't described those exposed malls.,Tara hadn't described that exposed malls.,morphology,determiner_noun_agreement,determiner_noun_agreement_with_adj_2,True,False,True,True,456,-64.1025390625,-62.53550720214844,0
Some drawing looks like those good eyes.,Some drawing looks like that good eyes.,morphology,determiner_noun_agreement,determiner_noun_agreement_with_adj_2,True,False,True,True,457,-47.6590690612793,-47.64290237426758,0
Children hadn't boycotted these exposed libraries.,Children hadn't boycotted this exposed libraries.,morphology,determiner_noun_agreement,determiner_noun_agreement_with_adj_2,True,False,True,True,458,-78.43720245361328,-77.67364501953125,0
Most mirrors were alarming this popular organization.,Most mirrors were alarming these popular organization.,morphology,determiner_noun_agreement,determiner_noun_agreement_with_adj_2,True,False,True,True,459,-53.37213134765625,-54.84673309326172,1
The teachers watch those exposed senators.,The teachers watch that exposed senators.,morphology,determiner_noun_agreement,determiner_noun_agreement_with_adj_2,True,False,True,True,460,-51.81361389160156,-51.376914978027344,0
Russell examines that brown book.,Russell examines those brown book.,morphology,determiner_noun_agreement,determiner_noun_agreement_with_adj_2,True,False,True,True,461,-38.51605987548828,-40.98474884033203,1
A lot of governments boast about those confident guys.,A lot of governments boast about that confident guys.,morphology,determiner_noun_agreement,determiner_noun_agreement_with_adj_2,True,False,True,True,462,-63.693641662597656,-65.98089599609375,1
The drawing is aggravating this exposed adult.,The drawing is aggravating these exposed adult.,morphology,determiner_noun_agreement,determiner_noun_agreement_with_adj_2,True,False,True,True,463,-64.22438049316406,-65.08223724365234,1
Samantha will argue about these confident patients.,Samantha will argue about this confident patients.,morphology,determiner_noun_agreement,determiner_noun_agreement_with_adj_2,True,False,True,True,464,-66.50119018554688,-66.16370391845703,0
The slope won't astound that new bank.,The slope won't astound those new bank.,morphology,determiner_noun_agreement,determiner_noun_agreement_with_adj_2,True,False,True,True,465,-68.22821807861328,-71.59378051757812,1
Larry wouldn't mess up those gray banks.,Larry wouldn't mess up that gray banks.,morphology,determiner_noun_agreement,determiner_noun_agreement_with_adj_2,True,False,True,True,466,-56.87078857421875,-54.876426696777344,0
Jesus had worn these cheap coats.,Jesus had worn this cheap coats.,morphology,determiner_noun_agreement,determiner_noun_agreement_with_adj_2,True,False,True,True,467,-42.141502380371094,-40.64242935180664,0
Carol did escape from those good teenagers.,Carol did escape from that good teenagers.,morphology,determiner_noun_agreement,determiner_noun_agreement_with_adj_2,True,False,True,True,468,-58.0213623046875,-57.4256591796875,0
All ladies can go to this popular movie theater.,All ladies can go to these popular movie theater.,morphology,determiner_noun_agreement,determiner_noun_agreement_with_adj_2,True,False,True,True,469,-54.976951599121094,-57.773338317871094,1
Teenagers hire this clever cashier.,Teenagers hire these clever cashier.,morphology,determiner_noun_agreement,determiner_noun_agreement_with_adj_2,True,False,True,True,470,-60.645084381103516,-62.00016784667969,1
Joseph hadn't worked with this content pedestrian.,Joseph hadn't worked with these content pedestrian.,morphology,determiner_noun_agreement,determiner_noun_agreement_with_adj_2,True,False,True,True,471,-53.93443298339844,-55.393436431884766,1
Every pedestrian can't hurt that unconvinced girl.,Every pedestrian can't hurt those unconvinced girl.,morphology,determiner_noun_agreement,determiner_noun_agreement_with_adj_2,True,False,True,True,472,-82.72630310058594,-83.13661193847656,1
Some pants have stunned this blue hospital.,Some pants have stunned these blue hospital.,morphology,determiner_noun_agreement,determiner_noun_agreement_with_adj_2,True,False,True,True,473,-57.39311218261719,-59.751243591308594,1
A lot of organizations love those old pedestrians.,A lot of organizations love that old pedestrians.,morphology,determiner_noun_agreement,determiner_noun_agreement_with_adj_2,True,False,True,True,474,-59.57560729980469,-58.91948699951172,0
Carol shouldn't take those lost pamphlets.,Carol shouldn't take that lost pamphlets.,morphology,determiner_noun_agreement,determiner_noun_agreement_with_adj_2,True,False,True,True,475,-62.66463851928711,-61.526432037353516,0
Douglas hadn't respected those clean grocery stores.,Douglas hadn't respected that clean grocery stores.,morphology,determiner_noun_agreement,determiner_noun_agreement_with_adj_2,True,False,True,True,476,-74.61448669433594,-69.88543701171875,0
A teenager loves these delighted guests.,A teenager loves this delighted guests.,morphology,determiner_noun_agreement,determiner_noun_agreement_with_adj_2,True,False,True,True,477,-52.09107208251953,-50.36394500732422,0
Christopher wouldn't bike to these out in the open hospitals.,Christopher wouldn't bike to this out in the open hospitals.,morphology,determiner_noun_agreement,determiner_noun_agreement_with_adj_2,True,False,True,True,478,-68.18525695800781,-66.9110107421875,0
These adults should fire those lost patients.,These adults should fire that lost patients.,morphology,determiner_noun_agreement,determiner_noun_agreement_with_adj_2,True,False,True,True,479,-53.82649230957031,-52.52613067626953,0
Stephanie questions that sick adult.,Stephanie questions those sick adult.,morphology,determiner_noun_agreement,determiner_noun_agreement_with_adj_2,True,False,True,True,480,-52.99817657470703,-57.95025634765625,1
Every cart hasn't impressed these employed teenagers.,Every cart hasn't impressed this employed teenagers.,morphology,determiner_noun_agreement,determiner_noun_agreement_with_adj_2,True,False,True,True,481,-65.947265625,-65.81016540527344,0
The gates haven't bothered these exposed waiters.,The gates haven't bothered this exposed waiters.,morphology,determiner_noun_agreement,determiner_noun_agreement_with_adj_2,True,False,True,True,482,-72.35186004638672,-71.97122192382812,0
Donald cleans these new hospitals.,Donald cleans this new hospitals.,morphology,determiner_noun_agreement,determiner_noun_agreement_with_adj_2,True,False,True,True,483,-36.33404541015625,-34.21078109741211,0
Dawn wasn't concealing that new glass.,Dawn wasn't concealing those new glass.,morphology,determiner_noun_agreement,determiner_noun_agreement_with_adj_2,True,False,True,True,484,-69.20767211914062,-72.1290054321289,1
Tamara is wearing these good sweaters.,Tamara is wearing this good sweaters.,morphology,determiner_noun_agreement,determiner_noun_agreement_with_adj_2,True,False,True,True,485,-54.71125030517578,-52.32004165649414,0
A mirror bores this small senator.,A mirror bores these small senator.,morphology,determiner_noun_agreement,determiner_noun_agreement_with_adj_2,True,False,True,True,486,-58.40739440917969,-59.40017318725586,1
Todd didn't talk about these red brochures.,Todd didn't talk about this red brochures.,morphology,determiner_noun_agreement,determiner_noun_agreement_with_adj_2,True,False,True,True,487,-48.85528564453125,-47.32940673828125,0
Some mushrooms were alarming this out in the open library.,Some mushrooms were alarming these out in the open library.,morphology,determiner_noun_agreement,determiner_noun_agreement_with_adj_2,True,False,True,True,488,-70.7269515991211,-70.89685821533203,1
The man can care for those determined ladies.,The man can care for that determined ladies.,morphology,determiner_noun_agreement,determiner_noun_agreement_with_adj_2,True,False,True,True,489,-58.98252487182617,-61.545921325683594,1
Jeffrey has worked with this lost teenager.,Jeffrey has worked with these lost teenager.,morphology,determiner_noun_agreement,determiner_noun_agreement_with_adj_2,True,False,True,True,490,-54.751121520996094,-55.79801940917969,1
Every pedestrian goes to these important public parks.,Every pedestrian goes to this important public parks.,morphology,determiner_noun_agreement,determiner_noun_agreement_with_adj_2,True,False,True,True,491,-56.88377380371094,-54.72867202758789,0
The patients run around that good college campus.,The patients run around those good college campus.,morphology,determiner_noun_agreement,determiner_noun_agreement_with_adj_2,True,False,True,True,492,-59.5042724609375,-58.87506866455078,0
Samantha isn't referencing that exposed teenager.,Samantha isn't referencing those exposed teenager.,morphology,determiner_noun_agreement,determiner_noun_agreement_with_adj_2,True,False,True,True,493,-74.86198425292969,-75.77674865722656,1
Many boys drive to those new banks.,Many boys drive to that new banks.,morphology,determiner_noun_agreement,determiner_noun_agreement_with_adj_2,True,False,True,True,494,-47.70564651489258,-48.98164749145508,1
Some ladies clean these big brochures.,Some ladies clean this big brochures.,morphology,determiner_noun_agreement,determiner_noun_agreement_with_adj_2,True,False,True,True,495,-51.66615676879883,-50.30796813964844,0
Karla hasn't helped this nice girl.,Karla hasn't helped these nice girl.,morphology,determiner_noun_agreement,determiner_noun_agreement_with_adj_2,True,False,True,True,496,-49.28954315185547,-53.39529800415039,1
Guests had investigated that busy boy.,Guests had investigated those busy boy.,morphology,determiner_noun_agreement,determiner_noun_agreement_with_adj_2,True,False,True,True,497,-56.24272155761719,-56.449745178222656,1
Brian isn't appreciating these fast waiters.,Brian isn't appreciating this fast waiters.,morphology,determiner_noun_agreement,determiner_noun_agreement_with_adj_2,True,False,True,True,498,-62.422054290771484,-61.02235412597656,0
Lucille observed those young doctors.,Lucille observed that young doctors.,morphology,determiner_noun_agreement,determiner_noun_agreement_with_adj_2,True,False,True,True,499,-45.350364685058594,-40.2690544128418,0
Erin isn't criticizing this purple book.,Erin isn't criticizing these purple book.,morphology,determiner_noun_agreement,determiner_noun_agreement_with_adj_2,True,False,True,True,500,-56.09947204589844,-58.8021240234375,1
All men remembered these exposed pamphlets.,All men remembered this exposed pamphlets.,morphology,determiner_noun_agreement,determiner_noun_agreement_with_adj_2,True,False,True,True,501,-58.22795486450195,-58.141204833984375,0
The Impressionists reference these purple books.,The Impressionists reference this purple books.,morphology,determiner_noun_agreement,determiner_noun_agreement_with_adj_2,True,False,True,True,502,-70.3636474609375,-68.75209045410156,0
Many hospitals buy these gray hospitals.,Many hospitals buy this gray hospitals.,morphology,determiner_noun_agreement,determiner_noun_agreement_with_adj_2,True,False,True,True,503,-51.767372131347656,-51.797813415527344,1
Timothy admires that hard dog.,Timothy admires those hard dog.,morphology,determiner_noun_agreement,determiner_noun_agreement_with_adj_2,True,False,True,True,504,-57.437923431396484,-60.510196685791016,1
Laurie thought about these hard forks.,Laurie thought about this hard forks.,morphology,determiner_noun_agreement,determiner_noun_agreement_with_adj_2,True,False,True,True,505,-55.26120376586914,-52.878684997558594,0
Paul did break these concealed dishes.,Paul did break this concealed dishes.,morphology,determiner_noun_agreement,determiner_noun_agreement_with_adj_2,True,False,True,True,506,-50.97325897216797,-49.173789978027344,0
A lot of adults bike to these hard cafes.,A lot of adults bike to this hard cafes.,morphology,determiner_noun_agreement,determiner_noun_agreement_with_adj_2,True,False,True,True,507,-63.22311782836914,-62.05658721923828,0
Karla was passing those big movie theaters.,Karla was passing that big movie theaters.,morphology,determiner_noun_agreement,determiner_noun_agreement_with_adj_2,True,False,True,True,508,-58.124061584472656,-54.38702392578125,0
Most companies could listen to those popular girls.,Most companies could listen to that popular girls.,morphology,determiner_noun_agreement,determiner_noun_agreement_with_adj_2,True,False,True,True,509,-49.06260681152344,-50.7617073059082,1
A lot of ladies had observed that employed waiter.,A lot of ladies had observed those employed waiter.,morphology,determiner_noun_agreement,determiner_noun_agreement_with_adj_2,True,False,True,True,510,-71.15309143066406,-73.99227142333984,1
All children insult these exposed grocery stores.,All children insult this exposed grocery stores.,morphology,determiner_noun_agreement,determiner_noun_agreement_with_adj_2,True,False,True,True,511,-60.62798309326172,-60.33600616455078,0
Many teenagers buy these bad scarves.,Many teenagers buy this bad scarves.,morphology,determiner_noun_agreement,determiner_noun_agreement_with_adj_2,True,False,True,True,512,-58.076114654541016,-56.05171203613281,0
Jesus shouldn't take this lost brochure.,Jesus shouldn't take these lost brochure.,morphology,determiner_noun_agreement,determiner_noun_agreement_with_adj_2,True,False,True,True,513,-50.46652603149414,-50.913333892822266,1
Most pedestrians return to that cheap art gallery.,Most pedestrians return to those cheap art gallery.,morphology,determiner_noun_agreement,determiner_noun_agreement_with_adj_2,True,False,True,True,514,-59.35470962524414,-57.87382888793945,0
Dennis hadn't discussed those upset customers.,Dennis hadn't discussed that upset customers.,morphology,determiner_noun_agreement,determiner_noun_agreement_with_adj_2,True,False,True,True,515,-63.88200759887695,-62.78489303588867,0
Current events annoy these popular organizations.,Current events annoy this popular organizations.,morphology,determiner_noun_agreement,determiner_noun_agreement_with_adj_2,True,False,True,True,516,-47.438697814941406,-46.0077018737793,0
A lot of pies had distracted this exposed library.,A lot of pies had distracted these exposed library.,morphology,determiner_noun_agreement,determiner_noun_agreement_with_adj_2,True,False,True,True,517,-73.6530990600586,-73.32640838623047,0
Nancy hasn't revealed these out in the open dogs.,Nancy hasn't revealed this out in the open dogs.,morphology,determiner_noun_agreement,determiner_noun_agreement_with_adj_2,True,False,True,True,518,-72.66011047363281,-71.37547302246094,0
Many ladies hug this important girl.,Many ladies hug these important girl.,morphology,determiner_noun_agreement,determiner_noun_agreement_with_adj_2,True,False,True,True,519,-49.30205535888672,-51.7548942565918,1
Children research that out in the open grocery store.,Children research those out in the open grocery store.,morphology,determiner_noun_agreement,determiner_noun_agreement_with_adj_2,True,False,True,True,520,-51.625205993652344,-55.549888610839844,1
Matt hadn't revealed these popular reports.,Matt hadn't revealed this popular reports.,morphology,determiner_noun_agreement,determiner_noun_agreement_with_adj_2,True,False,True,True,521,-50.533809661865234,-47.841060638427734,0
Russell hasn't concealed these confident actresses.,Russell hasn't concealed this confident actresses.,morphology,determiner_noun_agreement,determiner_noun_agreement_with_adj_2,True,False,True,True,522,-60.193641662597656,-59.41999816894531,0
Scott would scan those rough reports.,Scott would scan that rough reports.,morphology,determiner_noun_agreement,determiner_noun_agreement_with_adj_2,True,False,True,True,523,-46.98710250854492,-46.01332092285156,0
Jacqueline hadn't hidden those hopeful doctors.,Jacqueline hadn't hidden that hopeful doctors.,morphology,determiner_noun_agreement,determiner_noun_agreement_with_adj_2,True,False,True,True,524,-75.84359741210938,-73.15945434570312,0
Kayla cures those employed girls.,Kayla cures that employed girls.,morphology,determiner_noun_agreement,determiner_noun_agreement_with_adj_2,True,False,True,True,525,-52.41967010498047,-48.470970153808594,0
Most patients disagree with this important commentary.,Most patients disagree with these important commentary.,morphology,determiner_noun_agreement,determiner_noun_agreement_with_adj_2,True,False,True,True,526,-46.34751892089844,-47.459869384765625,1
These waiters fix those blue chairs.,These waiters fix that blue chairs.,morphology,determiner_noun_agreement,determiner_noun_agreement_with_adj_2,True,False,True,True,527,-55.40576171875,-53.58982467651367,0
Every association isn't selling that gray high school.,Every association isn't selling those gray high school.,morphology,determiner_noun_agreement,determiner_noun_agreement_with_adj_2,True,False,True,True,528,-63.679569244384766,-66.4113998413086,1
Ellen wasn't attacking that smart guy.,Ellen wasn't attacking those smart guy.,morphology,determiner_noun_agreement,determiner_noun_agreement_with_adj_2,True,False,True,True,529,-55.36809539794922,-56.152854919433594,1
Walter should take that gray art gallery.,Walter should take those gray art gallery.,morphology,determiner_noun_agreement,determiner_noun_agreement_with_adj_2,True,False,True,True,530,-55.15361022949219,-55.5677375793457,1
Some slope has annoyed these clever ladies.,Some slope has annoyed this clever ladies.,morphology,determiner_noun_agreement,determiner_noun_agreement_with_adj_2,True,False,True,True,531,-61.50663757324219,-58.03178024291992,0
Natalie might pass this green mall.,Natalie might pass these green mall.,morphology,determiner_noun_agreement,determiner_noun_agreement_with_adj_2,True,False,True,True,532,-52.611549377441406,-54.38451385498047,1
Men break those gray plates.,Men break that gray plates.,morphology,determiner_noun_agreement,determiner_noun_agreement_with_adj_2,True,False,True,True,533,-38.948692321777344,-37.07451629638672,0
The museums might praise those bad plays.,The museums might praise that bad plays.,morphology,determiner_noun_agreement,determiner_noun_agreement_with_adj_2,True,False,True,True,534,-58.59539794921875,-54.92901611328125,0
Patricia can't know those troubled drivers.,Patricia can't know that troubled drivers.,morphology,determiner_noun_agreement,determiner_noun_agreement_with_adj_2,True,False,True,True,535,-58.79838562011719,-56.7021484375,0
Emily broke that exposed fork.,Emily broke those exposed fork.,morphology,determiner_noun_agreement,determiner_noun_agreement_with_adj_2,True,False,True,True,536,-38.92525863647461,-41.38188934326172,1
Jason passed that green bank.,Jason passed those green bank.,morphology,determiner_noun_agreement,determiner_noun_agreement_with_adj_2,True,False,True,True,537,-38.46186828613281,-40.18708038330078,1
Jill drove to that white art gallery.,Jill drove to those white art gallery.,morphology,determiner_noun_agreement,determiner_noun_agreement_with_adj_2,True,False,True,True,538,-53.01592254638672,-53.00898361206055,0
The blouse stuns this important library.,The blouse stuns these important library.,morphology,determiner_noun_agreement,determiner_noun_agreement_with_adj_2,True,False,True,True,539,-67.45085906982422,-69.02528381347656,1
The Borgias were examining that black newspaper article.,The Borgias were examining those black newspaper article.,morphology,determiner_noun_agreement,determiner_noun_agreement_with_adj_2,True,False,True,True,540,-74.7303466796875,-75.6943359375,1
Erin talked about those white college campuses.,Erin talked about that white college campuses.,morphology,determiner_noun_agreement,determiner_noun_agreement_with_adj_2,True,False,True,True,541,-57.257694244384766,-56.0510368347168,0
That waiter exits these big schools.,That waiter exits this big schools.,morphology,determiner_noun_agreement,determiner_noun_agreement_with_adj_2,True,False,True,True,542,-53.72189712524414,-51.86788558959961,0
These people heal this lost cat.,These people heal these lost cat.,morphology,determiner_noun_agreement,determiner_noun_agreement_with_adj_2,True,False,True,True,543,-47.60138702392578,-47.80527114868164,1
Regina had lifted these green shoes.,Regina had lifted this green shoes.,morphology,determiner_noun_agreement,determiner_noun_agreement_with_adj_2,True,False,True,True,544,-50.68912887573242,-48.95158386230469,0
These women see these concealed libraries.,These women see this concealed libraries.,morphology,determiner_noun_agreement,determiner_noun_agreement_with_adj_2,True,False,True,True,545,-47.99195861816406,-46.90666198730469,0
Katherine had arrived at these dirty libraries.,Katherine had arrived at this dirty libraries.,morphology,determiner_noun_agreement,determiner_noun_agreement_with_adj_2,True,False,True,True,546,-61.83274841308594,-58.94108200073242,0
That nose disturbed this determined boy.,That nose disturbed these determined boy.,morphology,determiner_noun_agreement,determiner_noun_agreement_with_adj_2,True,False,True,True,547,-57.26910400390625,-58.76318359375,1
Florence helped those good actresses.,Florence helped that good actresses.,morphology,determiner_noun_agreement,determiner_noun_agreement_with_adj_2,True,False,True,True,548,-56.106590270996094,-55.868797302246094,0
Those hospitals respect these smart waiters.,Those hospitals respect this smart waiters.,morphology,determiner_noun_agreement,determiner_noun_agreement_with_adj_2,True,False,True,True,549,-60.9401969909668,-60.17398452758789,0
That school upsets that bad patient.,That school upsets those bad patient.,morphology,determiner_noun_agreement,determiner_noun_agreement_with_adj_2,True,False,True,True,550,-54.21648025512695,-59.3797607421875,1
These actors drop by these bad public parks.,These actors drop by this bad public parks.,morphology,determiner_noun_agreement,determiner_noun_agreement_with_adj_2,True,False,True,True,551,-63.66778564453125,-61.090667724609375,0
Guys can kiss this clever boy.,Guys can kiss these clever boy.,morphology,determiner_noun_agreement,determiner_noun_agreement_with_adj_2,True,False,True,True,552,-51.91173553466797,-54.57001495361328,1
Carol won't clean that smooth rug.,Carol won't clean those smooth rug.,morphology,determiner_noun_agreement,determiner_noun_agreement_with_adj_2,True,False,True,True,553,-58.65865707397461,-59.961082458496094,1
A waitress explored those small cafes.,A waitress explored that small cafes.,morphology,determiner_noun_agreement,determiner_noun_agreement_with_adj_2,True,False,True,True,554,-53.179378509521484,-51.442325592041016,0
Monet dislikes those determined teenagers.,Monet dislikes that determined teenagers.,morphology,determiner_noun_agreement,determiner_noun_agreement_with_adj_2,True,False,True,True,555,-61.116363525390625,-57.13111114501953,0
Russell has hired those determined guys.,Russell has hired that determined guys.,morphology,determiner_noun_agreement,determiner_noun_agreement_with_adj_2,True,False,True,True,556,-46.34846115112305,-45.396060943603516,0
Many snakes weren't bothering these bad universities.,Many snakes weren't bothering this bad universities.,morphology,determiner_noun_agreement,determiner_noun_agreement_with_adj_2,True,False,True,True,557,-65.84420013427734,-63.511016845703125,0
Thomas isn't hugging those scared teenagers.,Thomas isn't hugging that scared teenagers.,morphology,determiner_noun_agreement,determiner_noun_agreement_with_adj_2,True,False,True,True,558,-59.820457458496094,-57.772186279296875,0
Dana discovered these concealed pictures.,Dana discovered this concealed pictures.,morphology,determiner_noun_agreement,determiner_noun_agreement_with_adj_2,True,False,True,True,559,-47.95724105834961,-44.46985626220703,0
Sarah drops by this red art gallery.,Sarah drops by these red art gallery.,morphology,determiner_noun_agreement,determiner_noun_agreement_with_adj_2,True,False,True,True,560,-47.111656188964844,-50.762115478515625,1
Matt won't hurt this serious lady.,Matt won't hurt these serious lady.,morphology,determiner_noun_agreement,determiner_noun_agreement_with_adj_2,True,False,True,True,561,-44.357765197753906,-45.166015625,1
All patients approach this standing waiter.,All patients approach these standing waiter.,morphology,determiner_noun_agreement,determiner_noun_agreement_with_adj_2,True,False,True,True,562,-50.24076461791992,-52.279422760009766,1
The women reveal these bad dresses.,The women reveal this bad dresses.,morphology,determiner_noun_agreement,determiner_noun_agreement_with_adj_2,True,False,True,True,563,-50.08600997924805,-47.381080627441406,0
Carrie remembered those ill drivers.,Carrie remembered that ill drivers.,morphology,determiner_noun_agreement,determiner_noun_agreement_with_adj_2,True,False,True,True,564,-51.36471939086914,-48.56132507324219,0
Vincent broke those lost cups.,Vincent broke that lost cups.,morphology,determiner_noun_agreement,determiner_noun_agreement_with_adj_2,True,False,True,True,565,-53.17976760864258,-50.58081817626953,0
Maria hasn't insulted this important commentary.,Maria hasn't insulted these important commentary.,morphology,determiner_noun_agreement,determiner_noun_agreement_with_adj_2,True,False,True,True,566,-52.957794189453125,-55.26592254638672,1
Victoria drove to those blue grocery stores.,Victoria drove to that blue grocery stores.,morphology,determiner_noun_agreement,determiner_noun_agreement_with_adj_2,True,False,True,True,567,-48.59309387207031,-48.40242004394531,0
Denise fled from those small drivers.,Denise fled from that small drivers.,morphology,determiner_noun_agreement,determiner_noun_agreement_with_adj_2,True,False,True,True,568,-51.528892517089844,-50.300106048583984,0
These muffins haven't bored those standing guys.,These muffins haven't bored that standing guys.,morphology,determiner_noun_agreement,determiner_noun_agreement_with_adj_2,True,False,True,True,569,-70.89569091796875,-69.23249053955078,0
Many girls hadn't talked to that troubled patient.,Many girls hadn't talked to those troubled patient.,morphology,determiner_noun_agreement,determiner_noun_agreement_with_adj_2,True,False,True,True,570,-61.546424865722656,-61.30344772338867,0
A lot of bicycles didn't annoy this bad museum.,A lot of bicycles didn't annoy these bad museum.,morphology,determiner_noun_agreement,determiner_noun_agreement_with_adj_2,True,False,True,True,571,-71.75007629394531,-74.92472076416016,1
Amy had left these hard public parks.,Amy had left this hard public parks.,morphology,determiner_noun_agreement,determiner_noun_agreement_with_adj_2,True,False,True,True,572,-50.77098846435547,-48.05894088745117,0
Theodore helped this bad patient.,Theodore helped these bad patient.,morphology,determiner_noun_agreement,determiner_noun_agreement_with_adj_2,True,False,True,True,573,-53.29936981201172,-56.02246856689453,1
Donna doesn't boast about those lost reports.,Donna doesn't boast about that lost reports.,morphology,determiner_noun_agreement,determiner_noun_agreement_with_adj_2,True,False,True,True,574,-61.53446960449219,-61.075172424316406,0
Those teenagers break those cheap couches.,Those teenagers break that cheap couches.,morphology,determiner_noun_agreement,determiner_noun_agreement_with_adj_2,True,False,True,True,575,-55.16004180908203,-54.35371780395508,0
Alicia likes those orange coats.,Alicia likes that orange coats.,morphology,determiner_noun_agreement,determiner_noun_agreement_with_adj_2,True,False,True,True,576,-57.6385383605957,-53.286163330078125,0
Ruth shouldn't embarrass those out in the open cashiers.,Ruth shouldn't embarrass that out in the open cashiers.,morphology,determiner_noun_agreement,determiner_noun_agreement_with_adj_2,True,False,True,True,577,-84.07682800292969,-82.67977905273438,0
Many people kiss these displeased patients.,Many people kiss this displeased patients.,morphology,determiner_noun_agreement,determiner_noun_agreement_with_adj_2,True,False,True,True,578,-59.199588775634766,-59.559417724609375,1
Sally boasted about these ill cashiers.,Sally boasted about this ill cashiers.,morphology,determiner_noun_agreement,determiner_noun_agreement_with_adj_2,True,False,True,True,579,-66.89454650878906,-66.49136352539062,0
Many boys explore those cheap schools.,Many boys explore that cheap schools.,morphology,determiner_noun_agreement,determiner_noun_agreement_with_adj_2,True,False,True,True,580,-48.27716827392578,-50.12287521362305,1
Joel is cleaning those messy schools.,Joel is cleaning that messy schools.,morphology,determiner_noun_agreement,determiner_noun_agreement_with_adj_2,True,False,True,True,581,-56.03522491455078,-54.046165466308594,0
A lot of guests hadn't gone to these green grocery stores.,A lot of guests hadn't gone to this green grocery stores.,morphology,determiner_noun_agreement,determiner_noun_agreement_with_adj_2,True,False,True,True,582,-75.68927001953125,-73.884521484375,0
Jason exits that purple college campus.,Jason exits those purple college campus.,morphology,determiner_noun_agreement,determiner_noun_agreement_with_adj_2,True,False,True,True,583,-49.047142028808594,-53.29600524902344,1
Nina visits this rough bank.,Nina visits these rough bank.,morphology,determiner_noun_agreement,determiner_noun_agreement_with_adj_2,True,False,True,True,584,-48.27751159667969,-51.05058670043945,1
That organization was buying that hard glove.,That organization was buying those hard glove.,morphology,determiner_noun_agreement,determiner_noun_agreement_with_adj_2,True,False,True,True,585,-56.42877960205078,-57.51780319213867,1
Lawrence isn't approaching those serious boys.,Lawrence isn't approaching that serious boys.,morphology,determiner_noun_agreement,determiner_noun_agreement_with_adj_2,True,False,True,True,586,-59.18365478515625,-59.590553283691406,1
These patients will research this important drawing.,These patients will research these important drawing.,morphology,determiner_noun_agreement,determiner_noun_agreement_with_adj_2,True,False,True,True,587,-52.07373046875,-54.55364227294922,1
Mitchell might resemble these orange pictures.,Mitchell might resemble this orange pictures.,morphology,determiner_noun_agreement,determiner_noun_agreement_with_adj_2,True,False,True,True,588,-57.778533935546875,-55.70518493652344,0
The Great Lakes scare those young senators.,The Great Lakes scare that young senators.,morphology,determiner_noun_agreement,determiner_noun_agreement_with_adj_2,True,False,True,True,589,-59.051029205322266,-56.73160171508789,0
Kristen has those blue plates.,Kristen has that blue plates.,morphology,determiner_noun_agreement,determiner_noun_agreement_with_adj_2,True,False,True,True,590,-41.317649841308594,-40.391136169433594,0
Matt remembered that upset guest.,Matt remembered those upset guest.,morphology,determiner_noun_agreement,determiner_noun_agreement_with_adj_2,True,False,True,True,591,-38.994163513183594,-40.7957649230957,1
Bill noticed these concealed jackets.,Bill noticed this concealed jackets.,morphology,determiner_noun_agreement,determiner_noun_agreement_with_adj_2,True,False,True,True,592,-44.59134292602539,-41.914520263671875,0
Cynthia hasn't found this good drawing.,Cynthia hasn't found these good drawing.,morphology,determiner_noun_agreement,determiner_noun_agreement_with_adj_2,True,False,True,True,593,-58.33391189575195,-61.993927001953125,1
Claire could bike to this exposed high school.,Claire could bike to these exposed high school.,morphology,determiner_noun_agreement,determiner_noun_agreement_with_adj_2,True,False,True,True,594,-63.134613037109375,-63.45905303955078,1
These teenagers weren't revealing this black public park.,These teenagers weren't revealing these black public park.,morphology,determiner_noun_agreement,determiner_noun_agreement_with_adj_2,True,False,True,True,595,-69.13511657714844,-71.96286010742188,1
Most senators concealed those young guys.,Most senators concealed that young guys.,morphology,determiner_noun_agreement,determiner_noun_agreement_with_adj_2,True,False,True,True,596,-50.016029357910156,-47.19178009033203,0
Those teenagers kissed that unconvinced cashier.,Those teenagers kissed those unconvinced cashier.,morphology,determiner_noun_agreement,determiner_noun_agreement_with_adj_2,True,False,True,True,597,-84.89615631103516,-85.04792785644531,1
Daniel should talk to this delighted boy.,Daniel should talk to these delighted boy.,morphology,determiner_noun_agreement,determiner_noun_agreement_with_adj_2,True,False,True,True,598,-50.3511962890625,-51.10688018798828,1
The people cleaned that gray movie theater.,The people cleaned those gray movie theater.,morphology,determiner_noun_agreement,determiner_noun_agreement_with_adj_2,True,False,True,True,599,-56.87713623046875,-58.175594329833984,1
The adults approach those lost teenagers.,The adults approach that lost teenagers.,morphology,determiner_noun_agreement,determiner_noun_agreement_with_adj_2,True,False,True,True,600,-51.31755828857422,-47.356353759765625,0
Christine is dropping by these cheap grocery stores.,Christine is dropping by this cheap grocery stores.,morphology,determiner_noun_agreement,determiner_noun_agreement_with_adj_2,True,False,True,True,601,-56.241905212402344,-55.074676513671875,0
A student approaches that delighted lady.,A student approaches those delighted lady.,morphology,determiner_noun_agreement,determiner_noun_agreement_with_adj_2,True,False,True,True,602,-51.08232116699219,-55.05207824707031,1
The Clintons see those good guests.,The Clintons see that good guests.,morphology,determiner_noun_agreement,determiner_noun_agreement_with_adj_2,True,False,True,True,603,-49.59734344482422,-48.65138626098633,0
Most drawings look like those smart patients.,Most drawings look like that smart patients.,morphology,determiner_noun_agreement,determiner_noun_agreement_with_adj_2,True,False,True,True,604,-49.88822555541992,-50.151912689208984,1
Martin wasn't confusing that important committee.,Martin wasn't confusing those important committee.,morphology,determiner_noun_agreement,determiner_noun_agreement_with_adj_2,True,False,True,True,605,-51.30451202392578,-53.676475524902344,1
All trucks look like this big picture.,All trucks look like these big picture.,morphology,determiner_noun_agreement,determiner_noun_agreement_with_adj_2,True,False,True,True,606,-42.22612762451172,-44.811546325683594,1
All governments hire those exposed actors.,All governments hire that exposed actors.,morphology,determiner_noun_agreement,determiner_noun_agreement_with_adj_2,True,False,True,True,607,-49.39111328125,-52.29706573486328,1
This hospital will reference those out in the open doctors.,This hospital will reference that out in the open doctors.,morphology,determiner_noun_agreement,determiner_noun_agreement_with_adj_2,True,False,True,True,608,-68.29923248291016,-65.24111938476562,0
That rug stuns this good committee.,That rug stuns these good committee.,morphology,determiner_noun_agreement,determiner_noun_agreement_with_adj_2,True,False,True,True,609,-59.001190185546875,-59.216644287109375,1
Pamela could return to these orange grocery stores.,Pamela could return to this orange grocery stores.,morphology,determiner_noun_agreement,determiner_noun_agreement_with_adj_2,True,False,True,True,610,-68.29932403564453,-65.95967864990234,0
Tanya talked to those uncertain waiters.,Tanya talked to that uncertain waiters.,morphology,determiner_noun_agreement,determiner_noun_agreement_with_adj_2,True,False,True,True,611,-60.05963897705078,-61.287841796875,1
Most drawings look like this green print.,Most drawings look like these green print.,morphology,determiner_noun_agreement,determiner_noun_agreement_with_adj_2,True,False,True,True,612,-45.57035827636719,-47.622745513916016,1
Some waitresses admire this concealed newspaper article.,Some waitresses admire these concealed newspaper article.,morphology,determiner_noun_agreement,determiner_noun_agreement_with_adj_2,True,False,True,True,613,-74.09810638427734,-74.94805145263672,1
A lot of guys go to those concealed hospitals.,A lot of guys go to that concealed hospitals.,morphology,determiner_noun_agreement,determiner_noun_agreement_with_adj_2,True,False,True,True,614,-62.51261520385742,-63.14338684082031,1
This adult hadn't sold that soft jacket.,This adult hadn't sold those soft jacket.,morphology,determiner_noun_agreement,determiner_noun_agreement_with_adj_2,True,False,True,True,615,-59.18186569213867,-61.83845901489258,1
Some shoe confuses this yellow bank.,Some shoe confuses these yellow bank.,morphology,determiner_noun_agreement,determiner_noun_agreement_with_adj_2,True,False,True,True,616,-58.70014953613281,-60.75191116333008,1
These women drop by this orange school.,These women drop by these orange school.,morphology,determiner_noun_agreement,determiner_noun_agreement_with_adj_2,True,False,True,True,617,-50.93267059326172,-51.89947509765625,1
These patients approach these smart girls.,These patients approach this smart girls.,morphology,determiner_noun_agreement,determiner_noun_agreement_with_adj_2,True,False,True,True,618,-47.258174896240234,-45.749114990234375,0
That sketch hadn't looked like those out in the open malls.,That sketch hadn't looked like that out in the open malls.,morphology,determiner_noun_agreement,determiner_noun_agreement_with_adj_2,True,False,True,True,619,-77.17564392089844,-75.29730224609375,0
Alicia hadn't shocked these unemployed cashiers.,Alicia hadn't shocked this unemployed cashiers.,morphology,determiner_noun_agreement,determiner_noun_agreement_with_adj_2,True,False,True,True,620,-85.97181701660156,-85.66322326660156,0
The Impressionists drop by this gray mall.,The Impressionists drop by these gray mall.,morphology,determiner_noun_agreement,determiner_noun_agreement_with_adj_2,True,False,True,True,621,-69.21929168701172,-70.19212341308594,1
Aaron loved that brown newspaper article.,Aaron loved those brown newspaper article.,morphology,determiner_noun_agreement,determiner_noun_agreement_with_adj_2,True,False,True,True,622,-47.512752532958984,-49.823265075683594,1
Jane examined this bad play.,Jane examined these bad play.,morphology,determiner_noun_agreement,determiner_noun_agreement_with_adj_2,True,False,True,True,623,-39.253623962402344,-42.4403076171875,1
All guys could bore this unemployed dancer.,All guys could bore these unemployed dancer.,morphology,determiner_noun_agreement,determiner_noun_agreement_with_adj_2,True,False,True,True,624,-62.749183654785156,-62.759483337402344,1
Gerald had attacked that employed driver.,Gerald had attacked those employed driver.,morphology,determiner_noun_agreement,determiner_noun_agreement_with_adj_2,True,False,True,True,625,-56.71125030517578,-57.679039001464844,1
The library should like this troubled cashier.,The library should like these troubled cashier.,morphology,determiner_noun_agreement,determiner_noun_agreement_with_adj_2,True,False,True,True,626,-60.71247482299805,-63.27601623535156,1
A lot of trucks bore those confident children.,A lot of trucks bore that confident children.,morphology,determiner_noun_agreement,determiner_noun_agreement_with_adj_2,True,False,True,True,627,-64.18748474121094,-64.25247955322266,1
Those photographs hurt those hopeful patients.,Those photographs hurt that hopeful patients.,morphology,determiner_noun_agreement,determiner_noun_agreement_with_adj_2,True,False,True,True,628,-52.628116607666016,-52.27935028076172,0
Janet appreciated that scared dancer.,Janet appreciated those scared dancer.,morphology,determiner_noun_agreement,determiner_noun_agreement_with_adj_2,True,False,True,True,629,-52.86394500732422,-53.74480438232422,1
Some teenager forgets those ill doctors.,Some teenager forgets that ill doctors.,morphology,determiner_noun_agreement,determiner_noun_agreement_with_adj_2,True,False,True,True,630,-60.68196105957031,-57.49284744262695,0
That patient escapes from those hidden cashiers.,That patient escapes from that hidden cashiers.,morphology,determiner_noun_agreement,determiner_noun_agreement_with_adj_2,True,False,True,True,631,-63.21733856201172,-64.00527954101562,1
A person isn't touring this green restaurant.,A person isn't touring these green restaurant.,morphology,determiner_noun_agreement,determiner_noun_agreement_with_adj_2,True,False,True,True,632,-56.075809478759766,-58.79334259033203,1
Liam doesn't remember that fast pedestrian.,Liam doesn't remember those fast pedestrian.,morphology,determiner_noun_agreement,determiner_noun_agreement_with_adj_2,True,False,True,True,633,-53.68091583251953,-58.65642547607422,1
Every adult broke that purple plate.,Every adult broke those purple plate.,morphology,determiner_noun_agreement,determiner_noun_agreement_with_adj_2,True,False,True,True,634,-48.21141052246094,-52.37010955810547,1
Ann thought about those good committees.,Ann thought about that good committees.,morphology,determiner_noun_agreement,determiner_noun_agreement_with_adj_2,True,False,True,True,635,-42.96993637084961,-42.16859436035156,0
Ruth will dislike these fast dancers.,Ruth will dislike this fast dancers.,morphology,determiner_noun_agreement,determiner_noun_agreement_with_adj_2,True,False,True,True,636,-56.79371643066406,-54.510921478271484,0
Samantha impressed this troubled customer.,Samantha impressed these troubled customer.,morphology,determiner_noun_agreement,determiner_noun_agreement_with_adj_2,True,False,True,True,637,-61.46478271484375,-62.300655364990234,1
Most doors annoyed that content customer.,Most doors annoyed those content customer.,morphology,determiner_noun_agreement,determiner_noun_agreement_with_adj_2,True,False,True,True,638,-53.012245178222656,-54.90172576904297,1
A lot of cashiers have messed up that rough bank.,A lot of cashiers have messed up those rough bank.,morphology,determiner_noun_agreement,determiner_noun_agreement_with_adj_2,True,False,True,True,639,-79.1930160522461,-79.65393829345703,1
Lisa alarmed those popular organizations.,Lisa alarmed that popular organizations.,morphology,determiner_noun_agreement,determiner_noun_agreement_with_adj_2,True,False,True,True,640,-39.574302673339844,-34.39379119873047,0
This student boasts about those important documentaries.,This student boasts about that important documentaries.,morphology,determiner_noun_agreement,determiner_noun_agreement_with_adj_2,True,False,True,True,641,-52.82474899291992,-52.804786682128906,0
Sarah wasn't passing those messy museums.,Sarah wasn't passing that messy museums.,morphology,determiner_noun_agreement,determiner_noun_agreement_with_adj_2,True,False,True,True,642,-58.38676452636719,-56.72758483886719,0
Sharon helps that young guy.,Sharon helps those young guy.,morphology,determiner_noun_agreement,determiner_noun_agreement_with_adj_2,True,False,True,True,643,-45.159793853759766,-46.00316619873047,1
Those teachers sound like these out in the open malls.,Those teachers sound like this out in the open malls.,morphology,determiner_noun_agreement,determiner_noun_agreement_with_adj_2,True,False,True,True,644,-64.95823669433594,-63.87488555908203,0
Amanda would admire these new dresses.,Amanda would admire this new dresses.,morphology,determiner_noun_agreement,determiner_noun_agreement_with_adj_2,True,False,True,True,645,-53.503299713134766,-50.7401237487793,0
Every waitress hadn't gone to that rough school.,Every waitress hadn't gone to those rough school.,morphology,determiner_noun_agreement,determiner_noun_agreement_with_adj_2,True,False,True,True,646,-64.73326110839844,-64.93681335449219,1
Many patients hire these concealed patients.,Many patients hire this concealed patients.,morphology,determiner_noun_agreement,determiner_noun_agreement_with_adj_2,True,False,True,True,647,-48.447139739990234,-48.635337829589844,1
Todd fired these ill senators.,Todd fired this ill senators.,morphology,determiner_noun_agreement,determiner_noun_agreement_with_adj_2,True,False,True,True,648,-44.5089111328125,-43.3306884765625,0
Many guests fix those whole cups.,Many guests fix that whole cups.,morphology,determiner_noun_agreement,determiner_noun_agreement_with_adj_2,True,False,True,True,649,-50.49789810180664,-48.07424545288086,0
Many senators run around those concealed movie theaters.,Many senators run around that concealed movie theaters.,morphology,determiner_noun_agreement,determiner_noun_agreement_with_adj_2,True,False,True,True,650,-68.95787811279297,-68.62196350097656,0
Alexander appreciates this exposed pamphlet.,Alexander appreciates these exposed pamphlet.,morphology,determiner_noun_agreement,determiner_noun_agreement_with_adj_2,True,False,True,True,651,-49.707176208496094,-50.11180877685547,1
Tamara wasn't visiting that popular art gallery.,Tamara wasn't visiting those popular art gallery.,morphology,determiner_noun_agreement,determiner_noun_agreement_with_adj_2,True,False,True,True,652,-62.380584716796875,-63.9412956237793,1
A guest will fix those out in the open plates.,A guest will fix that out in the open plates.,morphology,determiner_noun_agreement,determiner_noun_agreement_with_adj_2,True,False,True,True,653,-61.39845275878906,-60.51518249511719,0
Some guys explore those popular museums.,Some guys explore that popular museums.,morphology,determiner_noun_agreement,determiner_noun_agreement_with_adj_2,True,False,True,True,654,-48.01461410522461,-48.68998718261719,1
Some sweater stuns this out in the open teenager.,Some sweater stuns these out in the open teenager.,morphology,determiner_noun_agreement,determiner_noun_agreement_with_adj_2,True,False,True,True,655,-78.52505493164062,-78.77559661865234,1
A lot of adults describe these popular guests.,A lot of adults describe this popular guests.,morphology,determiner_noun_agreement,determiner_noun_agreement_with_adj_2,True,False,True,True,656,-55.5035400390625,-53.358055114746094,0
Governments can boast about those uncertain teachers.,Governments can boast about that uncertain teachers.,morphology,determiner_noun_agreement,determiner_noun_agreement_with_adj_2,True,False,True,True,657,-52.0003776550293,-52.93456268310547,1
Naomi has revealed those yellow hospitals.,Naomi has revealed that yellow hospitals.,morphology,determiner_noun_agreement,determiner_noun_agreement_with_adj_2,True,False,True,True,658,-56.52299118041992,-52.1261100769043,0
Jesus didn't exit these white schools.,Jesus didn't exit this white schools.,morphology,determiner_noun_agreement,determiner_noun_agreement_with_adj_2,True,False,True,True,659,-48.67412567138672,-45.55859375,0
Valerie hadn't arrived at these old museums.,Valerie hadn't arrived at this old museums.,morphology,determiner_noun_agreement,determiner_noun_agreement_with_adj_2,True,False,True,True,660,-66.18319702148438,-62.55005645751953,0
Holly wouldn't help those smart waiters.,Holly wouldn't help that smart waiters.,morphology,determiner_noun_agreement,determiner_noun_agreement_with_adj_2,True,False,True,True,661,-62.597782135009766,-63.67163848876953,1
All men escape from these uncertain actors.,All men escape from this uncertain actors.,morphology,determiner_noun_agreement,determiner_noun_agreement_with_adj_2,True,False,True,True,662,-54.262908935546875,-53.28119659423828,0
Some college campus hasn't scared these unemployed boys.,Some college campus hasn't scared this unemployed boys.,morphology,determiner_noun_agreement,determiner_noun_agreement_with_adj_2,True,False,True,True,663,-75.36326599121094,-75.108642578125,0
The guy fires those lucky pedestrians.,The guy fires that lucky pedestrians.,morphology,determiner_noun_agreement,determiner_noun_agreement_with_adj_2,True,False,True,True,664,-57.83235168457031,-53.23139572143555,0
Wayne is concealing that lost blouse.,Wayne is concealing those lost blouse.,morphology,determiner_noun_agreement,determiner_noun_agreement_with_adj_2,True,False,True,True,665,-67.21746063232422,-71.62540435791016,1
Students listen to that happy patient.,Students listen to those happy patient.,morphology,determiner_noun_agreement,determiner_noun_agreement_with_adj_2,True,False,True,True,666,-42.07194900512695,-39.72105407714844,0
Eva will cure these bad dogs.,Eva will cure this bad dogs.,morphology,determiner_noun_agreement,determiner_noun_agreement_with_adj_2,True,False,True,True,667,-44.92560577392578,-41.80766296386719,0
Alicia didn't take those red eyes.,Alicia didn't take that red eyes.,morphology,determiner_noun_agreement,determiner_noun_agreement_with_adj_2,True,False,True,True,668,-59.133384704589844,-58.63360595703125,0
This vase had disgusted these standing customers.,This vase had disgusted this standing customers.,morphology,determiner_noun_agreement,determiner_noun_agreement_with_adj_2,True,False,True,True,669,-68.61729431152344,-66.13902282714844,0
Allison boycotts these good legislatures.,Allison boycotts this good legislatures.,morphology,determiner_noun_agreement,determiner_noun_agreement_with_adj_2,True,False,True,True,670,-65.48075866699219,-64.37873840332031,0
Jennifer can return to these important children.,Jennifer can return to this important children.,morphology,determiner_noun_agreement,determiner_noun_agreement_with_adj_2,True,False,True,True,671,-39.989906311035156,-38.47325134277344,0
Some bananas embarrass these important banks.,Some bananas embarrass this important banks.,morphology,determiner_noun_agreement,determiner_noun_agreement_with_adj_2,True,False,True,True,672,-51.88841247558594,-50.671573638916016,0
The waitress has that important hamster.,The waitress has those important hamster.,morphology,determiner_noun_agreement,determiner_noun_agreement_with_adj_2,True,False,True,True,673,-51.150306701660156,-51.59822463989258,1
Derek healed this hopeful student.,Derek healed these hopeful student.,morphology,determiner_noun_agreement,determiner_noun_agreement_with_adj_2,True,False,True,True,674,-53.39556884765625,-55.29582595825195,1
Sheila hires these troubled customers.,Sheila hires this troubled customers.,morphology,determiner_noun_agreement,determiner_noun_agreement_with_adj_2,True,False,True,True,675,-51.2824821472168,-49.41967010498047,0
Douglas escapes from those upset teenagers.,Douglas escapes from that upset teenagers.,morphology,determiner_noun_agreement,determiner_noun_agreement_with_adj_2,True,False,True,True,676,-55.12733459472656,-55.07207489013672,0
Donna returned to these small guests.,Donna returned to this small guests.,morphology,determiner_noun_agreement,determiner_noun_agreement_with_adj_2,True,False,True,True,677,-45.55084991455078,-42.929931640625,0
Brian is investigating those bad adults.,Brian is investigating that bad adults.,morphology,determiner_noun_agreement,determiner_noun_agreement_with_adj_2,True,False,True,True,678,-40.691017150878906,-38.24421691894531,0
Ellen could go to those popular schools.,Ellen could go to that popular schools.,morphology,determiner_noun_agreement,determiner_noun_agreement_with_adj_2,True,False,True,True,679,-44.72602081298828,-45.582393646240234,1
Men investigate those good museums.,Men investigate that good museums.,morphology,determiner_noun_agreement,determiner_noun_agreement_with_adj_2,True,False,True,True,680,-41.173404693603516,-40.2957763671875,0
Jacqueline talks to this lost waiter.,Jacqueline talks to these lost waiter.,morphology,determiner_noun_agreement,determiner_noun_agreement_with_adj_2,True,False,True,True,681,-61.17288589477539,-62.58815383911133,1
Samantha stunned this bad hospital.,Samantha stunned these bad hospital.,morphology,determiner_noun_agreement,determiner_noun_agreement_with_adj_2,True,False,True,True,682,-61.17060470581055,-63.84390640258789,1
Travel hasn't astounded these uncertain ladies.,Travel hasn't astounded this uncertain ladies.,morphology,determiner_noun_agreement,determiner_noun_agreement_with_adj_2,True,False,True,True,683,-68.1148681640625,-66.35746765136719,0
Kristin should conceal these sick teachers.,Kristin should conceal this sick teachers.,morphology,determiner_noun_agreement,determiner_noun_agreement_with_adj_2,True,False,True,True,684,-54.81761169433594,-53.66999053955078,0
Sally sounded like these dirty museums.,Sally sounded like this dirty museums.,morphology,determiner_noun_agreement,determiner_noun_agreement_with_adj_2,True,False,True,True,685,-55.16209030151367,-53.08831024169922,0
Rodney hasn't arrived at this good school.,Rodney hasn't arrived at these good school.,morphology,determiner_noun_agreement,determiner_noun_agreement_with_adj_2,True,False,True,True,686,-53.868743896484375,-56.71905517578125,1
George could examine those important newspaper articles.,George could examine that important newspaper articles.,morphology,determiner_noun_agreement,determiner_noun_agreement_with_adj_2,True,False,True,True,687,-50.478336334228516,-50.76342010498047,1
Many dancers disagree with these displeased dancers.,Many dancers disagree with this displeased dancers.,morphology,determiner_noun_agreement,determiner_noun_agreement_with_adj_2,True,False,True,True,688,-64.68392181396484,-63.96232223510742,0
Elaine has upset those scared students.,Elaine has upset that scared students.,morphology,determiner_noun_agreement,determiner_noun_agreement_with_adj_2,True,False,True,True,689,-55.881778717041016,-54.2144889831543,0
Elizabeth had discussed these good college campuses.,Elizabeth had discussed this good college campuses.,morphology,determiner_noun_agreement,determiner_noun_agreement_with_adj_2,True,False,True,True,690,-53.17508316040039,-49.89139938354492,0
The icicles alarm that good company.,The icicles alarm those good company.,morphology,determiner_noun_agreement,determiner_noun_agreement_with_adj_2,True,False,True,True,691,-56.077693939208984,-58.966102600097656,1
Most legislatures loved this unemployed teenager.,Most legislatures loved these unemployed teenager.,morphology,determiner_noun_agreement,determiner_noun_agreement_with_adj_2,True,False,True,True,692,-55.56720733642578,-56.08244705200195,1
Politics was shocking these scared teachers.,Politics was shocking this scared teachers.,morphology,determiner_noun_agreement,determiner_noun_agreement_with_adj_2,True,False,True,True,693,-50.565948486328125,-49.76051330566406,0
Todd should lift those out in the open shoes.,Todd should lift that out in the open shoes.,morphology,determiner_noun_agreement,determiner_noun_agreement_with_adj_2,True,False,True,True,694,-55.164398193359375,-53.472713470458984,0
Kevin has biked to that cheap bank.,Kevin has biked to those cheap bank.,morphology,determiner_noun_agreement,determiner_noun_agreement_with_adj_2,True,False,True,True,695,-60.07645034790039,-58.70248031616211,0
Nicole was scaring those employed drivers.,Nicole was scaring that employed drivers.,morphology,determiner_noun_agreement,determiner_noun_agreement_with_adj_2,True,False,True,True,696,-62.44605255126953,-60.60382080078125,0
Some mouth does stun that unlucky waiter.,Some mouth does stun those unlucky waiter.,morphology,determiner_noun_agreement,determiner_noun_agreement_with_adj_2,True,False,True,True,697,-66.77877807617188,-67.44371032714844,1
Samuel drops by this hidden school.,Samuel drops by these hidden school.,morphology,determiner_noun_agreement,determiner_noun_agreement_with_adj_2,True,False,True,True,698,-53.813655853271484,-54.74520492553711,1
Nancy has argued about this serious patient.,Nancy has argued about these serious patient.,morphology,determiner_noun_agreement,determiner_noun_agreement_with_adj_2,True,False,True,True,699,-52.734439849853516,-53.511295318603516,1
Chad boycotted these blue schools.,Chad boycotted this blue schools.,morphology,determiner_noun_agreement,determiner_noun_agreement_with_adj_2,True,False,True,True,700,-63.326011657714844,-61.46639633178711,0
A lot of teachers weren't helping these troubled waiters.,A lot of teachers weren't helping this troubled waiters.,morphology,determiner_noun_agreement,determiner_noun_agreement_with_adj_2,True,False,True,True,701,-80.93045043945312,-80.54240417480469,0
The public parks haven't bothered these popular governments.,The public parks haven't bothered this popular governments.,morphology,determiner_noun_agreement,determiner_noun_agreement_with_adj_2,True,False,True,True,702,-68.93771362304688,-67.42362213134766,0
These dancers aren't embarrassing that sick senator.,These dancers aren't embarrassing those sick senator.,morphology,determiner_noun_agreement,determiner_noun_agreement_with_adj_2,True,False,True,True,703,-64.89047241210938,-67.86528778076172,1
Those people think about those black hats.,Those people think about that black hats.,morphology,determiner_noun_agreement,determiner_noun_agreement_with_adj_2,True,False,True,True,704,-41.129920959472656,-41.86104965209961,1
Science had disturbed these standing guys.,Science had disturbed this standing guys.,morphology,determiner_noun_agreement,determiner_noun_agreement_with_adj_2,True,False,True,True,705,-47.70555877685547,-43.964935302734375,0
Elizabeth hadn't arrived at this popular cafe.,Elizabeth hadn't arrived at these popular cafe.,morphology,determiner_noun_agreement,determiner_noun_agreement_with_adj_2,True,False,True,True,706,-55.0921630859375,-59.251808166503906,1
Liam boycotted these important universities.,Liam boycotted this important universities.,morphology,determiner_noun_agreement,determiner_noun_agreement_with_adj_2,True,False,True,True,707,-69.20855712890625,-67.45703125,0
Russell wasn't criticizing this young doctor.,Russell wasn't criticizing these young doctor.,morphology,determiner_noun_agreement,determiner_noun_agreement_with_adj_2,True,False,True,True,708,-51.306373596191406,-53.254722595214844,1
Those teachers heal that sick hamster.,Those teachers heal those sick hamster.,morphology,determiner_noun_agreement,determiner_noun_agreement_with_adj_2,True,False,True,True,709,-54.44959259033203,-53.489349365234375,0
Most waitresses revealed this yellow coat.,Most waitresses revealed these yellow coat.,morphology,determiner_noun_agreement,determiner_noun_agreement_with_adj_2,True,False,True,True,710,-58.89693069458008,-60.90633773803711,1
Omar can't attack these unconvinced teachers.,Omar can't attack this unconvinced teachers.,morphology,determiner_noun_agreement,determiner_noun_agreement_with_adj_2,True,False,True,True,711,-84.7703628540039,-83.32295227050781,0
Every guest fixes that purple glass.,Every guest fixes those purple glass.,morphology,determiner_noun_agreement,determiner_noun_agreement_with_adj_2,True,False,True,True,712,-46.8162841796875,-51.8415412902832,1
Richard should pass these dirty grocery stores.,Richard should pass this dirty grocery stores.,morphology,determiner_noun_agreement,determiner_noun_agreement_with_adj_2,True,False,True,True,713,-52.5131950378418,-49.24137496948242,0
Chad hasn't forgotten this troubled doctor.,Chad hasn't forgotten these troubled doctor.,morphology,determiner_noun_agreement,determiner_noun_agreement_with_adj_2,True,False,True,True,714,-54.948486328125,-56.474300384521484,1
Those waiters watch those small girls.,Those waiters watch that small girls.,morphology,determiner_noun_agreement,determiner_noun_agreement_with_adj_2,True,False,True,True,715,-52.18532180786133,-53.223976135253906,1
Some fish haven't resembled this white drawing.,Some fish haven't resembled these white drawing.,morphology,determiner_noun_agreement,determiner_noun_agreement_with_adj_2,True,False,True,True,716,-63.406532287597656,-66.23040771484375,1
Marcus listens to these exposed teachers.,Marcus listens to this exposed teachers.,morphology,determiner_noun_agreement,determiner_noun_agreement_with_adj_2,True,False,True,True,717,-42.23823928833008,-41.45682907104492,0
The Lutherans could praise those nice boys.,The Lutherans could praise that nice boys.,morphology,determiner_noun_agreement,determiner_noun_agreement_with_adj_2,True,False,True,True,718,-67.59939575195312,-66.12903594970703,0
The woman visited that old high school.,The woman visited those old high school.,morphology,determiner_noun_agreement,determiner_noun_agreement_with_adj_2,True,False,True,True,719,-44.12855529785156,-45.946014404296875,1
Eva did heal that brown turtle.,Eva did heal those brown turtle.,morphology,determiner_noun_agreement,determiner_noun_agreement_with_adj_2,True,False,True,True,720,-49.20458984375,-48.383453369140625,0
These people help these clever waitresses.,These people help this clever waitresses.,morphology,determiner_noun_agreement,determiner_noun_agreement_with_adj_2,True,False,True,True,721,-56.281028747558594,-55.6981315612793,0
Homer wasn't describing those hidden guests.,Homer wasn't describing that hidden guests.,morphology,determiner_noun_agreement,determiner_noun_agreement_with_adj_2,True,False,True,True,722,-63.38488006591797,-61.70751190185547,0
Many waiters buy those exposed prints.,Many waiters buy that exposed prints.,morphology,determiner_noun_agreement,determiner_noun_agreement_with_adj_2,True,False,True,True,723,-55.447879791259766,-56.633880615234375,1
Laurie hadn't returned to this serious driver.,Laurie hadn't returned to these serious driver.,morphology,determiner_noun_agreement,determiner_noun_agreement_with_adj_2,True,False,True,True,724,-64.92278289794922,-65.80382537841797,1
Sandra scanned these small reports.,Sandra scanned this small reports.,morphology,determiner_noun_agreement,determiner_noun_agreement_with_adj_2,True,False,True,True,725,-49.79607009887695,-48.12739944458008,0
A lot of guests appreciate that happy teenager.,A lot of guests appreciate those happy teenager.,morphology,determiner_noun_agreement,determiner_noun_agreement_with_adj_2,True,False,True,True,726,-59.248416900634766,-59.05730056762695,0
These teenagers drop by this white public park.,These teenagers drop by these white public park.,morphology,determiner_noun_agreement,determiner_noun_agreement_with_adj_2,True,False,True,True,727,-59.421112060546875,-61.69135665893555,1
Kirsten is discovering this long play.,Kirsten is discovering these long play.,morphology,determiner_noun_agreement,determiner_noun_agreement_with_adj_2,True,False,True,True,728,-54.54619598388672,-57.45226287841797,1
Stacy has criticized those dirty cafes.,Stacy has criticized that dirty cafes.,morphology,determiner_noun_agreement,determiner_noun_agreement_with_adj_2,True,False,True,True,729,-58.172569274902344,-55.85328674316406,0
Kimberley breaks this blue cup.,Kimberley breaks these blue cup.,morphology,determiner_noun_agreement,determiner_noun_agreement_with_adj_2,True,False,True,True,730,-51.91283416748047,-54.066261291503906,1
Those waitresses hadn't visited these delighted dancers.,Those waitresses hadn't visited this delighted dancers.,morphology,determiner_noun_agreement,determiner_noun_agreement_with_adj_2,True,False,True,True,731,-75.94076538085938,-75.08809661865234,0
This cashier reveals this small restaurant.,This cashier reveals these small restaurant.,morphology,determiner_noun_agreement,determiner_noun_agreement_with_adj_2,True,False,True,True,732,-55.18956756591797,-56.65589904785156,1
The women attack these uncertain boys.,The women attack this uncertain boys.,morphology,determiner_noun_agreement,determiner_noun_agreement_with_adj_2,True,False,True,True,733,-51.69208526611328,-50.02131652832031,0
Doctors flee from those exposed banks.,Doctors flee from that exposed banks.,morphology,determiner_noun_agreement,determiner_noun_agreement_with_adj_2,True,False,True,True,734,-45.52708435058594,-45.675933837890625,1
The glacier confuses these popular legislatures.,The glacier confuses this popular legislatures.,morphology,determiner_noun_agreement,determiner_noun_agreement_with_adj_2,True,False,True,True,735,-64.90245056152344,-62.54579162597656,0
Carrie saw that cheap shawl.,Carrie saw those cheap shawl.,morphology,determiner_noun_agreement,determiner_noun_agreement_with_adj_2,True,False,True,True,736,-58.410987854003906,-59.68968963623047,1
Maria hasn't loved those excited boys.,Maria hasn't loved that excited boys.,morphology,determiner_noun_agreement,determiner_noun_agreement_with_adj_2,True,False,True,True,737,-50.85841751098633,-49.30390548706055,0
Some women weren't talking to that unconvinced dancer.,Some women weren't talking to those unconvinced dancer.,morphology,determiner_noun_agreement,determiner_noun_agreement_with_adj_2,True,False,True,True,738,-85.23844909667969,-84.04881286621094,0
Janet isn't arriving at this purple restaurant.,Janet isn't arriving at these purple restaurant.,morphology,determiner_noun_agreement,determiner_noun_agreement_with_adj_2,True,False,True,True,739,-60.89375305175781,-63.97104263305664,1
Bruce had fired this troubled adult.,Bruce had fired these troubled adult.,morphology,determiner_noun_agreement,determiner_noun_agreement_with_adj_2,True,False,True,True,740,-41.144351959228516,-43.992919921875,1
Rose hadn't scared this important government.,Rose hadn't scared these important government.,morphology,determiner_noun_agreement,determiner_noun_agreement_with_adj_2,True,False,True,True,741,-52.739444732666016,-55.20830535888672,1
Every association was insulting those out in the open brochures.,Every association was insulting that out in the open brochures.,morphology,determiner_noun_agreement,determiner_noun_agreement_with_adj_2,True,False,True,True,742,-72.48777770996094,-67.37493133544922,0
Jill doesn't drive to those orange movie theaters.,Jill doesn't drive to that orange movie theaters.,morphology,determiner_noun_agreement,determiner_noun_agreement_with_adj_2,True,False,True,True,743,-70.39680480957031,-70.37385559082031,0
Cucumbers hurt this exposed lady.,Cucumbers hurt these exposed lady.,morphology,determiner_noun_agreement,determiner_noun_agreement_with_adj_2,True,False,True,True,744,-64.74578857421875,-64.35624694824219,0
Stephen had messed up this bad glass.,Stephen had messed up these bad glass.,morphology,determiner_noun_agreement,determiner_noun_agreement_with_adj_2,True,False,True,True,745,-45.228050231933594,-48.95689010620117,1
Dawn was boring those young teachers.,Dawn was boring that young teachers.,morphology,determiner_noun_agreement,determiner_noun_agreement_with_adj_2,True,False,True,True,746,-53.203155517578125,-47.84248352050781,0
Sonia should tour these cheap restaurants.,Sonia should tour this cheap restaurants.,morphology,determiner_noun_agreement,determiner_noun_agreement_with_adj_2,True,False,True,True,747,-57.498878479003906,-56.262413024902344,0
Gina talks about those long plays.,Gina talks about that long plays.,morphology,determiner_noun_agreement,determiner_noun_agreement_with_adj_2,True,False,True,True,748,-46.79005432128906,-45.98310089111328,0
Adam researched this popular government.,Adam researched these popular government.,morphology,determiner_noun_agreement,determiner_noun_agreement_with_adj_2,True,False,True,True,749,-36.6375617980957,-38.48006820678711,1
Tina insults that smart senator.,Tina insults those smart senator.,morphology,determiner_noun_agreement,determiner_noun_agreement_with_adj_2,True,False,True,True,750,-53.955474853515625,-56.557861328125,1
Steve didn't boast about those old teachers.,Steve didn't boast about that old teachers.,morphology,determiner_noun_agreement,determiner_noun_agreement_with_adj_2,True,False,True,True,751,-48.72975158691406,-48.75421142578125,1
Patrick was concealing this brown fork.,Patrick was concealing these brown fork.,morphology,determiner_noun_agreement,determiner_noun_agreement_with_adj_2,True,False,True,True,752,-54.39889144897461,-55.12942886352539,1
Marie couldn't clean this old jacket.,Marie couldn't clean these old jacket.,morphology,determiner_noun_agreement,determiner_noun_agreement_with_adj_2,True,False,True,True,753,-43.38349914550781,-45.960330963134766,1
Jesus had this gray bank.,Jesus had these gray bank.,morphology,determiner_noun_agreement,determiner_noun_agreement_with_adj_2,True,False,True,True,754,-36.292572021484375,-37.25389862060547,1
Daniel examines this good essay.,Daniel examines these good essay.,morphology,determiner_noun_agreement,determiner_noun_agreement_with_adj_2,True,False,True,True,755,-35.124237060546875,-37.26934814453125,1
Paula does break this yellow cup.,Paula does break these yellow cup.,morphology,determiner_noun_agreement,determiner_noun_agreement_with_adj_2,True,False,True,True,756,-49.29159164428711,-50.77983856201172,1
Homer boycotted that good university.,Homer boycotted those good university.,morphology,determiner_noun_agreement,determiner_noun_agreement_with_adj_2,True,False,True,True,757,-66.90425872802734,-69.89881134033203,1
Dana escaped from those hopeful waitresses.,Dana escaped from that hopeful waitresses.,morphology,determiner_noun_agreement,determiner_noun_agreement_with_adj_2,True,False,True,True,758,-64.50526428222656,-65.01969909667969,1
The children have complained about that long essay.,The children have complained about those long essay.,morphology,determiner_noun_agreement,determiner_noun_agreement_with_adj_2,True,False,True,True,759,-53.25659942626953,-53.63508605957031,1
Beverly can't help that lost waitress.,Beverly can't help those lost waitress.,morphology,determiner_noun_agreement,determiner_noun_agreement_with_adj_2,True,False,True,True,760,-63.89565658569336,-62.10707473754883,0
Elizabeth loves those important drivers.,Elizabeth loves that important drivers.,morphology,determiner_noun_agreement,determiner_noun_agreement_with_adj_2,True,False,True,True,761,-37.664649963378906,-35.86930847167969,0
Susan hadn't passed those out in the open libraries.,Susan hadn't passed that out in the open libraries.,morphology,determiner_noun_agreement,determiner_noun_agreement_with_adj_2,True,False,True,True,762,-65.63179016113281,-63.69804382324219,0
Patricia is breaking this gray chair.,Patricia is breaking these gray chair.,morphology,determiner_noun_agreement,determiner_noun_agreement_with_adj_2,True,False,True,True,763,-52.537872314453125,-53.97977066040039,1
Some men admire these concealed pamphlets.,Some men admire this concealed pamphlets.,morphology,determiner_noun_agreement,determiner_noun_agreement_with_adj_2,True,False,True,True,764,-61.496700286865234,-60.434356689453125,0
Tanya isn't wearing that popular hat.,Tanya isn't wearing those popular hat.,morphology,determiner_noun_agreement,determiner_noun_agreement_with_adj_2,True,False,True,True,765,-57.281639099121094,-58.25102996826172,1
Melanie cared for this smart waitress.,Melanie cared for these smart waitress.,morphology,determiner_noun_agreement,determiner_noun_agreement_with_adj_2,True,False,True,True,766,-52.9560546875,-54.539119720458984,1
Many dancers hire that lucky adult.,Many dancers hire those lucky adult.,morphology,determiner_noun_agreement,determiner_noun_agreement_with_adj_2,True,False,True,True,767,-51.99916458129883,-52.511985778808594,1
Keith didn't disgust those bad universities.,Keith didn't disgust that bad universities.,morphology,determiner_noun_agreement,determiner_noun_agreement_with_adj_2,True,False,True,True,768,-57.18165588378906,-52.1163215637207,0
Angela cared for this determined student.,Angela cared for these determined student.,morphology,determiner_noun_agreement,determiner_noun_agreement_with_adj_2,True,False,True,True,769,-50.143959045410156,-50.56016540527344,1
Most waitresses aren't wearing that good sock.,Most waitresses aren't wearing those good sock.,morphology,determiner_noun_agreement,determiner_noun_agreement_with_adj_2,True,False,True,True,770,-70.59268188476562,-71.04818725585938,1
Those students bike to that out in the open movie theater.,Those students bike to those out in the open movie theater.,morphology,determiner_noun_agreement,determiner_noun_agreement_with_adj_2,True,False,True,True,771,-71.6429443359375,-69.97586822509766,0
Those women reveal that old student.,Those women reveal those old student.,morphology,determiner_noun_agreement,determiner_noun_agreement_with_adj_2,True,False,True,True,772,-42.27777862548828,-43.372589111328125,1
Some senator hadn't passed these white malls.,Some senator hadn't passed this white malls.,morphology,determiner_noun_agreement,determiner_noun_agreement_with_adj_2,True,False,True,True,773,-64.35572814941406,-61.476051330566406,0
Florence does skate around this red public park.,Florence does skate around these red public park.,morphology,determiner_noun_agreement,determiner_noun_agreement_with_adj_2,True,False,True,True,774,-76.20228576660156,-78.49803161621094,1
Steven hasn't loved these old drivers.,Steven hasn't loved this old drivers.,morphology,determiner_noun_agreement,determiner_noun_agreement_with_adj_2,True,False,True,True,775,-46.33985137939453,-43.60261535644531,0
All adults break this lost plate.,All adults break these lost plate.,morphology,determiner_noun_agreement,determiner_noun_agreement_with_adj_2,True,False,True,True,776,-49.94926071166992,-50.598148345947266,1
Carrie wasn't insulting these content senators.,Carrie wasn't insulting this content senators.,morphology,determiner_noun_agreement,determiner_noun_agreement_with_adj_2,True,False,True,True,777,-69.57469177246094,-67.54776000976562,0
Sheila sees that brown photograph.,Sheila sees those brown photograph.,morphology,determiner_noun_agreement,determiner_noun_agreement_with_adj_2,True,False,True,True,778,-46.699581146240234,-50.329559326171875,1
Every person wasn't researching these red books.,Every person wasn't researching this red books.,morphology,determiner_noun_agreement,determiner_noun_agreement_with_adj_2,True,False,True,True,779,-57.085166931152344,-54.2972297668457,0
Lissa cured those uncertain adults.,Lissa cured that uncertain adults.,morphology,determiner_noun_agreement,determiner_noun_agreement_with_adj_2,True,False,True,True,780,-54.561893463134766,-53.60453796386719,0
Sheila can examine those concealed newspaper articles.,Sheila can examine that concealed newspaper articles.,morphology,determiner_noun_agreement,determiner_noun_agreement_with_adj_2,True,False,True,True,781,-65.6646957397461,-65.2288589477539,0
Gerald was visiting these fast waitresses.,Gerald was visiting this fast waitresses.,morphology,determiner_noun_agreement,determiner_noun_agreement_with_adj_2,True,False,True,True,782,-65.05545043945312,-63.12289810180664,0
Ruth has fled from these dirty restaurants.,Ruth has fled from this dirty restaurants.,morphology,determiner_noun_agreement,determiner_noun_agreement_with_adj_2,True,False,True,True,783,-58.78447723388672,-56.36160659790039,0
Many companies haven't concealed this brown brochure.,Many companies haven't concealed these brown brochure.,morphology,determiner_noun_agreement,determiner_noun_agreement_with_adj_2,True,False,True,True,784,-62.364173889160156,-63.812347412109375,1
A sketch couldn't look like this unsure dancer.,A sketch couldn't look like these unsure dancer.,morphology,determiner_noun_agreement,determiner_noun_agreement_with_adj_2,True,False,True,True,785,-66.55316162109375,-67.58585357666016,1
Larry didn't bike to these cheap banks.,Larry didn't bike to this cheap banks.,morphology,determiner_noun_agreement,determiner_noun_agreement_with_adj_2,True,False,True,True,786,-54.592063903808594,-53.803985595703125,0
Most organizations dislike those delighted girls.,Most organizations dislike that delighted girls.,morphology,determiner_noun_agreement,determiner_noun_agreement_with_adj_2,True,False,True,True,787,-51.59184646606445,-49.86425018310547,0
Sheila had noticed this bad legislature.,Sheila had noticed these bad legislature.,morphology,determiner_noun_agreement,determiner_noun_agreement_with_adj_2,True,False,True,True,788,-50.483097076416016,-54.060787200927734,1
Carmen isn't concealing this good turtle.,Carmen isn't concealing these good turtle.,morphology,determiner_noun_agreement,determiner_noun_agreement_with_adj_2,True,False,True,True,789,-75.68386840820312,-77.51095581054688,1
Bradley has walked through those rough libraries.,Bradley has walked through that rough libraries.,morphology,determiner_noun_agreement,determiner_noun_agreement_with_adj_2,True,False,True,True,790,-56.00331115722656,-56.25603103637695,1
Many doctors pass those hard college campuses.,Many doctors pass that hard college campuses.,morphology,determiner_noun_agreement,determiner_noun_agreement_with_adj_2,True,False,True,True,791,-57.55337142944336,-56.037994384765625,0
Frank isn't listening to these scared adults.,Frank isn't listening to this scared adults.,morphology,determiner_noun_agreement,determiner_noun_agreement_with_adj_2,True,False,True,True,792,-56.700382232666016,-56.35200119018555,0
Leslie doesn't talk about this out in the open book.,Leslie doesn't talk about these out in the open book.,morphology,determiner_noun_agreement,determiner_noun_agreement_with_adj_2,True,False,True,True,793,-63.64576721191406,-65.74224853515625,1
An essay was disagreeing with this sick guest.,An essay was disagreeing with these sick guest.,morphology,determiner_noun_agreement,determiner_noun_agreement_with_adj_2,True,False,True,True,794,-68.01510620117188,-69.77511596679688,1
The governments remember these popular museums.,The governments remember this popular museums.,morphology,determiner_noun_agreement,determiner_noun_agreement_with_adj_2,True,False,True,True,795,-48.640926361083984,-46.7586784362793,0
Many libraries work with that clever actor.,Many libraries work with those clever actor.,morphology,determiner_noun_agreement,determiner_noun_agreement_with_adj_2,True,False,True,True,796,-50.690406799316406,-50.499515533447266,0
Companies disgust this lucky lady.,Companies disgust these lucky lady.,morphology,determiner_noun_agreement,determiner_noun_agreement_with_adj_2,True,False,True,True,797,-46.55402755737305,-48.24983215332031,1
Cynthia wouldn't drop by those yellow banks.,Cynthia wouldn't drop by that yellow banks.,morphology,determiner_noun_agreement,determiner_noun_agreement_with_adj_2,True,False,True,True,798,-72.68367767333984,-72.89089965820312,1
William had cured this displeased patient.,William had cured these displeased patient.,morphology,determiner_noun_agreement,determiner_noun_agreement_with_adj_2,True,False,True,True,799,-54.74457550048828,-55.433467864990234,1
Sherry had insulted that gray mall.,Sherry had insulted those gray mall.,morphology,determiner_noun_agreement,determiner_noun_agreement_with_adj_2,True,False,True,True,800,-62.05011749267578,-64.04349517822266,1
Boys are driving to that clean art gallery.,Boys are driving to those clean art gallery.,morphology,determiner_noun_agreement,determiner_noun_agreement_with_adj_2,True,False,True,True,801,-60.53630447387695,-59.87156677246094,0
Patricia boasted about that determined adult.,Patricia boasted about those determined adult.,morphology,determiner_noun_agreement,determiner_noun_agreement_with_adj_2,True,False,True,True,802,-60.76581573486328,-59.85688018798828,0
Every teenager approached that concealed dancer.,Every teenager approached those concealed dancer.,morphology,determiner_noun_agreement,determiner_noun_agreement_with_adj_2,True,False,True,True,803,-53.71739196777344,-55.920711517333984,1
Christopher was healing that important lady.,Christopher was healing those important lady.,morphology,determiner_noun_agreement,determiner_noun_agreement_with_adj_2,True,False,True,True,804,-43.307533264160156,-48.34896469116211,1
Sandra scanned that important essay.,Sandra scanned those important essay.,morphology,determiner_noun_agreement,determiner_noun_agreement_with_adj_2,True,False,True,True,805,-49.13524627685547,-51.31428527832031,1
Most reports haven't sounded like those lucky waiters.,Most reports haven't sounded like that lucky waiters.,morphology,determiner_noun_agreement,determiner_noun_agreement_with_adj_2,True,False,True,True,806,-73.41853332519531,-70.83203125,0
Edward lifts these broken plates.,Edward lifts this broken plates.,morphology,determiner_noun_agreement,determiner_noun_agreement_with_adj_2,True,False,True,True,807,-40.155609130859375,-38.993656158447266,0
The Clintons distract that red hospital.,The Clintons distract those red hospital.,morphology,determiner_noun_agreement,determiner_noun_agreement_with_adj_2,True,False,True,True,808,-53.069610595703125,-54.49273681640625,1
Some tomato worries those small teachers.,Some tomato worries that small teachers.,morphology,determiner_noun_agreement,determiner_noun_agreement_with_adj_2,True,False,True,True,809,-51.81242370605469,-47.840389251708984,0
Sara noticed these white hospitals.,Sara noticed this white hospitals.,morphology,determiner_noun_agreement,determiner_noun_agreement_with_adj_2,True,False,True,True,810,-50.47654342651367,-47.24603271484375,0
Melanie was looking like this green print.,Melanie was looking like these green print.,morphology,determiner_noun_agreement,determiner_noun_agreement_with_adj_2,True,False,True,True,811,-51.682273864746094,-53.77296447753906,1
Some student is praising these popular movies.,Some student is praising this popular movies.,morphology,determiner_noun_agreement,determiner_noun_agreement_with_adj_2,True,False,True,True,812,-52.181095123291016,-48.52363204956055,0
Judy would scare that standing pedestrian.,Judy would scare those standing pedestrian.,morphology,determiner_noun_agreement,determiner_noun_agreement_with_adj_2,True,False,True,True,813,-52.883419036865234,-53.98755645751953,1
Customers leave those hidden waitresses.,Customers leave that hidden waitresses.,morphology,determiner_noun_agreement,determiner_noun_agreement_with_adj_2,True,False,True,True,814,-55.49445343017578,-55.278053283691406,0
Elizabeth dropped by this concealed bank.,Elizabeth dropped by these concealed bank.,morphology,determiner_noun_agreement,determiner_noun_agreement_with_adj_2,True,False,True,True,815,-44.924434661865234,-47.49006652832031,1
Sheila couldn't love this fast driver.,Sheila couldn't love these fast driver.,morphology,determiner_noun_agreement,determiner_noun_agreement_with_adj_2,True,False,True,True,816,-51.99280548095703,-53.9732666015625,1
Irene had those bad turtles.,Irene had that bad turtles.,morphology,determiner_noun_agreement,determiner_noun_agreement_with_adj_2,True,False,True,True,817,-50.33723449707031,-47.76521301269531,0
Timothy hadn't described this popular restaurant.,Timothy hadn't described these popular restaurant.,morphology,determiner_noun_agreement,determiner_noun_agreement_with_adj_2,True,False,True,True,818,-59.468231201171875,-62.663787841796875,1
Omar questioned those fast teachers.,Omar questioned that fast teachers.,morphology,determiner_noun_agreement,determiner_noun_agreement_with_adj_2,True,False,True,True,819,-51.624908447265625,-48.835330963134766,0
A dog scared those old girls.,A dog scared that old girls.,morphology,determiner_noun_agreement,determiner_noun_agreement_with_adj_2,True,False,True,True,820,-45.135398864746094,-43.10246658325195,0
Many senators scan these black newspaper articles.,Many senators scan this black newspaper articles.,morphology,determiner_noun_agreement,determiner_noun_agreement_with_adj_2,True,False,True,True,821,-66.81521606445312,-64.77230072021484,0
Ellen has hired that small teenager.,Ellen has hired those small teenager.,morphology,determiner_noun_agreement,determiner_noun_agreement_with_adj_2,True,False,True,True,822,-47.02486038208008,-48.00697326660156,1
Cheryl reveals these orange brochures.,Cheryl reveals this orange brochures.,morphology,determiner_noun_agreement,determiner_noun_agreement_with_adj_2,True,False,True,True,823,-63.54334259033203,-61.37309646606445,0
Katherine might attack these unemployed waitresses.,Katherine might attack this unemployed waitresses.,morphology,determiner_noun_agreement,determiner_noun_agreement_with_adj_2,True,False,True,True,824,-71.84819030761719,-71.19325256347656,0
Every icicle could embarrass these good universities.,Every icicle could embarrass this good universities.,morphology,determiner_noun_agreement,determiner_noun_agreement_with_adj_2,True,False,True,True,825,-66.82786560058594,-66.21929168701172,0
This girl cures that content actor.,This girl cures those content actor.,morphology,determiner_noun_agreement,determiner_noun_agreement_with_adj_2,True,False,True,True,826,-52.82218933105469,-57.015995025634766,1
Grace hasn't noticed those purple snakes.,Grace hasn't noticed that purple snakes.,morphology,determiner_noun_agreement,determiner_noun_agreement_with_adj_2,True,False,True,True,827,-58.58713912963867,-53.3922004699707,0
Janice is listening to this confident student.,Janice is listening to these confident student.,morphology,determiner_noun_agreement,determiner_noun_agreement_with_adj_2,True,False,True,True,828,-54.6187744140625,-55.01154708862305,1
Mary lifts these popular scarves.,Mary lifts this popular scarves.,morphology,determiner_noun_agreement,determiner_noun_agreement_with_adj_2,True,False,True,True,829,-45.16761779785156,-44.649314880371094,0
These people might talk about those serious waitresses.,These people might talk about that serious waitresses.,morphology,determiner_noun_agreement,determiner_noun_agreement_with_adj_2,True,False,True,True,830,-57.931819915771484,-58.77884292602539,1
Dennis is hiding those hopeful guys.,Dennis is hiding that hopeful guys.,morphology,determiner_noun_agreement,determiner_noun_agreement_with_adj_2,True,False,True,True,831,-56.88021469116211,-55.889183044433594,0
The ice cream resembles that important print.,The ice cream resembles those important print.,morphology,determiner_noun_agreement,determiner_noun_agreement_with_adj_2,True,False,True,True,832,-52.74430847167969,-54.92938232421875,1
Rachelle doesn't break that hard chair.,Rachelle doesn't break those hard chair.,morphology,determiner_noun_agreement,determiner_noun_agreement_with_adj_2,True,False,True,True,833,-52.11296463012695,-53.822044372558594,1
Amy did dislike that cheap mall.,Amy did dislike those cheap mall.,morphology,determiner_noun_agreement,determiner_noun_agreement_with_adj_2,True,False,True,True,834,-48.691246032714844,-50.62328338623047,1
Many rabbits have embarrassed these uncertain senators.,Many rabbits have embarrassed this uncertain senators.,morphology,determiner_noun_agreement,determiner_noun_agreement_with_adj_2,True,False,True,True,835,-65.4940414428711,-63.89686584472656,0
Most ladies appreciate that popular story.,Most ladies appreciate those popular story.,morphology,determiner_noun_agreement,determiner_noun_agreement_with_adj_2,True,False,True,True,836,-43.68733215332031,-44.46628952026367,1
Melinda can appreciate that unsure guy.,Melinda can appreciate those unsure guy.,morphology,determiner_noun_agreement,determiner_noun_agreement_with_adj_2,True,False,True,True,837,-54.580055236816406,-54.36299514770508,0
David had cleaned those rough hamsters.,David had cleaned that rough hamsters.,morphology,determiner_noun_agreement,determiner_noun_agreement_with_adj_2,True,False,True,True,838,-53.5252685546875,-51.502376556396484,0
Melissa would know those unsure children.,Melissa would know that unsure children.,morphology,determiner_noun_agreement,determiner_noun_agreement_with_adj_2,True,False,True,True,839,-51.36528778076172,-50.77149200439453,0
These ladies hire this serious boy.,These ladies hire these serious boy.,morphology,determiner_noun_agreement,determiner_noun_agreement_with_adj_2,True,False,True,True,840,-50.125518798828125,-50.71178436279297,1
This bread astounded these concealed customers.,This bread astounded this concealed customers.,morphology,determiner_noun_agreement,determiner_noun_agreement_with_adj_2,True,False,True,True,841,-61.35327911376953,-60.45691680908203,0
The man should insult these sick students.,The man should insult this sick students.,morphology,determiner_noun_agreement,determiner_noun_agreement_with_adj_2,True,False,True,True,842,-57.368408203125,-56.72137451171875,0
This actor might examine this important documentary.,This actor might examine these important documentary.,morphology,determiner_noun_agreement,determiner_noun_agreement_with_adj_2,True,False,True,True,843,-49.97125244140625,-51.69024658203125,1
Katherine had explored these green restaurants.,Katherine had explored this green restaurants.,morphology,determiner_noun_agreement,determiner_noun_agreement_with_adj_2,True,False,True,True,844,-54.57774353027344,-52.298458099365234,0
These women leave these smooth public parks.,These women leave this smooth public parks.,morphology,determiner_noun_agreement,determiner_noun_agreement_with_adj_2,True,False,True,True,845,-56.95144271850586,-55.419044494628906,0
Margaret didn't find these purple plates.,Margaret didn't find this purple plates.,morphology,determiner_noun_agreement,determiner_noun_agreement_with_adj_2,True,False,True,True,846,-56.46516036987305,-54.931941986083984,0
That nose aggravates these exposed teachers.,That nose aggravates this exposed teachers.,morphology,determiner_noun_agreement,determiner_noun_agreement_with_adj_2,True,False,True,True,847,-58.94512939453125,-60.07301330566406,1
Gregory talked to that popular senator.,Gregory talked to those popular senator.,morphology,determiner_noun_agreement,determiner_noun_agreement_with_adj_2,True,False,True,True,848,-52.297672271728516,-51.59601593017578,0
Melissa attacks these delighted adults.,Melissa attacks this delighted adults.,morphology,determiner_noun_agreement,determiner_noun_agreement_with_adj_2,True,False,True,True,849,-54.170875549316406,-53.724822998046875,0
Some muffin aggravates that good government.,Some muffin aggravates those good government.,morphology,determiner_noun_agreement,determiner_noun_agreement_with_adj_2,True,False,True,True,850,-61.0440673828125,-62.74700164794922,1
That spotlight distracts those good universities.,That spotlight distracts that good universities.,morphology,determiner_noun_agreement,determiner_noun_agreement_with_adj_2,True,False,True,True,851,-65.52595520019531,-61.60247039794922,0
The Borgias conceal those hidden dishes.,The Borgias conceal that hidden dishes.,morphology,determiner_noun_agreement,determiner_noun_agreement_with_adj_2,True,False,True,True,852,-60.88203430175781,-61.071922302246094,1
Some drawings look like this out in the open rug.,Some drawings look like these out in the open rug.,morphology,determiner_noun_agreement,determiner_noun_agreement_with_adj_2,True,False,True,True,853,-60.84983825683594,-62.46868133544922,1
This museum bothers this fast senator.,This museum bothers these fast senator.,morphology,determiner_noun_agreement,determiner_noun_agreement_with_adj_2,True,False,True,True,854,-55.27852249145508,-56.31958770751953,1
All girls wouldn't like these red books.,All girls wouldn't like this red books.,morphology,determiner_noun_agreement,determiner_noun_agreement_with_adj_2,True,False,True,True,855,-51.28034591674805,-48.69056701660156,0
Elizabeth attacked these popular guests.,Elizabeth attacked this popular guests.,morphology,determiner_noun_agreement,determiner_noun_agreement_with_adj_2,True,False,True,True,856,-39.076026916503906,-36.406410217285156,0
Galileo hasn't fixed those hard forks.,Galileo hasn't fixed that hard forks.,morphology,determiner_noun_agreement,determiner_noun_agreement_with_adj_2,True,False,True,True,857,-66.0024642944336,-63.775550842285156,0
Julie leaves that smooth grocery store.,Julie leaves those smooth grocery store.,morphology,determiner_noun_agreement,determiner_noun_agreement_with_adj_2,True,False,True,True,858,-45.384151458740234,-48.784034729003906,1
A lady has helped these nice girls.,A lady has helped this nice girls.,morphology,determiner_noun_agreement,determiner_noun_agreement_with_adj_2,True,False,True,True,859,-52.53691482543945,-48.65431213378906,0
The customers walk through these important museums.,The customers walk through this important museums.,morphology,determiner_noun_agreement,determiner_noun_agreement_with_adj_2,True,False,True,True,860,-52.084625244140625,-49.94192886352539,0
These waitresses forget this clever teacher.,These waitresses forget these clever teacher.,morphology,determiner_noun_agreement,determiner_noun_agreement_with_adj_2,True,False,True,True,861,-59.65312576293945,-60.50838851928711,1
A horse would irritate these hopeful actresses.,A horse would irritate this hopeful actresses.,morphology,determiner_noun_agreement,determiner_noun_agreement_with_adj_2,True,False,True,True,862,-68.60478210449219,-67.54238891601562,0
Alan bikes to those messy high schools.,Alan bikes to that messy high schools.,morphology,determiner_noun_agreement,determiner_noun_agreement_with_adj_2,True,False,True,True,863,-51.7419319152832,-52.88523864746094,1
Most doctors escape from those important malls.,Most doctors escape from that important malls.,morphology,determiner_noun_agreement,determiner_noun_agreement_with_adj_2,True,False,True,True,864,-53.840919494628906,-53.3547477722168,0
Christina was scanning this lost report.,Christina was scanning these lost report.,morphology,determiner_noun_agreement,determiner_noun_agreement_with_adj_2,True,False,True,True,865,-54.88899612426758,-55.18367004394531,1
Bill didn't look like those yellow paintings.,Bill didn't look like that yellow paintings.,morphology,determiner_noun_agreement,determiner_noun_agreement_with_adj_2,True,False,True,True,866,-49.77013397216797,-48.464778900146484,0
Ella lifts these gray birds.,Ella lifts this gray birds.,morphology,determiner_noun_agreement,determiner_noun_agreement_with_adj_2,True,False,True,True,867,-49.21691131591797,-47.847816467285156,0
Those actors boycott those new libraries.,Those actors boycott that new libraries.,morphology,determiner_noun_agreement,determiner_noun_agreement_with_adj_2,True,False,True,True,868,-51.48237991333008,-48.61324691772461,0
These guys hadn't passed those popular schools.,These guys hadn't passed that popular schools.,morphology,determiner_noun_agreement,determiner_noun_agreement_with_adj_2,True,False,True,True,869,-60.59565353393555,-58.71637725830078,0
Wendy does know these good customers.,Wendy does know this good customers.,morphology,determiner_noun_agreement,determiner_noun_agreement_with_adj_2,True,False,True,True,870,-57.88896179199219,-56.1999397277832,0
Some icicle astounds that bad university.,Some icicle astounds those bad university.,morphology,determiner_noun_agreement,determiner_noun_agreement_with_adj_2,True,False,True,True,871,-66.70397186279297,-73.7390365600586,1
The lady had concealed this exposed mall.,The lady had concealed these exposed mall.,morphology,determiner_noun_agreement,determiner_noun_agreement_with_adj_2,True,False,True,True,872,-59.32337951660156,-60.09477996826172,1
Jerry leaves these determined waiters.,Jerry leaves this determined waiters.,morphology,determiner_noun_agreement,determiner_noun_agreement_with_adj_2,True,False,True,True,873,-47.3765869140625,-47.055599212646484,0
Many teachers buy these rough hats.,Many teachers buy this rough hats.,morphology,determiner_noun_agreement,determiner_noun_agreement_with_adj_2,True,False,True,True,874,-48.94061279296875,-47.929908752441406,0
Alexander messes up this gray movie theater.,Alexander messes up these gray movie theater.,morphology,determiner_noun_agreement,determiner_noun_agreement_with_adj_2,True,False,True,True,875,-61.37959289550781,-63.28356170654297,1
The Borgias bike to these concealed cafes.,The Borgias bike to this concealed cafes.,morphology,determiner_noun_agreement,determiner_noun_agreement_with_adj_2,True,False,True,True,876,-70.12315368652344,-68.03717041015625,0
This organization had hated those scared customers.,This organization had hated that scared customers.,morphology,determiner_noun_agreement,determiner_noun_agreement_with_adj_2,True,False,True,True,877,-58.027565002441406,-56.314292907714844,0
Some companies insult these concealed books.,Some companies insult this concealed books.,morphology,determiner_noun_agreement,determiner_noun_agreement_with_adj_2,True,False,True,True,878,-50.70526123046875,-49.08922576904297,0
Margaret hasn't irritated those important legislatures.,Margaret hasn't irritated that important legislatures.,morphology,determiner_noun_agreement,determiner_noun_agreement_with_adj_2,True,False,True,True,879,-67.45454406738281,-65.40695190429688,0
Every library dislikes that happy actor.,Every library dislikes those happy actor.,morphology,determiner_noun_agreement,determiner_noun_agreement_with_adj_2,True,False,True,True,880,-57.333290100097656,-60.871986389160156,1
Suzanne had scanned these white brochures.,Suzanne had scanned this white brochures.,morphology,determiner_noun_agreement,determiner_noun_agreement_with_adj_2,True,False,True,True,881,-62.92943572998047,-60.45637130737305,0
Peter hadn't forgotten those troubled teenagers.,Peter hadn't forgotten that troubled teenagers.,morphology,determiner_noun_agreement,determiner_noun_agreement_with_adj_2,True,False,True,True,882,-52.79840850830078,-49.9052734375,0
Anne won't drive to this small museum.,Anne won't drive to these small museum.,morphology,determiner_noun_agreement,determiner_noun_agreement_with_adj_2,True,False,True,True,883,-45.874168395996094,-47.93381118774414,1
Sweaters bore those upset waiters.,Sweaters bore that upset waiters.,morphology,determiner_noun_agreement,determiner_noun_agreement_with_adj_2,True,False,True,True,884,-63.04229736328125,-61.30849075317383,0
Larry shouldn't confuse that important company.,Larry shouldn't confuse those important company.,morphology,determiner_noun_agreement,determiner_noun_agreement_with_adj_2,True,False,True,True,885,-45.82907485961914,-47.8051872253418,1
Cashiers will disturb this delighted boy.,Cashiers will disturb these delighted boy.,morphology,determiner_noun_agreement,determiner_noun_agreement_with_adj_2,True,False,True,True,886,-61.20918273925781,-62.9022331237793,1
Samuel hadn't biked to those cheap art galleries.,Samuel hadn't biked to that cheap art galleries.,morphology,determiner_noun_agreement,determiner_noun_agreement_with_adj_2,True,False,True,True,887,-80.39189147949219,-81.63688659667969,1
Those dancers admire those concealed photographs.,Those dancers admire that concealed photographs.,morphology,determiner_noun_agreement,determiner_noun_agreement_with_adj_2,True,False,True,True,888,-55.481727600097656,-54.40235137939453,0
Some adults run around that black high school.,Some adults run around those black high school.,morphology,determiner_noun_agreement,determiner_noun_agreement_with_adj_2,True,False,True,True,889,-54.71870422363281,-54.36647415161133,0
Mark cared for those clever ladies.,Mark cared for that clever ladies.,morphology,determiner_noun_agreement,determiner_noun_agreement_with_adj_2,True,False,True,True,890,-41.30986785888672,-42.92784118652344,1
Jill discovered this concealed hat.,Jill discovered these concealed hat.,morphology,determiner_noun_agreement,determiner_noun_agreement_with_adj_2,True,False,True,True,891,-50.533206939697266,-53.481842041015625,1
A blouse irritates those out in the open pedestrians.,A blouse irritates that out in the open pedestrians.,morphology,determiner_noun_agreement,determiner_noun_agreement_with_adj_2,True,False,True,True,892,-77.91973876953125,-75.9201889038086,0
Those waitresses discuss these good public parks.,Those waitresses discuss this good public parks.,morphology,determiner_noun_agreement,determiner_noun_agreement_with_adj_2,True,False,True,True,893,-66.75627136230469,-66.05987548828125,0
Stephen skated around these hidden high schools.,Stephen skated around this hidden high schools.,morphology,determiner_noun_agreement,determiner_noun_agreement_with_adj_2,True,False,True,True,894,-56.068084716796875,-55.1403923034668,0
Deborah wasn't discovering this employed dancer.,Deborah wasn't discovering these employed dancer.,morphology,determiner_noun_agreement,determiner_noun_agreement_with_adj_2,True,False,True,True,895,-68.19000244140625,-69.28085327148438,1
Emily cleans this small glass.,Emily cleans these small glass.,morphology,determiner_noun_agreement,determiner_noun_agreement_with_adj_2,True,False,True,True,896,-32.72112274169922,-34.80284118652344,1
A screen worries that fast waiter.,A screen worries those fast waiter.,morphology,determiner_noun_agreement,determiner_noun_agreement_with_adj_2,True,False,True,True,897,-51.074989318847656,-56.85833740234375,1
Those cars annoyed these exposed libraries.,Those cars annoyed this exposed libraries.,morphology,determiner_noun_agreement,determiner_noun_agreement_with_adj_2,True,False,True,True,898,-55.35036087036133,-54.89838409423828,0
Teenagers escape from those yellow libraries.,Teenagers escape from that yellow libraries.,morphology,determiner_noun_agreement,determiner_noun_agreement_with_adj_2,True,False,True,True,899,-56.28691864013672,-56.3349609375,1
Some patient was hiring those hidden senators.,Some patient was hiring that hidden senators.,morphology,determiner_noun_agreement,determiner_noun_agreement_with_adj_2,True,False,True,True,900,-57.259586334228516,-55.45684814453125,0
Kirsten visited these yellow grocery stores.,Kirsten visited this yellow grocery stores.,morphology,determiner_noun_agreement,determiner_noun_agreement_with_adj_2,True,False,True,True,901,-62.06575012207031,-60.48444366455078,0
Michael brought this orange coat.,Michael brought these orange coat.,morphology,determiner_noun_agreement,determiner_noun_agreement_with_adj_2,True,False,True,True,902,-35.98640441894531,-37.6138801574707,1
Most adults hurts that popular teenager.,Most adults hurts those popular teenager.,morphology,determiner_noun_agreement,determiner_noun_agreement_with_adj_2,True,False,True,True,903,-50.59503936767578,-51.63846969604492,1
Steps aggravated those determined adults.,Steps aggravated that determined adults.,morphology,determiner_noun_agreement,determiner_noun_agreement_with_adj_2,True,False,True,True,904,-52.16802215576172,-52.124168395996094,0
The sweater bothered this important association.,The sweater bothered these important association.,morphology,determiner_noun_agreement,determiner_noun_agreement_with_adj_2,True,False,True,True,905,-51.87957763671875,-53.964210510253906,1
A lot of customers embarrasses those unsure senators.,A lot of customers embarrasses that unsure senators.,morphology,determiner_noun_agreement,determiner_noun_agreement_with_adj_2,True,False,True,True,906,-76.34255981445312,-75.10302734375,0
A closet impresses that delighted waiter.,A closet impresses those delighted waiter.,morphology,determiner_noun_agreement,determiner_noun_agreement_with_adj_2,True,False,True,True,907,-66.08478546142578,-67.94905090332031,1
The Clintons flee from that uncertain student.,The Clintons flee from those uncertain student.,morphology,determiner_noun_agreement,determiner_noun_agreement_with_adj_2,True,False,True,True,908,-59.050437927246094,-59.469627380371094,1
Galileo had described those smooth books.,Galileo had described that smooth books.,morphology,determiner_noun_agreement,determiner_noun_agreement_with_adj_2,True,False,True,True,909,-59.569881439208984,-58.593284606933594,0
The hamsters shock those bad committees.,The hamsters shock that bad committees.,morphology,determiner_noun_agreement,determiner_noun_agreement_with_adj_2,True,False,True,True,910,-64.09916687011719,-59.822845458984375,0
All guys astound that standing girl.,All guys astound those standing girl.,morphology,determiner_noun_agreement,determiner_noun_agreement_with_adj_2,True,False,True,True,911,-60.23744201660156,-61.95897674560547,1
Deanna wasn't worrying this important waiter.,Deanna wasn't worrying these important waiter.,morphology,determiner_noun_agreement,determiner_noun_agreement_with_adj_2,True,False,True,True,912,-63.50754165649414,-66.17333221435547,1
All senators praise that determined dancer.,All senators praise those determined dancer.,morphology,determiner_noun_agreement,determiner_noun_agreement_with_adj_2,True,False,True,True,913,-56.789329528808594,-58.65965270996094,1
Laura is investigating these determined students.,Laura is investigating this determined students.,morphology,determiner_noun_agreement,determiner_noun_agreement_with_adj_2,True,False,True,True,914,-42.72395706176758,-41.828033447265625,0
Students escape from these hidden banks.,Students escape from this hidden banks.,morphology,determiner_noun_agreement,determiner_noun_agreement_with_adj_2,True,False,True,True,915,-44.776641845703125,-43.84654235839844,0
This sketch distracted that good organization.,This sketch distracted those good organization.,morphology,determiner_noun_agreement,determiner_noun_agreement_with_adj_2,True,False,True,True,916,-47.44218444824219,-49.16301345825195,1
Kristen disagrees with this good doctor.,Kristen disagrees with these good doctor.,morphology,determiner_noun_agreement,determiner_noun_agreement_with_adj_2,True,False,True,True,917,-44.360145568847656,-45.62895584106445,1
Emily doesn't research this small college campus.,Emily doesn't research these small college campus.,morphology,determiner_noun_agreement,determiner_noun_agreement_with_adj_2,True,False,True,True,918,-54.9307861328125,-56.83721160888672,1
Diane wasn't cleaning that out in the open plate.,Diane wasn't cleaning those out in the open plate.,morphology,determiner_noun_agreement,determiner_noun_agreement_with_adj_2,True,False,True,True,919,-73.53567504882812,-74.49905395507812,1
Danielle boasts about those smart children.,Danielle boasts about that smart children.,morphology,determiner_noun_agreement,determiner_noun_agreement_with_adj_2,True,False,True,True,920,-51.09880065917969,-51.83613967895508,1
That rug isn't worrying these bad organizations.,That rug isn't worrying this bad organizations.,morphology,determiner_noun_agreement,determiner_noun_agreement_with_adj_2,True,False,True,True,921,-61.43328857421875,-58.73101043701172,0
Many senators didn't visit that rough hospital.,Many senators didn't visit those rough hospital.,morphology,determiner_noun_agreement,determiner_noun_agreement_with_adj_2,True,False,True,True,922,-59.31425094604492,-60.443199157714844,1
Donald isn't attacking these excited waitresses.,Donald isn't attacking this excited waitresses.,morphology,determiner_noun_agreement,determiner_noun_agreement_with_adj_2,True,False,True,True,923,-68.70783996582031,-65.77899932861328,0
Many apples will aggravate those big hospitals.,Many apples will aggravate that big hospitals.,morphology,determiner_noun_agreement,determiner_noun_agreement_with_adj_2,True,False,True,True,924,-61.51017761230469,-59.76113510131836,0
Most girls have bothered these ill senators.,Most girls have bothered this ill senators.,morphology,determiner_noun_agreement,determiner_noun_agreement_with_adj_2,True,False,True,True,925,-56.85271072387695,-56.358299255371094,0
Sherry messed up that bad museum.,Sherry messed up those bad museum.,morphology,determiner_noun_agreement,determiner_noun_agreement_with_adj_2,True,False,True,True,926,-54.87984085083008,-57.819435119628906,1
Rhonda criticizes those serious adults.,Rhonda criticizes that serious adults.,morphology,determiner_noun_agreement,determiner_noun_agreement_with_adj_2,True,False,True,True,927,-54.173973083496094,-55.44404602050781,1
Vanessa isn't boasting about those unlucky actresses.,Vanessa isn't boasting about that unlucky actresses.,morphology,determiner_noun_agreement,determiner_noun_agreement_with_adj_2,True,False,True,True,928,-74.46257019042969,-73.66487121582031,0
Rebecca sounds like these uncertain students.,Rebecca sounds like this uncertain students.,morphology,determiner_noun_agreement,determiner_noun_agreement_with_adj_2,True,False,True,True,929,-50.56988525390625,-48.86377716064453,0
Samantha is lifting that hard painting.,Samantha is lifting those hard painting.,morphology,determiner_noun_agreement,determiner_noun_agreement_with_adj_2,True,False,True,True,930,-63.512298583984375,-65.6637191772461,1
These guys wore this white glove.,These guys wore these white glove.,morphology,determiner_noun_agreement,determiner_noun_agreement_with_adj_2,True,False,True,True,931,-45.08716583251953,-47.79528045654297,1
Deborah criticizes this bad cafe.,Deborah criticizes these bad cafe.,morphology,determiner_noun_agreement,determiner_noun_agreement_with_adj_2,True,False,True,True,932,-58.98870849609375,-61.11908721923828,1
Jerry noticed these black forks.,Jerry noticed this black forks.,morphology,determiner_noun_agreement,determiner_noun_agreement_with_adj_2,True,False,True,True,933,-41.59874725341797,-38.66426086425781,0
Carolyn has upset this popular waitress.,Carolyn has upset these popular waitress.,morphology,determiner_noun_agreement,determiner_noun_agreement_with_adj_2,True,False,True,True,934,-54.01108169555664,-57.01929473876953,1
Stephanie lifted those black rugs.,Stephanie lifted that black rugs.,morphology,determiner_noun_agreement,determiner_noun_agreement_with_adj_2,True,False,True,True,935,-57.9007453918457,-54.859771728515625,0
Allison had scanned that long documentary.,Allison had scanned those long documentary.,morphology,determiner_noun_agreement,determiner_noun_agreement_with_adj_2,True,False,True,True,936,-54.69305419921875,-57.30305099487305,1
The senator saw this brown turtle.,The senator saw these brown turtle.,morphology,determiner_noun_agreement,determiner_noun_agreement_with_adj_2,True,False,True,True,937,-49.837371826171875,-51.553443908691406,1
Eva finds those broken forks.,Eva finds that broken forks.,morphology,determiner_noun_agreement,determiner_noun_agreement_with_adj_2,True,False,True,True,938,-41.664886474609375,-37.57023620605469,0
Michael can't care for those hidden children.,Michael can't care for that hidden children.,morphology,determiner_noun_agreement,determiner_noun_agreement_with_adj_2,True,False,True,True,939,-45.91077423095703,-48.78204345703125,1
Bruce had passed those green college campuses.,Bruce had passed that green college campuses.,morphology,determiner_noun_agreement,determiner_noun_agreement_with_adj_2,True,False,True,True,940,-53.86561965942383,-51.037540435791016,0
Lawrence hadn't disturbed this old boy.,Lawrence hadn't disturbed these old boy.,morphology,determiner_noun_agreement,determiner_noun_agreement_with_adj_2,True,False,True,True,941,-59.354366302490234,-63.200531005859375,1
The apple aggravates this hidden library.,The apple aggravates these hidden library.,morphology,determiner_noun_agreement,determiner_noun_agreement_with_adj_2,True,False,True,True,942,-57.29075622558594,-57.76812744140625,1
Omar should lift this bad report.,Omar should lift these bad report.,morphology,determiner_noun_agreement,determiner_noun_agreement_with_adj_2,True,False,True,True,943,-56.29579162597656,-58.562408447265625,1
The Borgias hadn't hidden these smooth eyes.,The Borgias hadn't hidden this smooth eyes.,morphology,determiner_noun_agreement,determiner_noun_agreement_with_adj_2,True,False,True,True,944,-73.33497619628906,-70.97880554199219,0
Nicole explores that bad art gallery.,Nicole explores those bad art gallery.,morphology,determiner_noun_agreement,determiner_noun_agreement_with_adj_2,True,False,True,True,945,-51.648590087890625,-54.00401306152344,1
A lot of cashiers are complaining about this good documentary.,A lot of cashiers are complaining about these good documentary.,morphology,determiner_noun_agreement,determiner_noun_agreement_with_adj_2,True,False,True,True,946,-70.82414245605469,-72.83238220214844,1
Ronald might flee from that small school.,Ronald might flee from those small school.,morphology,determiner_noun_agreement,determiner_noun_agreement_with_adj_2,True,False,True,True,947,-58.18156051635742,-57.221588134765625,0
This organization is impressing that unsure actress.,This organization is impressing those unsure actress.,morphology,determiner_noun_agreement,determiner_noun_agreement_with_adj_2,True,False,True,True,948,-62.57978820800781,-62.282833099365234,0
Anna should sell those purple hospitals.,Anna should sell that purple hospitals.,morphology,determiner_noun_agreement,determiner_noun_agreement_with_adj_2,True,False,True,True,949,-48.69841766357422,-48.050201416015625,0
Theresa had loved that out in the open patient.,Theresa had loved those out in the open patient.,morphology,determiner_noun_agreement,determiner_noun_agreement_with_adj_2,True,False,True,True,950,-64.68070983886719,-67.66836547851562,1
Lucille hadn't listened to those clever actresses.,Lucille hadn't listened to that clever actresses.,morphology,determiner_noun_agreement,determiner_noun_agreement_with_adj_2,True,False,True,True,951,-63.49644088745117,-63.89718246459961,1
Timothy runs around those out in the open public parks.,Timothy runs around that out in the open public parks.,morphology,determiner_noun_agreement,determiner_noun_agreement_with_adj_2,True,False,True,True,952,-72.23001098632812,-72.51344299316406,1
Barbara could research this hidden picture.,Barbara could research these hidden picture.,morphology,determiner_noun_agreement,determiner_noun_agreement_with_adj_2,True,False,True,True,953,-60.76706314086914,-62.66965866088867,1
Mary hadn't revealed this black shirt.,Mary hadn't revealed these black shirt.,morphology,determiner_noun_agreement,determiner_noun_agreement_with_adj_2,True,False,True,True,954,-50.08087158203125,-53.90920639038086,1
Erin has worried these exposed customers.,Erin has worried this exposed customers.,morphology,determiner_noun_agreement,determiner_noun_agreement_with_adj_2,True,False,True,True,955,-49.110294342041016,-49.540679931640625,1
Many students kiss this happy doctor.,Many students kiss these happy doctor.,morphology,determiner_noun_agreement,determiner_noun_agreement_with_adj_2,True,False,True,True,956,-48.62181091308594,-49.934783935546875,1
Most students clean this exposed cat.,Most students clean these exposed cat.,morphology,determiner_noun_agreement,determiner_noun_agreement_with_adj_2,True,False,True,True,957,-49.136688232421875,-49.420509338378906,1
All committees help this hidden driver.,All committees help these hidden driver.,morphology,determiner_noun_agreement,determiner_noun_agreement_with_adj_2,True,False,True,True,958,-47.325992584228516,-47.96894836425781,1
These newspaper articles can't worry those hopeful ladies.,These newspaper articles can't worry that hopeful ladies.,morphology,determiner_noun_agreement,determiner_noun_agreement_with_adj_2,True,False,True,True,959,-71.75475311279297,-70.88949584960938,0
These children boast about that exposed boy.,These children boast about those exposed boy.,morphology,determiner_noun_agreement,determiner_noun_agreement_with_adj_2,True,False,True,True,960,-55.45402145385742,-53.66789245605469,0
Lissa hadn't disgusted these sick senators.,Lissa hadn't disgusted this sick senators.,morphology,determiner_noun_agreement,determiner_noun_agreement_with_adj_2,True,False,True,True,961,-72.34295654296875,-70.44674682617188,0
Carl was talking about those red cafes.,Carl was talking about that red cafes.,morphology,determiner_noun_agreement,determiner_noun_agreement_with_adj_2,True,False,True,True,962,-44.67997360229492,-43.48766326904297,0
The art gallery shocks those important governments.,The art gallery shocks that important governments.,morphology,determiner_noun_agreement,determiner_noun_agreement_with_adj_2,True,False,True,True,963,-61.8842658996582,-56.88743591308594,0
Grace isn't returning to those hidden boys.,Grace isn't returning to that hidden boys.,morphology,determiner_noun_agreement,determiner_noun_agreement_with_adj_2,True,False,True,True,964,-56.923004150390625,-57.87664031982422,1
Janice left these young waiters.,Janice left this young waiters.,morphology,determiner_noun_agreement,determiner_noun_agreement_with_adj_2,True,False,True,True,965,-56.02326965332031,-53.623836517333984,0
All actors talk to these standing waiters.,All actors talk to this standing waiters.,morphology,determiner_noun_agreement,determiner_noun_agreement_with_adj_2,True,False,True,True,966,-61.32878875732422,-59.75825881958008,0
Kirsten isn't fixing this messy plate.,Kirsten isn't fixing these messy plate.,morphology,determiner_noun_agreement,determiner_noun_agreement_with_adj_2,True,False,True,True,967,-67.6528549194336,-69.00827026367188,1
Maria wasn't escaping from those unconvinced guests.,Maria wasn't escaping from that unconvinced guests.,morphology,determiner_noun_agreement,determiner_noun_agreement_with_adj_2,True,False,True,True,968,-79.32864379882812,-79.58122253417969,1
A lot of girls visit these gray cafes.,A lot of girls visit this gray cafes.,morphology,determiner_noun_agreement,determiner_noun_agreement_with_adj_2,True,False,True,True,969,-58.543968200683594,-57.012901306152344,0
Vanessa biked to these red high schools.,Vanessa biked to this red high schools.,morphology,determiner_noun_agreement,determiner_noun_agreement_with_adj_2,True,False,True,True,970,-68.12057495117188,-65.80393981933594,0
Some universities disturb this sick actor.,Some universities disturb these sick actor.,morphology,determiner_noun_agreement,determiner_noun_agreement_with_adj_2,True,False,True,True,971,-54.996849060058594,-56.35203552246094,1
Anna can observe these popular pedestrians.,Anna can observe this popular pedestrians.,morphology,determiner_noun_agreement,determiner_noun_agreement_with_adj_2,True,False,True,True,972,-43.816856384277344,-42.07530212402344,0
All drivers should love these ill cashiers.,All drivers should love this ill cashiers.,morphology,determiner_noun_agreement,determiner_noun_agreement_with_adj_2,True,False,True,True,973,-64.37997436523438,-65.01463317871094,1
Kenneth has known this young doctor.,Kenneth has known these young doctor.,morphology,determiner_noun_agreement,determiner_noun_agreement_with_adj_2,True,False,True,True,974,-45.351951599121094,-46.161293029785156,1
Some teenagers fire these delighted girls.,Some teenagers fire this delighted girls.,morphology,determiner_noun_agreement,determiner_noun_agreement_with_adj_2,True,False,True,True,975,-55.36760711669922,-53.671241760253906,0
Monica had loved those displeased waitresses.,Monica had loved that displeased waitresses.,morphology,determiner_noun_agreement,determiner_noun_agreement_with_adj_2,True,False,True,True,976,-74.57728576660156,-71.40934753417969,0
Those companies annoy those delighted waiters.,Those companies annoy that delighted waiters.,morphology,determiner_noun_agreement,determiner_noun_agreement_with_adj_2,True,False,True,True,977,-59.72350311279297,-58.14942932128906,0
Julia was returning to these good actors.,Julia was returning to this good actors.,morphology,determiner_noun_agreement,determiner_noun_agreement_with_adj_2,True,False,True,True,978,-50.42524719238281,-48.404624938964844,0
Wendy would boast about those delighted actresses.,Wendy would boast about that delighted actresses.,morphology,determiner_noun_agreement,determiner_noun_agreement_with_adj_2,True,False,True,True,979,-73.25704956054688,-73.23179626464844,0
Nicole is cleaning those green couches.,Nicole is cleaning that green couches.,morphology,determiner_noun_agreement,determiner_noun_agreement_with_adj_2,True,False,True,True,980,-53.913963317871094,-50.8759765625,0
The Clintons toured that red high school.,The Clintons toured those red high school.,morphology,determiner_noun_agreement,determiner_noun_agreement_with_adj_2,True,False,True,True,981,-57.58270263671875,-59.30089569091797,1
The waitresses have these hard movie theaters.,The waitresses have this hard movie theaters.,morphology,determiner_noun_agreement,determiner_noun_agreement_with_adj_2,True,False,True,True,982,-67.16773986816406,-65.9432601928711,0
Those actors return to these bad art galleries.,Those actors return to this bad art galleries.,morphology,determiner_noun_agreement,determiner_noun_agreement_with_adj_2,True,False,True,True,983,-59.008819580078125,-55.835052490234375,0
All drawings look like these small skirts.,All drawings look like this small skirts.,morphology,determiner_noun_agreement,determiner_noun_agreement_with_adj_2,True,False,True,True,984,-48.45771026611328,-46.59177017211914,0
The Impressionists visit this rough bank.,The Impressionists visit these rough bank.,morphology,determiner_noun_agreement,determiner_noun_agreement_with_adj_2,True,False,True,True,985,-64.8314437866211,-66.6487045288086,1
Those waitresses weren't cleaning those bad grocery stores.,Those waitresses weren't cleaning that bad grocery stores.,morphology,determiner_noun_agreement,determiner_noun_agreement_with_adj_2,True,False,True,True,986,-77.52891540527344,-75.6841812133789,0
Lissa alarmed these nice adults.,Lissa alarmed this nice adults.,morphology,determiner_noun_agreement,determiner_noun_agreement_with_adj_2,True,False,True,True,987,-56.10216522216797,-52.59797286987305,0
The Lutherans sell those white paintings.,The Lutherans sell that white paintings.,morphology,determiner_noun_agreement,determiner_noun_agreement_with_adj_2,True,False,True,True,988,-60.1456184387207,-59.86871337890625,0
Organizations described this small movie theater.,Organizations described these small movie theater.,morphology,determiner_noun_agreement,determiner_noun_agreement_with_adj_2,True,False,True,True,989,-52.1898193359375,-56.07804870605469,1
Some teenagers talk about these smart girls.,Some teenagers talk about this smart girls.,morphology,determiner_noun_agreement,determiner_noun_agreement_with_adj_2,True,False,True,True,990,-48.71336364746094,-46.80517578125,0
Heidi didn't kiss that nice teenager.,Heidi didn't kiss those nice teenager.,morphology,determiner_noun_agreement,determiner_noun_agreement_with_adj_2,True,False,True,True,991,-62.33564376831055,-64.97744750976562,1
A school insults those good art galleries.,A school insults that good art galleries.,morphology,determiner_noun_agreement,determiner_noun_agreement_with_adj_2,True,False,True,True,992,-60.21973419189453,-56.916175842285156,0
Sandra boasts about this excited teacher.,Sandra boasts about these excited teacher.,morphology,determiner_noun_agreement,determiner_noun_agreement_with_adj_2,True,False,True,True,993,-54.50366973876953,-56.81401062011719,1
Michelle can't argue about those sick children.,Michelle can't argue about that sick children.,morphology,determiner_noun_agreement,determiner_noun_agreement_with_adj_2,True,False,True,True,994,-45.90639877319336,-46.758750915527344,1
Robert isn't disturbing these cheap hospitals.,Robert isn't disturbing this cheap hospitals.,morphology,determiner_noun_agreement,determiner_noun_agreement_with_adj_2,True,False,True,True,995,-55.08952713012695,-54.55790710449219,0
Martha didn't take that red movie theater.,Martha didn't take those red movie theater.,morphology,determiner_noun_agreement,determiner_noun_agreement_with_adj_2,True,False,True,True,996,-61.3975830078125,-62.22113800048828,1
Randolf wasn't leaving this black school.,Randolf wasn't leaving these black school.,morphology,determiner_noun_agreement,determiner_noun_agreement_with_adj_2,True,False,True,True,997,-60.81685256958008,-63.62250518798828,1
The Borgias investigate these happy cashiers.,The Borgias investigate this happy cashiers.,morphology,determiner_noun_agreement,determiner_noun_agreement_with_adj_2,True,False,True,True,998,-75.29571533203125,-74.4000473022461,0
Cheryl brought these important shawls.,Cheryl brought this important shawls.,morphology,determiner_noun_agreement,determiner_noun_agreement_with_adj_2,True,False,True,True,999,-70.88069152832031,-68.11186981201172,0
