sentence_good,sentence_bad,field,linguistics_term,UID,simple_LM_method,one_prefix_method,two_prefix_method,lexically_identical,pair_id,good_prob,bad_prob,correct
Cynthia scans these hard books.,Cynthia scans this hard books.,morphology,determiner_noun_agreement,determiner_noun_agreement_with_adj_2,True,False,True,True,0,-59.287872314453125,-60.125762939453125,1
Donna might hire this serious actress.,Donna might hire these serious actress.,morphology,determiner_noun_agreement,determiner_noun_agreement_with_adj_2,True,False,True,True,1,-58.687843322753906,-63.16473388671875,1
Wendy forgot those upset doctors.,Wendy forgot that upset doctors.,morphology,determiner_noun_agreement,determiner_noun_agreement_with_adj_2,True,False,True,True,2,-64.05937194824219,-61.508480072021484,0
Carlos hasn't fired those uncertain students.,Carlos hasn't fired that uncertain students.,morphology,determiner_noun_agreement,determiner_noun_agreement_with_adj_2,True,False,True,True,3,-62.63400650024414,-61.798797607421875,0
Claire will conceal those hopeful cashiers.,Claire will conceal that hopeful cashiers.,morphology,determiner_noun_agreement,determiner_noun_agreement_with_adj_2,True,False,True,True,4,-68.63536071777344,-70.4407958984375,1
Some actors buy these gray books.,Some actors buy this gray books.,morphology,determiner_noun_agreement,determiner_noun_agreement_with_adj_2,True,False,True,True,5,-46.830413818359375,-47.89314651489258,1
Jerry appreciates this lost report.,Jerry appreciates these lost report.,morphology,determiner_noun_agreement,determiner_noun_agreement_with_adj_2,True,False,True,True,6,-50.44511032104492,-55.24935531616211,1
Deanna reveals these black public parks.,Deanna reveals this black public parks.,morphology,determiner_noun_agreement,determiner_noun_agreement_with_adj_2,True,False,True,True,7,-57.18938446044922,-57.305206298828125,1
Tracy has boasted about those unsure children.,Tracy has boasted about that unsure children.,morphology,determiner_noun_agreement,determiner_noun_agreement_with_adj_2,True,False,True,True,8,-61.2131462097168,-64.45013427734375,1
This eggplant distracts this hopeful girl.,This eggplant distracts these hopeful girl.,morphology,determiner_noun_agreement,determiner_noun_agreement_with_adj_2,True,False,True,True,9,-67.09353637695312,-70.86420440673828,1
That sweater had resembled that out in the open drawing.,That sweater had resembled those out in the open drawing.,morphology,determiner_noun_agreement,determiner_noun_agreement_with_adj_2,True,False,True,True,10,-74.09431457519531,-75.02363586425781,1
Nancy astounded that young pedestrian.,Nancy astounded those young pedestrian.,morphology,determiner_noun_agreement,determiner_noun_agreement_with_adj_2,True,False,True,True,11,-68.41838073730469,-66.47645568847656,0
The documentaries can aggravate those busy actors.,The documentaries can aggravate that busy actors.,morphology,determiner_noun_agreement,determiner_noun_agreement_with_adj_2,True,False,True,True,12,-59.90114974975586,-61.87494659423828,1
Most senators aren't exiting this popular restaurant.,Most senators aren't exiting these popular restaurant.,morphology,determiner_noun_agreement,determiner_noun_agreement_with_adj_2,True,False,True,True,13,-61.865455627441406,-66.44772338867188,1
Wayne looked like those bad paintings.,Wayne looked like that bad paintings.,morphology,determiner_noun_agreement,determiner_noun_agreement_with_adj_2,True,False,True,True,14,-52.385780334472656,-51.693702697753906,0
Christina loves these popular essays.,Christina loves this popular essays.,morphology,determiner_noun_agreement,determiner_noun_agreement_with_adj_2,True,False,True,True,15,-41.69852066040039,-42.10503005981445,1
Katherine hasn't bothered that delighted waiter.,Katherine hasn't bothered those delighted waiter.,morphology,determiner_noun_agreement,determiner_noun_agreement_with_adj_2,True,False,True,True,16,-64.95846557617188,-66.38164520263672,1
A lot of pedestrians had complained about this unconvinced teenager.,A lot of pedestrians had complained about these unconvinced teenager.,morphology,determiner_noun_agreement,determiner_noun_agreement_with_adj_2,True,False,True,True,17,-79.5897216796875,-83.4552230834961,1
This eggplant hasn't resembled that out in the open print.,This eggplant hasn't resembled those out in the open print.,morphology,determiner_noun_agreement,determiner_noun_agreement_with_adj_2,True,False,True,True,18,-78.67520141601562,-78.77572631835938,1
Kathleen cleaned that yellow college campus.,Kathleen cleaned those yellow college campus.,morphology,determiner_noun_agreement,determiner_noun_agreement_with_adj_2,True,False,True,True,19,-72.41586303710938,-72.38127136230469,0
Randolf had healed this young boy.,Randolf had healed these young boy.,morphology,determiner_noun_agreement,determiner_noun_agreement_with_adj_2,True,False,True,True,20,-53.620540618896484,-56.04106903076172,1
Many governments hadn't respected these excited children.,Many governments hadn't respected this excited children.,morphology,determiner_noun_agreement,determiner_noun_agreement_with_adj_2,True,False,True,True,21,-63.86537170410156,-63.96510696411133,1
Cheryl forgot these big waitresses.,Cheryl forgot this big waitresses.,morphology,determiner_noun_agreement,determiner_noun_agreement_with_adj_2,True,False,True,True,22,-73.46122741699219,-74.1414794921875,1
Judy wasn't embarrassing these old students.,Judy wasn't embarrassing this old students.,morphology,determiner_noun_agreement,determiner_noun_agreement_with_adj_2,True,False,True,True,23,-59.91852569580078,-60.54338455200195,1
The waitresses alarm those content dancers.,The waitresses alarm that content dancers.,morphology,determiner_noun_agreement,determiner_noun_agreement_with_adj_2,True,False,True,True,24,-76.78339385986328,-74.61996459960938,0
Most people leave those purple cafes.,Most people leave that purple cafes.,morphology,determiner_noun_agreement,determiner_noun_agreement_with_adj_2,True,False,True,True,25,-48.74830627441406,-51.58897018432617,1
A ladder won't annoy these popular governments.,A ladder won't annoy this popular governments.,morphology,determiner_noun_agreement,determiner_noun_agreement_with_adj_2,True,False,True,True,26,-66.2801513671875,-65.83773803710938,0
Most adults shocks these popular drivers.,Most adults shocks this popular drivers.,morphology,determiner_noun_agreement,determiner_noun_agreement_with_adj_2,True,False,True,True,27,-53.931060791015625,-54.52412414550781,1
Some turtle resembled that small photograph.,Some turtle resembled those small photograph.,morphology,determiner_noun_agreement,determiner_noun_agreement_with_adj_2,True,False,True,True,28,-54.60614013671875,-54.010711669921875,0
A lot of sweaters resemble these yellow pictures.,A lot of sweaters resemble this yellow pictures.,morphology,determiner_noun_agreement,determiner_noun_agreement_with_adj_2,True,False,True,True,29,-57.50682067871094,-58.150428771972656,1
Peter resembled these bad photographs.,Peter resembled this bad photographs.,morphology,determiner_noun_agreement,determiner_noun_agreement_with_adj_2,True,False,True,True,30,-45.94160079956055,-45.6972541809082,0
Galileo sounds like this important essay.,Galileo sounds like these important essay.,morphology,determiner_noun_agreement,determiner_noun_agreement_with_adj_2,True,False,True,True,31,-57.878173828125,-61.8034553527832,1
Those ladies work with these lucky actors.,Those ladies work with this lucky actors.,morphology,determiner_noun_agreement,determiner_noun_agreement_with_adj_2,True,False,True,True,32,-50.47750473022461,-51.8619384765625,1
All women reveal that exposed painting.,All women reveal those exposed painting.,morphology,determiner_noun_agreement,determiner_noun_agreement_with_adj_2,True,False,True,True,33,-53.52918243408203,-52.004249572753906,0
Sandra had stunned that young teacher.,Sandra had stunned those young teacher.,morphology,determiner_noun_agreement,determiner_noun_agreement_with_adj_2,True,False,True,True,34,-55.36495590209961,-57.5196418762207,1
That plate resembles those big sketches.,That plate resembles that big sketches.,morphology,determiner_noun_agreement,determiner_noun_agreement_with_adj_2,True,False,True,True,35,-54.85931396484375,-54.88882064819336,1
Sarah has discussed that big waitress.,Sarah has discussed those big waitress.,morphology,determiner_noun_agreement,determiner_noun_agreement_with_adj_2,True,False,True,True,36,-48.9139289855957,-49.548622131347656,1
Heather hasn't worked with this content adult.,Heather hasn't worked with these content adult.,morphology,determiner_noun_agreement,determiner_noun_agreement_with_adj_2,True,False,True,True,37,-63.75556182861328,-67.00489807128906,1
Becca hadn't hugged these fast actors.,Becca hadn't hugged this fast actors.,morphology,determiner_noun_agreement,determiner_noun_agreement_with_adj_2,True,False,True,True,38,-64.6922607421875,-64.29682922363281,0
Robert isn't lifting that dirty dress.,Robert isn't lifting those dirty dress.,morphology,determiner_noun_agreement,determiner_noun_agreement_with_adj_2,True,False,True,True,39,-56.516754150390625,-58.34437561035156,1
Linda runs around these exposed grocery stores.,Linda runs around this exposed grocery stores.,morphology,determiner_noun_agreement,determiner_noun_agreement_with_adj_2,True,False,True,True,40,-58.644248962402344,-60.41175842285156,1
Most teachers sound like those ill drivers.,Most teachers sound like that ill drivers.,morphology,determiner_noun_agreement,determiner_noun_agreement_with_adj_2,True,False,True,True,41,-54.200599670410156,-54.893245697021484,1
Wendy isn't escaping from these unemployed dancers.,Wendy isn't escaping from this unemployed dancers.,morphology,determiner_noun_agreement,determiner_noun_agreement_with_adj_2,True,False,True,True,42,-74.37340545654297,-77.0789794921875,1
Homer won't watch that exposed teacher.,Homer won't watch those exposed teacher.,morphology,determiner_noun_agreement,determiner_noun_agreement_with_adj_2,True,False,True,True,43,-66.15019226074219,-65.10182189941406,0
All drivers confuses those ill actresses.,All drivers confuses that ill actresses.,morphology,determiner_noun_agreement,determiner_noun_agreement_with_adj_2,True,False,True,True,44,-61.284271240234375,-61.46810531616211,1
Connie had disturbed that important legislature.,Connie had disturbed those important legislature.,morphology,determiner_noun_agreement,determiner_noun_agreement_with_adj_2,True,False,True,True,45,-65.01312255859375,-66.56866455078125,1
Brad won't visit these gray schools.,Brad won't visit this gray schools.,morphology,determiner_noun_agreement,determiner_noun_agreement_with_adj_2,True,False,True,True,46,-57.302886962890625,-59.10503387451172,1
Joel is finding these red plates.,Joel is finding this red plates.,morphology,determiner_noun_agreement,determiner_noun_agreement_with_adj_2,True,False,True,True,47,-49.977882385253906,-49.856781005859375,0
Winston Churchill criticized that new high school.,Winston Churchill criticized those new high school.,morphology,determiner_noun_agreement,determiner_noun_agreement_with_adj_2,True,False,True,True,48,-68.38224029541016,-68.71305847167969,1
Sherry talked about these dirty hospitals.,Sherry talked about this dirty hospitals.,morphology,determiner_noun_agreement,determiner_noun_agreement_with_adj_2,True,False,True,True,49,-54.24119186401367,-55.02379608154297,1
Many mouths look like this small drawing.,Many mouths look like these small drawing.,morphology,determiner_noun_agreement,determiner_noun_agreement_with_adj_2,True,False,True,True,50,-47.97651672363281,-50.604408264160156,1
Valerie heals those ill rabbits.,Valerie heals that ill rabbits.,morphology,determiner_noun_agreement,determiner_noun_agreement_with_adj_2,True,False,True,True,51,-54.402435302734375,-55.07342529296875,1
Those senators shock that bad guy.,Those senators shock those bad guy.,morphology,determiner_noun_agreement,determiner_noun_agreement_with_adj_2,True,False,True,True,52,-54.2431640625,-55.03428649902344,1
Diana would heal this sick hamster.,Diana would heal these sick hamster.,morphology,determiner_noun_agreement,determiner_noun_agreement_with_adj_2,True,False,True,True,53,-63.82815170288086,-65.23497009277344,1
Larry cures this sick driver.,Larry cures these sick driver.,morphology,determiner_noun_agreement,determiner_noun_agreement_with_adj_2,True,False,True,True,54,-48.45396423339844,-51.756813049316406,1
This actor might like that determined pedestrian.,This actor might like those determined pedestrian.,morphology,determiner_noun_agreement,determiner_noun_agreement_with_adj_2,True,False,True,True,55,-61.87974166870117,-63.745052337646484,1
This student runs around these red grocery stores.,This student runs around this red grocery stores.,morphology,determiner_noun_agreement,determiner_noun_agreement_with_adj_2,True,False,True,True,56,-56.67303466796875,-56.87710189819336,1
Laura had bought these small books.,Laura had bought this small books.,morphology,determiner_noun_agreement,determiner_noun_agreement_with_adj_2,True,False,True,True,57,-40.00991439819336,-41.07229995727539,1
Those organizations aggravate those busy teenagers.,Those organizations aggravate that busy teenagers.,morphology,determiner_noun_agreement,determiner_noun_agreement_with_adj_2,True,False,True,True,58,-52.593597412109375,-55.374839782714844,1
Melinda liked these green sketches.,Melinda liked this green sketches.,morphology,determiner_noun_agreement,determiner_noun_agreement_with_adj_2,True,False,True,True,59,-49.79224395751953,-49.3531608581543,0
Most children wear those smooth shawls.,Most children wear that smooth shawls.,morphology,determiner_noun_agreement,determiner_noun_agreement_with_adj_2,True,False,True,True,60,-61.48468780517578,-60.30662155151367,0
Many drivers had hidden those good scarves.,Many drivers had hidden that good scarves.,morphology,determiner_noun_agreement,determiner_noun_agreement_with_adj_2,True,False,True,True,61,-59.31023406982422,-59.30962371826172,0
Jill finds this hidden bird.,Jill finds these hidden bird.,morphology,determiner_noun_agreement,determiner_noun_agreement_with_adj_2,True,False,True,True,62,-47.427398681640625,-49.626441955566406,1
Kathleen is cleaning these purple banks.,Kathleen is cleaning this purple banks.,morphology,determiner_noun_agreement,determiner_noun_agreement_with_adj_2,True,False,True,True,63,-65.41082763671875,-65.5019302368164,1
Some picture isn't annoying these upset waitresses.,Some picture isn't annoying this upset waitresses.,morphology,determiner_noun_agreement,determiner_noun_agreement_with_adj_2,True,False,True,True,64,-72.25398254394531,-73.50846862792969,1
Kendra messes up that bad movie theater.,Kendra messes up those bad movie theater.,morphology,determiner_noun_agreement,determiner_noun_agreement_with_adj_2,True,False,True,True,65,-70.34890747070312,-71.06857299804688,1
Larry bored this bad teenager.,Larry bored these bad teenager.,morphology,determiner_noun_agreement,determiner_noun_agreement_with_adj_2,True,False,True,True,66,-48.80933380126953,-51.34373474121094,1
This waiter hasn't scanned that long book.,This waiter hasn't scanned those long book.,morphology,determiner_noun_agreement,determiner_noun_agreement_with_adj_2,True,False,True,True,67,-59.37801742553711,-61.98694610595703,1
Amy tours those smooth college campuses.,Amy tours that smooth college campuses.,morphology,determiner_noun_agreement,determiner_noun_agreement_with_adj_2,True,False,True,True,68,-62.996131896972656,-58.83518981933594,0
Some movies sound like this lost doctor.,Some movies sound like these lost doctor.,morphology,determiner_noun_agreement,determiner_noun_agreement_with_adj_2,True,False,True,True,69,-52.83573532104492,-55.94889831542969,1
Many patients research those blue sketches.,Many patients research that blue sketches.,morphology,determiner_noun_agreement,determiner_noun_agreement_with_adj_2,True,False,True,True,70,-56.92189025878906,-52.760101318359375,0
Valerie listens to those displeased dancers.,Valerie listens to that displeased dancers.,morphology,determiner_noun_agreement,determiner_noun_agreement_with_adj_2,True,False,True,True,71,-60.85149002075195,-63.34812927246094,1
Every lady didn't disturb those busy teenagers.,Every lady didn't disturb that busy teenagers.,morphology,determiner_noun_agreement,determiner_noun_agreement_with_adj_2,True,False,True,True,72,-55.51020050048828,-57.72180938720703,1
Danielle questioned this out in the open teenager.,Danielle questioned these out in the open teenager.,morphology,determiner_noun_agreement,determiner_noun_agreement_with_adj_2,True,False,True,True,73,-63.55214309692383,-68.66751861572266,1
The drivers watch these nice dancers.,The drivers watch this nice dancers.,morphology,determiner_noun_agreement,determiner_noun_agreement_with_adj_2,True,False,True,True,74,-48.43488693237305,-49.167335510253906,1
Clyde did approach these hidden senators.,Clyde did approach this hidden senators.,morphology,determiner_noun_agreement,determiner_noun_agreement_with_adj_2,True,False,True,True,75,-75.12174224853516,-76.08761596679688,1
The movies disagree with these old children.,The movies disagree with this old children.,morphology,determiner_noun_agreement,determiner_noun_agreement_with_adj_2,True,False,True,True,76,-49.98119354248047,-50.25439453125,1
Every teacher buys that out in the open grocery store.,Every teacher buys those out in the open grocery store.,morphology,determiner_noun_agreement,determiner_noun_agreement_with_adj_2,True,False,True,True,77,-63.46316909790039,-63.47779846191406,1
Jessica hires this nice guy.,Jessica hires these nice guy.,morphology,determiner_noun_agreement,determiner_noun_agreement_with_adj_2,True,False,True,True,78,-44.010345458984375,-47.578834533691406,1
Dana hadn't lifted this new college campus.,Dana hadn't lifted these new college campus.,morphology,determiner_noun_agreement,determiner_noun_agreement_with_adj_2,True,False,True,True,79,-63.53963088989258,-66.7348403930664,1
A lot of organizations scare these confident senators.,A lot of organizations scare this confident senators.,morphology,determiner_noun_agreement,determiner_noun_agreement_with_adj_2,True,False,True,True,80,-65.15174865722656,-65.64398193359375,1
Lucille might take those bad dishes.,Lucille might take that bad dishes.,morphology,determiner_noun_agreement,determiner_noun_agreement_with_adj_2,True,False,True,True,81,-56.420005798339844,-56.48005676269531,1
Amelia hasn't dropped by those out in the open cafes.,Amelia hasn't dropped by that out in the open cafes.,morphology,determiner_noun_agreement,determiner_noun_agreement_with_adj_2,True,False,True,True,82,-79.25559997558594,-80.10704040527344,1
Meredith won't scan that bad documentary.,Meredith won't scan those bad documentary.,morphology,determiner_noun_agreement,determiner_noun_agreement_with_adj_2,True,False,True,True,83,-64.20721435546875,-65.42008209228516,1
Katherine healed these out in the open snakes.,Katherine healed this out in the open snakes.,morphology,determiner_noun_agreement,determiner_noun_agreement_with_adj_2,True,False,True,True,84,-69.09205627441406,-66.29129791259766,0
Ronald fires this bad customer.,Ronald fires these bad customer.,morphology,determiner_noun_agreement,determiner_noun_agreement_with_adj_2,True,False,True,True,85,-55.53248977661133,-59.155860900878906,1
Danielle wouldn't bring these long pamphlets.,Danielle wouldn't bring this long pamphlets.,morphology,determiner_noun_agreement,determiner_noun_agreement_with_adj_2,True,False,True,True,86,-60.49620056152344,-59.170013427734375,0
Jennifer was hurting that uncertain driver.,Jennifer was hurting those uncertain driver.,morphology,determiner_noun_agreement,determiner_noun_agreement_with_adj_2,True,False,True,True,87,-53.681976318359375,-54.56080627441406,1
Tiffany hasn't worked with this young teenager.,Tiffany hasn't worked with these young teenager.,morphology,determiner_noun_agreement,determiner_noun_agreement_with_adj_2,True,False,True,True,88,-55.293209075927734,-59.037452697753906,1
Sabrina was scanning this hard book.,Sabrina was scanning these hard book.,morphology,determiner_noun_agreement,determiner_noun_agreement_with_adj_2,True,False,True,True,89,-50.20744323730469,-53.424468994140625,1
Eric hired that ill student.,Eric hired those ill student.,morphology,determiner_noun_agreement,determiner_noun_agreement_with_adj_2,True,False,True,True,90,-49.17097091674805,-51.73701858520508,1
Liam flees from those determined actors.,Liam flees from that determined actors.,morphology,determiner_noun_agreement,determiner_noun_agreement_with_adj_2,True,False,True,True,91,-70.68299865722656,-71.26963806152344,1
Noah notices that gray restaurant.,Noah notices those gray restaurant.,morphology,determiner_noun_agreement,determiner_noun_agreement_with_adj_2,True,False,True,True,92,-60.874359130859375,-65.84346008300781,1
Those children question those out in the open boys.,Those children question that out in the open boys.,morphology,determiner_noun_agreement,determiner_noun_agreement_with_adj_2,True,False,True,True,93,-65.68954467773438,-63.894615173339844,0
Most children conceal this smart dancer.,Most children conceal these smart dancer.,morphology,determiner_noun_agreement,determiner_noun_agreement_with_adj_2,True,False,True,True,94,-53.87746047973633,-55.325889587402344,1
Most actresses had healed these busy children.,Most actresses had healed this busy children.,morphology,determiner_noun_agreement,determiner_noun_agreement_with_adj_2,True,False,True,True,95,-57.19004440307617,-57.682010650634766,1
Gerald could examine that long essay.,Gerald could examine those long essay.,morphology,determiner_noun_agreement,determiner_noun_agreement_with_adj_2,True,False,True,True,96,-56.31725311279297,-57.7083740234375,1
Lawrence is insulting these popular documentaries.,Lawrence is insulting this popular documentaries.,morphology,determiner_noun_agreement,determiner_noun_agreement_with_adj_2,True,False,True,True,97,-57.137516021728516,-57.46650695800781,1
All boys kiss these big actresses.,All boys kiss this big actresses.,morphology,determiner_noun_agreement,determiner_noun_agreement_with_adj_2,True,False,True,True,98,-52.503177642822266,-54.005958557128906,1
Many cashiers were discussing this concealed report.,Many cashiers were discussing these concealed report.,morphology,determiner_noun_agreement,determiner_noun_agreement_with_adj_2,True,False,True,True,99,-63.52234649658203,-67.24494171142578,1
Stacey cleaned this good cafe.,Stacey cleaned these good cafe.,morphology,determiner_noun_agreement,determiner_noun_agreement_with_adj_2,True,False,True,True,100,-50.505615234375,-54.63636779785156,1
Guys love those small teenagers.,Guys love that small teenagers.,morphology,determiner_noun_agreement,determiner_noun_agreement_with_adj_2,True,False,True,True,101,-52.71246337890625,-54.63391876220703,1
Some guest broke this cheap fork.,Some guest broke these cheap fork.,morphology,determiner_noun_agreement,determiner_noun_agreement_with_adj_2,True,False,True,True,102,-52.759708404541016,-53.78071594238281,1
The Great Lakes might stun those troubled pedestrians.,The Great Lakes might stun that troubled pedestrians.,morphology,determiner_noun_agreement,determiner_noun_agreement_with_adj_2,True,False,True,True,103,-63.86811065673828,-64.57395935058594,1
Elaine had fled from that unlucky girl.,Elaine had fled from those unlucky girl.,morphology,determiner_noun_agreement,determiner_noun_agreement_with_adj_2,True,False,True,True,104,-66.92813110351562,-66.20293426513672,0
Dawn hadn't thought about that lucky waiter.,Dawn hadn't thought about those lucky waiter.,morphology,determiner_noun_agreement,determiner_noun_agreement_with_adj_2,True,False,True,True,105,-64.67049407958984,-62.042930603027344,0
This wheelbarrow annoys this small library.,This wheelbarrow annoys these small library.,morphology,determiner_noun_agreement,determiner_noun_agreement_with_adj_2,True,False,True,True,106,-68.85967254638672,-71.15974426269531,1
Michelle wasn't visiting that concealed mall.,Michelle wasn't visiting those concealed mall.,morphology,determiner_noun_agreement,determiner_noun_agreement_with_adj_2,True,False,True,True,107,-63.556976318359375,-62.73682403564453,0
Some book isn't astounding this messy bank.,Some book isn't astounding these messy bank.,morphology,determiner_noun_agreement,determiner_noun_agreement_with_adj_2,True,False,True,True,108,-59.67750930786133,-62.96065902709961,1
Kristin watches those lost actors.,Kristin watches that lost actors.,morphology,determiner_noun_agreement,determiner_noun_agreement_with_adj_2,True,False,True,True,109,-57.44757843017578,-54.42151641845703,0
Dawn hates this determined patient.,Dawn hates these determined patient.,morphology,determiner_noun_agreement,determiner_noun_agreement_with_adj_2,True,False,True,True,110,-56.16889953613281,-59.60455322265625,1
These people had praised that lucky customer.,These people had praised those lucky customer.,morphology,determiner_noun_agreement,determiner_noun_agreement_with_adj_2,True,False,True,True,111,-53.41234588623047,-53.06095886230469,0
Rodney goes to this new mall.,Rodney goes to these new mall.,morphology,determiner_noun_agreement,determiner_noun_agreement_with_adj_2,True,False,True,True,112,-46.14514923095703,-50.09560012817383,1
Those boys run around those popular public parks.,Those boys run around that popular public parks.,morphology,determiner_noun_agreement,determiner_noun_agreement_with_adj_2,True,False,True,True,113,-58.383174896240234,-58.18708038330078,0
Noah couldn't leave these smart actors.,Noah couldn't leave this smart actors.,morphology,determiner_noun_agreement,determiner_noun_agreement_with_adj_2,True,False,True,True,114,-58.128334045410156,-59.846046447753906,1
Lori should conceal this yellow library.,Lori should conceal these yellow library.,morphology,determiner_noun_agreement,determiner_noun_agreement_with_adj_2,True,False,True,True,115,-59.18524932861328,-62.129310607910156,1
The documentary does alarm these displeased actors.,The documentary does alarm this displeased actors.,morphology,determiner_noun_agreement,determiner_noun_agreement_with_adj_2,True,False,True,True,116,-67.00570678710938,-67.89937591552734,1
The Clintons have exited that cheap museum.,The Clintons have exited those cheap museum.,morphology,determiner_noun_agreement,determiner_noun_agreement_with_adj_2,True,False,True,True,117,-58.75873565673828,-59.451820373535156,1
Many doctors go to this messy museum.,Many doctors go to these messy museum.,morphology,determiner_noun_agreement,determiner_noun_agreement_with_adj_2,True,False,True,True,118,-49.336204528808594,-54.193058013916016,1
The committee has taken these bad dogs.,The committee has taken this bad dogs.,morphology,determiner_noun_agreement,determiner_noun_agreement_with_adj_2,True,False,True,True,119,-47.11350631713867,-45.73521423339844,0
Lawrence did watch those unconvinced doctors.,Lawrence did watch that unconvinced doctors.,morphology,determiner_noun_agreement,determiner_noun_agreement_with_adj_2,True,False,True,True,120,-74.88224792480469,-75.18099975585938,1
Wayne should walk through these small libraries.,Wayne should walk through this small libraries.,morphology,determiner_noun_agreement,determiner_noun_agreement_with_adj_2,True,False,True,True,121,-52.6897087097168,-54.27714538574219,1
A waiter hasn't boycotted this popular organization.,A waiter hasn't boycotted these popular organization.,morphology,determiner_noun_agreement,determiner_noun_agreement_with_adj_2,True,False,True,True,122,-80.30226135253906,-84.63702392578125,1
Most guests can insult this concealed actress.,Most guests can insult these concealed actress.,morphology,determiner_noun_agreement,determiner_noun_agreement_with_adj_2,True,False,True,True,123,-61.954673767089844,-64.82568359375,1
Some women reference that popular commentary.,Some women reference those popular commentary.,morphology,determiner_noun_agreement,determiner_noun_agreement_with_adj_2,True,False,True,True,124,-53.51984786987305,-53.4799919128418,0
Carrie examines this popular play.,Carrie examines these popular play.,morphology,determiner_noun_agreement,determiner_noun_agreement_with_adj_2,True,False,True,True,125,-48.481201171875,-51.58308029174805,1
Laurie hadn't cleaned these bad jackets.,Laurie hadn't cleaned this bad jackets.,morphology,determiner_noun_agreement,determiner_noun_agreement_with_adj_2,True,False,True,True,126,-63.92494583129883,-64.20426177978516,1
Margaret hasn't concealed those lost ladies.,Margaret hasn't concealed that lost ladies.,morphology,determiner_noun_agreement,determiner_noun_agreement_with_adj_2,True,False,True,True,127,-63.46272659301758,-62.1610221862793,0
Alan hasn't helped those delighted girls.,Alan hasn't helped that delighted girls.,morphology,determiner_noun_agreement,determiner_noun_agreement_with_adj_2,True,False,True,True,128,-55.50056076049805,-57.80671310424805,1
Vanessa hasn't discovered these brown sketches.,Vanessa hasn't discovered this brown sketches.,morphology,determiner_noun_agreement,determiner_noun_agreement_with_adj_2,True,False,True,True,129,-58.550575256347656,-57.79473876953125,0
Liam hasn't insulted that clever student.,Liam hasn't insulted those clever student.,morphology,determiner_noun_agreement,determiner_noun_agreement_with_adj_2,True,False,True,True,130,-63.94879913330078,-67.94908905029297,1
Some customer cleans those old couches.,Some customer cleans that old couches.,morphology,determiner_noun_agreement,determiner_noun_agreement_with_adj_2,True,False,True,True,131,-54.066253662109375,-56.36748504638672,1
Matt would discuss that green college campus.,Matt would discuss those green college campus.,morphology,determiner_noun_agreement,determiner_noun_agreement_with_adj_2,True,False,True,True,132,-59.650482177734375,-59.20445251464844,0
Mitchell bikes to this big art gallery.,Mitchell bikes to these big art gallery.,morphology,determiner_noun_agreement,determiner_noun_agreement_with_adj_2,True,False,True,True,133,-62.856082916259766,-65.76911163330078,1
Marie will research that messy library.,Marie will research those messy library.,morphology,determiner_noun_agreement,determiner_noun_agreement_with_adj_2,True,False,True,True,134,-55.38744354248047,-59.04054260253906,1
The actors break these gray couches.,The actors break this gray couches.,morphology,determiner_noun_agreement,determiner_noun_agreement_with_adj_2,True,False,True,True,135,-57.01454162597656,-56.42510223388672,0
Many students describe these concealed high schools.,Many students describe this concealed high schools.,morphology,determiner_noun_agreement,determiner_noun_agreement_with_adj_2,True,False,True,True,136,-53.322044372558594,-52.43110656738281,0
Every shawl has bothered that big waitress.,Every shawl has bothered those big waitress.,morphology,determiner_noun_agreement,determiner_noun_agreement_with_adj_2,True,False,True,True,137,-71.65632629394531,-72.62186431884766,1
An adult wouldn't clean this concealed cafe.,An adult wouldn't clean these concealed cafe.,morphology,determiner_noun_agreement,determiner_noun_agreement_with_adj_2,True,False,True,True,138,-62.45024108886719,-66.28144073486328,1
That adult remembers those small customers.,That adult remembers that small customers.,morphology,determiner_noun_agreement,determiner_noun_agreement_with_adj_2,True,False,True,True,139,-54.80863571166992,-53.13233947753906,0
Tara had seen these concealed libraries.,Tara had seen this concealed libraries.,morphology,determiner_noun_agreement,determiner_noun_agreement_with_adj_2,True,False,True,True,140,-54.99818420410156,-54.87346649169922,0
The cilantro irritates these troubled girls.,The cilantro irritates this troubled girls.,morphology,determiner_noun_agreement,determiner_noun_agreement_with_adj_2,True,False,True,True,141,-59.5457878112793,-61.26926803588867,1
Jennifer isn't breaking those brown couches.,Jennifer isn't breaking that brown couches.,morphology,determiner_noun_agreement,determiner_noun_agreement_with_adj_2,True,False,True,True,142,-58.182106018066406,-58.851383209228516,1
Some children have that out in the open print.,Some children have those out in the open print.,morphology,determiner_noun_agreement,determiner_noun_agreement_with_adj_2,True,False,True,True,143,-56.46062088012695,-56.01367950439453,0
A lot of universities took that hidden hat.,A lot of universities took those hidden hat.,morphology,determiner_noun_agreement,determiner_noun_agreement_with_adj_2,True,False,True,True,144,-61.61674880981445,-61.85014343261719,1
That eggplant shocks these popular committees.,That eggplant shocks this popular committees.,morphology,determiner_noun_agreement,determiner_noun_agreement_with_adj_2,True,False,True,True,145,-67.21334838867188,-68.09500885009766,1
Sandra appreciated that important college campus.,Sandra appreciated those important college campus.,morphology,determiner_noun_agreement,determiner_noun_agreement_with_adj_2,True,False,True,True,146,-62.44559097290039,-62.785648345947266,1
All doctors love these bad plays.,All doctors love this bad plays.,morphology,determiner_noun_agreement,determiner_noun_agreement_with_adj_2,True,False,True,True,147,-48.47389221191406,-48.49523162841797,1
Tara will bring those white art galleries.,Tara will bring that white art galleries.,morphology,determiner_noun_agreement,determiner_noun_agreement_with_adj_2,True,False,True,True,148,-48.97572708129883,-50.01407241821289,1
Kayla exits those gray art galleries.,Kayla exits that gray art galleries.,morphology,determiner_noun_agreement,determiner_noun_agreement_with_adj_2,True,False,True,True,149,-61.17078399658203,-61.123531341552734,0
Catherine was discussing that popular public park.,Catherine was discussing those popular public park.,morphology,determiner_noun_agreement,determiner_noun_agreement_with_adj_2,True,False,True,True,150,-53.75034713745117,-55.51933288574219,1
Some actresses sound like these long commentaries.,Some actresses sound like this long commentaries.,morphology,determiner_noun_agreement,determiner_noun_agreement_with_adj_2,True,False,True,True,151,-58.8565788269043,-57.3609619140625,0
Robert wasn't buying these lost hamsters.,Robert wasn't buying this lost hamsters.,morphology,determiner_noun_agreement,determiner_noun_agreement_with_adj_2,True,False,True,True,152,-64.8600845336914,-64.04472351074219,0
Russell conceals this standing teenager.,Russell conceals these standing teenager.,morphology,determiner_noun_agreement,determiner_noun_agreement_with_adj_2,True,False,True,True,153,-57.37651443481445,-60.660465240478516,1
Every bird had stunned that cheap library.,Every bird had stunned those cheap library.,morphology,determiner_noun_agreement,determiner_noun_agreement_with_adj_2,True,False,True,True,154,-60.85718536376953,-62.93651580810547,1
Carol drives to that bad hospital.,Carol drives to those bad hospital.,morphology,determiner_noun_agreement,determiner_noun_agreement_with_adj_2,True,False,True,True,155,-59.619598388671875,-58.24345397949219,0
Raymond talked to that busy actor.,Raymond talked to those busy actor.,morphology,determiner_noun_agreement,determiner_noun_agreement_with_adj_2,True,False,True,True,156,-60.3641242980957,-58.27015686035156,0
Gary is upsetting this important company.,Gary is upsetting these important company.,morphology,determiner_noun_agreement,determiner_noun_agreement_with_adj_2,True,False,True,True,157,-45.90785598754883,-51.121498107910156,1
A lot of movie theaters embarrass that unemployed student.,A lot of movie theaters embarrass those unemployed student.,morphology,determiner_noun_agreement,determiner_noun_agreement_with_adj_2,True,False,True,True,158,-77.60295104980469,-75.31871032714844,0
Beverly watched that busy dancer.,Beverly watched those busy dancer.,morphology,determiner_noun_agreement,determiner_noun_agreement_with_adj_2,True,False,True,True,159,-55.595420837402344,-55.459434509277344,0
An actress might cure this smart lady.,An actress might cure these smart lady.,morphology,determiner_noun_agreement,determiner_noun_agreement_with_adj_2,True,False,True,True,160,-54.55952453613281,-56.29539108276367,1
Lawrence wouldn't listen to that sick guy.,Lawrence wouldn't listen to those sick guy.,morphology,determiner_noun_agreement,determiner_noun_agreement_with_adj_2,True,False,True,True,161,-60.93708038330078,-59.56333923339844,0
Kathleen referenced these small ladies.,Kathleen referenced this small ladies.,morphology,determiner_noun_agreement,determiner_noun_agreement_with_adj_2,True,False,True,True,162,-58.26994705200195,-57.62326431274414,0
Erin will find those out in the open scarves.,Erin will find that out in the open scarves.,morphology,determiner_noun_agreement,determiner_noun_agreement_with_adj_2,True,False,True,True,163,-68.76830291748047,-66.43705749511719,0
Kristin noticed this important bird.,Kristin noticed these important bird.,morphology,determiner_noun_agreement,determiner_noun_agreement_with_adj_2,True,False,True,True,164,-47.266136169433594,-50.0914306640625,1
Jane did respect those content ladies.,Jane did respect that content ladies.,morphology,determiner_noun_agreement,determiner_noun_agreement_with_adj_2,True,False,True,True,165,-58.180503845214844,-59.757110595703125,1
Liam cured that blue cat.,Liam cured those blue cat.,morphology,determiner_noun_agreement,determiner_noun_agreement_with_adj_2,True,False,True,True,166,-50.9720458984375,-51.95852279663086,1
Brad isn't praising that bad dancer.,Brad isn't praising those bad dancer.,morphology,determiner_noun_agreement,determiner_noun_agreement_with_adj_2,True,False,True,True,167,-57.15042495727539,-58.300331115722656,1
A lot of girls could take these out in the open public parks.,A lot of girls could take this out in the open public parks.,morphology,determiner_noun_agreement,determiner_noun_agreement_with_adj_2,True,False,True,True,168,-71.475341796875,-69.53507995605469,0
Stacy admired these nice students.,Stacy admired this nice students.,morphology,determiner_noun_agreement,determiner_noun_agreement_with_adj_2,True,False,True,True,169,-53.88447570800781,-53.514739990234375,0
Every story bothers that bad company.,Every story bothers those bad company.,morphology,determiner_noun_agreement,determiner_noun_agreement_with_adj_2,True,False,True,True,170,-48.35358428955078,-48.430171966552734,1
Andrew wasn't healing this upset patient.,Andrew wasn't healing these upset patient.,morphology,determiner_noun_agreement,determiner_noun_agreement_with_adj_2,True,False,True,True,171,-59.89051055908203,-61.686866760253906,1
John conceals that standing lady.,John conceals those standing lady.,morphology,determiner_noun_agreement,determiner_noun_agreement_with_adj_2,True,False,True,True,172,-52.832237243652344,-53.750885009765625,1
That patient was selling these important cups.,That patient was selling this important cups.,morphology,determiner_noun_agreement,determiner_noun_agreement_with_adj_2,True,False,True,True,173,-56.041595458984375,-56.683387756347656,1
Robert has criticized this good driver.,Robert has criticized these good driver.,morphology,determiner_noun_agreement,determiner_noun_agreement_with_adj_2,True,False,True,True,174,-46.44074630737305,-51.372100830078125,1
Jodi had revealed that brown snake.,Jodi had revealed those brown snake.,morphology,determiner_noun_agreement,determiner_noun_agreement_with_adj_2,True,False,True,True,175,-54.22743225097656,-60.13499450683594,1
Most girls see this important turtle.,Most girls see these important turtle.,morphology,determiner_noun_agreement,determiner_noun_agreement_with_adj_2,True,False,True,True,176,-48.0051383972168,-51.055885314941406,1
Kimberley arrived at those red high schools.,Kimberley arrived at that red high schools.,morphology,determiner_noun_agreement,determiner_noun_agreement_with_adj_2,True,False,True,True,177,-63.51620864868164,-61.37386703491211,0
Eva criticizes those hidden public parks.,Eva criticizes that hidden public parks.,morphology,determiner_noun_agreement,determiner_noun_agreement_with_adj_2,True,False,True,True,178,-58.32408142089844,-59.91505813598633,1
Christine helps these uncertain ladies.,Christine helps this uncertain ladies.,morphology,determiner_noun_agreement,determiner_noun_agreement_with_adj_2,True,False,True,True,179,-56.26017761230469,-56.63976287841797,1
Veronica has gone to that hard public park.,Veronica has gone to those hard public park.,morphology,determiner_noun_agreement,determiner_noun_agreement_with_adj_2,True,False,True,True,180,-60.96774673461914,-60.807411193847656,0
This photograph looked like this hidden painting.,This photograph looked like these hidden painting.,morphology,determiner_noun_agreement,determiner_noun_agreement_with_adj_2,True,False,True,True,181,-43.16380310058594,-46.13812255859375,1
Guys walk through this small museum.,Guys walk through these small museum.,morphology,determiner_noun_agreement,determiner_noun_agreement_with_adj_2,True,False,True,True,182,-50.231178283691406,-53.89141082763672,1
The Clintons aren't arriving at those concealed banks.,The Clintons aren't arriving at that concealed banks.,morphology,determiner_noun_agreement,determiner_noun_agreement_with_adj_2,True,False,True,True,183,-64.70377349853516,-63.42407989501953,0
That waitress admires these orange pictures.,That waitress admires this orange pictures.,morphology,determiner_noun_agreement,determiner_noun_agreement_with_adj_2,True,False,True,True,184,-62.69874954223633,-63.02289581298828,1
Barbara won't bother this scared adult.,Barbara won't bother these scared adult.,morphology,determiner_noun_agreement,determiner_noun_agreement_with_adj_2,True,False,True,True,185,-62.442169189453125,-65.41300964355469,1
Brenda would admire this concealed brochure.,Brenda would admire these concealed brochure.,morphology,determiner_noun_agreement,determiner_noun_agreement_with_adj_2,True,False,True,True,186,-59.10588455200195,-62.26578140258789,1
Edward wasn't complaining about that hidden senator.,Edward wasn't complaining about those hidden senator.,morphology,determiner_noun_agreement,determiner_noun_agreement_with_adj_2,True,False,True,True,187,-61.12833023071289,-59.94725036621094,0
Some teenagers buy that smooth jacket.,Some teenagers buy those smooth jacket.,morphology,determiner_noun_agreement,determiner_noun_agreement_with_adj_2,True,False,True,True,188,-51.38066482543945,-51.926429748535156,1
Some turtles stun those popular governments.,Some turtles stun that popular governments.,morphology,determiner_noun_agreement,determiner_noun_agreement_with_adj_2,True,False,True,True,189,-60.64820861816406,-62.36278533935547,1
These waiters biked to these new libraries.,These waiters biked to this new libraries.,morphology,determiner_noun_agreement,determiner_noun_agreement_with_adj_2,True,False,True,True,190,-62.497798919677734,-64.87154388427734,1
Grace isn't referencing this good movie.,Grace isn't referencing these good movie.,morphology,determiner_noun_agreement,determiner_noun_agreement_with_adj_2,True,False,True,True,191,-54.152015686035156,-59.28428649902344,1
Jane hadn't questioned that confident student.,Jane hadn't questioned those confident student.,morphology,determiner_noun_agreement,determiner_noun_agreement_with_adj_2,True,False,True,True,192,-60.910797119140625,-62.31822967529297,1
These patients criticize these nice ladies.,These patients criticize this nice ladies.,morphology,determiner_noun_agreement,determiner_noun_agreement_with_adj_2,True,False,True,True,193,-48.73332977294922,-48.818748474121094,1
Rachel reveals those exposed dogs.,Rachel reveals that exposed dogs.,morphology,determiner_noun_agreement,determiner_noun_agreement_with_adj_2,True,False,True,True,194,-46.21919250488281,-45.83720779418945,0
These patients look like these lost pictures.,These patients look like this lost pictures.,morphology,determiner_noun_agreement,determiner_noun_agreement_with_adj_2,True,False,True,True,195,-48.015235900878906,-48.171302795410156,1
Some pedestrian references these determined adults.,Some pedestrian references this determined adults.,morphology,determiner_noun_agreement,determiner_noun_agreement_with_adj_2,True,False,True,True,196,-61.670833587646484,-62.23870849609375,1
These pedestrians fire these unsure students.,These pedestrians fire this unsure students.,morphology,determiner_noun_agreement,determiner_noun_agreement_with_adj_2,True,False,True,True,197,-64.28579711914062,-64.79937744140625,1
Chad praised this important book.,Chad praised these important book.,morphology,determiner_noun_agreement,determiner_noun_agreement_with_adj_2,True,False,True,True,198,-46.07460021972656,-50.91708755493164,1
Gary cleans these green rugs.,Gary cleans this green rugs.,morphology,determiner_noun_agreement,determiner_noun_agreement_with_adj_2,True,False,True,True,199,-50.255821228027344,-48.10065460205078,0
Matt wasn't scaring these bad patients.,Matt wasn't scaring this bad patients.,morphology,determiner_noun_agreement,determiner_noun_agreement_with_adj_2,True,False,True,True,200,-58.734230041503906,-58.37095642089844,0
Dawn was thinking about that blue car.,Dawn was thinking about those blue car.,morphology,determiner_noun_agreement,determiner_noun_agreement_with_adj_2,True,False,True,True,201,-48.08285903930664,-52.498023986816406,1
Anna questioned this popular university.,Anna questioned these popular university.,morphology,determiner_noun_agreement,determiner_noun_agreement_with_adj_2,True,False,True,True,202,-45.7354621887207,-50.3798942565918,1
Every girl argued about that red report.,Every girl argued about those red report.,morphology,determiner_noun_agreement,determiner_noun_agreement_with_adj_2,True,False,True,True,203,-61.04829406738281,-62.928340911865234,1
Linda complained about that smooth report.,Linda complained about those smooth report.,morphology,determiner_noun_agreement,determiner_noun_agreement_with_adj_2,True,False,True,True,204,-53.07716369628906,-55.98653030395508,1
Bill can't complain about this happy patient.,Bill can't complain about these happy patient.,morphology,determiner_noun_agreement,determiner_noun_agreement_with_adj_2,True,False,True,True,205,-52.83116912841797,-57.09595489501953,1
Eric wasn't exiting these black college campuses.,Eric wasn't exiting this black college campuses.,morphology,determiner_noun_agreement,determiner_noun_agreement_with_adj_2,True,False,True,True,206,-64.51052856445312,-64.50497436523438,0
All doctors observe this fast teenager.,All doctors observe these fast teenager.,morphology,determiner_noun_agreement,determiner_noun_agreement_with_adj_2,True,False,True,True,207,-53.48464584350586,-56.60084915161133,1
Sally hadn't passed this good movie theater.,Sally hadn't passed these good movie theater.,morphology,determiner_noun_agreement,determiner_noun_agreement_with_adj_2,True,False,True,True,208,-63.448848724365234,-66.06354522705078,1
Those universities criticize that popular actress.,Those universities criticize those popular actress.,morphology,determiner_noun_agreement,determiner_noun_agreement_with_adj_2,True,False,True,True,209,-53.34367752075195,-54.580570220947266,1
Craig examines those important movies.,Craig examines that important movies.,morphology,determiner_noun_agreement,determiner_noun_agreement_with_adj_2,True,False,True,True,210,-44.880455017089844,-46.578147888183594,1
That muffin hurts those concealed guys.,That muffin hurts that concealed guys.,morphology,determiner_noun_agreement,determiner_noun_agreement_with_adj_2,True,False,True,True,211,-66.59165954589844,-64.76707458496094,0
Those senators conceal these hard shoes.,Those senators conceal this hard shoes.,morphology,determiner_noun_agreement,determiner_noun_agreement_with_adj_2,True,False,True,True,212,-54.13899230957031,-55.4163818359375,1
Students hadn't hurt that standing guest.,Students hadn't hurt those standing guest.,morphology,determiner_noun_agreement,determiner_noun_agreement_with_adj_2,True,False,True,True,213,-60.698509216308594,-61.73045349121094,1
Rachelle breaks those lost forks.,Rachelle breaks that lost forks.,morphology,determiner_noun_agreement,determiner_noun_agreement_with_adj_2,True,False,True,True,214,-64.11083221435547,-61.147220611572266,0
Some senators arrive at those smooth public parks.,Some senators arrive at that smooth public parks.,morphology,determiner_noun_agreement,determiner_noun_agreement_with_adj_2,True,False,True,True,215,-63.305484771728516,-61.54351043701172,0
Deborah couldn't remember this concealed high school.,Deborah couldn't remember these concealed high school.,morphology,determiner_noun_agreement,determiner_noun_agreement_with_adj_2,True,False,True,True,216,-63.88703918457031,-68.54582214355469,1
A lot of actors wouldn't impress those important associations.,A lot of actors wouldn't impress that important associations.,morphology,determiner_noun_agreement,determiner_noun_agreement_with_adj_2,True,False,True,True,217,-63.98283386230469,-65.45100402832031,1
Some patients disagree with that popular guest.,Some patients disagree with those popular guest.,morphology,determiner_noun_agreement,determiner_noun_agreement_with_adj_2,True,False,True,True,218,-52.67401123046875,-55.083274841308594,1
A child listens to that scared adult.,A child listens to those scared adult.,morphology,determiner_noun_agreement,determiner_noun_agreement_with_adj_2,True,False,True,True,219,-56.13255310058594,-53.087677001953125,0
Most trucks weren't looking like that bad painting.,Most trucks weren't looking like those bad painting.,morphology,determiner_noun_agreement,determiner_noun_agreement_with_adj_2,True,False,True,True,220,-60.5294303894043,-62.717464447021484,1
The doctor broke these new plates.,The doctor broke this new plates.,morphology,determiner_noun_agreement,determiner_noun_agreement_with_adj_2,True,False,True,True,221,-43.9007568359375,-43.9576416015625,1
Ronald fixed that lost glass.,Ronald fixed those lost glass.,morphology,determiner_noun_agreement,determiner_noun_agreement_with_adj_2,True,False,True,True,222,-54.68560791015625,-57.43519973754883,1
Donald would wear that bad glove.,Donald would wear those bad glove.,morphology,determiner_noun_agreement,determiner_noun_agreement_with_adj_2,True,False,True,True,223,-50.08320999145508,-49.62145233154297,0
The cucumber isn't boring those scared waitresses.,The cucumber isn't boring that scared waitresses.,morphology,determiner_noun_agreement,determiner_noun_agreement_with_adj_2,True,False,True,True,224,-75.34918212890625,-72.01958465576172,0
Michelle did bring that white print.,Michelle did bring those white print.,morphology,determiner_noun_agreement,determiner_noun_agreement_with_adj_2,True,False,True,True,225,-47.35187911987305,-47.757083892822266,1
Melanie was wearing these yellow scarves.,Melanie was wearing this yellow scarves.,morphology,determiner_noun_agreement,determiner_noun_agreement_with_adj_2,True,False,True,True,226,-49.47795867919922,-51.366455078125,1
Many hamsters find this cheap skirt.,Many hamsters find these cheap skirt.,morphology,determiner_noun_agreement,determiner_noun_agreement_with_adj_2,True,False,True,True,227,-61.35712432861328,-62.68865203857422,1
That driver hadn't praised these lost actresses.,That driver hadn't praised this lost actresses.,morphology,determiner_noun_agreement,determiner_noun_agreement_with_adj_2,True,False,True,True,228,-68.25395202636719,-67.35338592529297,0
Every commentary bothers these purple schools.,Every commentary bothers this purple schools.,morphology,determiner_noun_agreement,determiner_noun_agreement_with_adj_2,True,False,True,True,229,-61.71473693847656,-63.97789001464844,1
Mary hadn't described this orange pamphlet.,Mary hadn't described these orange pamphlet.,morphology,determiner_noun_agreement,determiner_noun_agreement_with_adj_2,True,False,True,True,230,-56.73303985595703,-60.841087341308594,1
Some candle hasn't bored this standing boy.,Some candle hasn't bored these standing boy.,morphology,determiner_noun_agreement,determiner_noun_agreement_with_adj_2,True,False,True,True,231,-67.73413848876953,-69.82525634765625,1
Colleen hadn't distracted this popular legislature.,Colleen hadn't distracted these popular legislature.,morphology,determiner_noun_agreement,determiner_noun_agreement_with_adj_2,True,False,True,True,232,-66.30751037597656,-70.14584350585938,1
Roger boycotts these good universities.,Roger boycotts this good universities.,morphology,determiner_noun_agreement,determiner_noun_agreement_with_adj_2,True,False,True,True,233,-56.83312225341797,-57.40207290649414,1
That adult has worn those out in the open coats.,That adult has worn that out in the open coats.,morphology,determiner_noun_agreement,determiner_noun_agreement_with_adj_2,True,False,True,True,234,-69.873291015625,-69.55976867675781,0
Harvard University has worked with those important drivers.,Harvard University has worked with that important drivers.,morphology,determiner_noun_agreement,determiner_noun_agreement_with_adj_2,True,False,True,True,235,-52.15989303588867,-52.65296173095703,1
All adults wear these brown sweaters.,All adults wear this brown sweaters.,morphology,determiner_noun_agreement,determiner_noun_agreement_with_adj_2,True,False,True,True,236,-47.78462219238281,-48.75027084350586,1
Heather would complain about this old guest.,Heather would complain about these old guest.,morphology,determiner_noun_agreement,determiner_noun_agreement_with_adj_2,True,False,True,True,237,-58.93047332763672,-62.72572326660156,1
Lisa has discovered those big children.,Lisa has discovered that big children.,morphology,determiner_noun_agreement,determiner_noun_agreement_with_adj_2,True,False,True,True,238,-44.475738525390625,-41.229530334472656,0
The Lutherans haven't returned to those big drivers.,The Lutherans haven't returned to that big drivers.,morphology,determiner_noun_agreement,determiner_noun_agreement_with_adj_2,True,False,True,True,239,-66.03118896484375,-65.53463745117188,0
Angela doesn't buy these new skirts.,Angela doesn't buy this new skirts.,morphology,determiner_noun_agreement,determiner_noun_agreement_with_adj_2,True,False,True,True,240,-52.380741119384766,-50.902320861816406,0
Most dancers sound like these small books.,Most dancers sound like this small books.,morphology,determiner_noun_agreement,determiner_noun_agreement_with_adj_2,True,False,True,True,241,-48.11589813232422,-50.158538818359375,1
Rivers don't upset this good association.,Rivers don't upset these good association.,morphology,determiner_noun_agreement,determiner_noun_agreement_with_adj_2,True,False,True,True,242,-60.30830001831055,-64.04161834716797,1
Joel questions those troubled ladies.,Joel questions that troubled ladies.,morphology,determiner_noun_agreement,determiner_noun_agreement_with_adj_2,True,False,True,True,243,-56.65821838378906,-52.175010681152344,0
Donna had approached that fast teacher.,Donna had approached those fast teacher.,morphology,determiner_noun_agreement,determiner_noun_agreement_with_adj_2,True,False,True,True,244,-61.44157791137695,-64.35249328613281,1
All banks are confusing those popular boys.,All banks are confusing that popular boys.,morphology,determiner_noun_agreement,determiner_noun_agreement_with_adj_2,True,False,True,True,245,-54.93516540527344,-53.85540771484375,0
Melinda is exploring this purple mall.,Melinda is exploring these purple mall.,morphology,determiner_noun_agreement,determiner_noun_agreement_with_adj_2,True,False,True,True,246,-49.9893913269043,-53.368385314941406,1
Alexander breaks this clean glass.,Alexander breaks these clean glass.,morphology,determiner_noun_agreement,determiner_noun_agreement_with_adj_2,True,False,True,True,247,-46.933773040771484,-48.865543365478516,1
The guest hasn't disliked this lost boy.,The guest hasn't disliked these lost boy.,morphology,determiner_noun_agreement,determiner_noun_agreement_with_adj_2,True,False,True,True,248,-60.226505279541016,-64.72782135009766,1
Nicole loves those unemployed children.,Nicole loves that unemployed children.,morphology,determiner_noun_agreement,determiner_noun_agreement_with_adj_2,True,False,True,True,249,-48.3470458984375,-50.58512878417969,1
Many paintings alarm that out in the open actor.,Many paintings alarm those out in the open actor.,morphology,determiner_noun_agreement,determiner_noun_agreement_with_adj_2,True,False,True,True,250,-71.42387390136719,-73.11063385009766,1
The universities criticize those sick ladies.,The universities criticize that sick ladies.,morphology,determiner_noun_agreement,determiner_noun_agreement_with_adj_2,True,False,True,True,251,-53.67039489746094,-54.48296356201172,1
Heidi criticized that bad commentary.,Heidi criticized those bad commentary.,morphology,determiner_noun_agreement,determiner_noun_agreement_with_adj_2,True,False,True,True,252,-53.78008270263672,-53.975807189941406,1
Vanessa wasn't wearing these new blouses.,Vanessa wasn't wearing this new blouses.,morphology,determiner_noun_agreement,determiner_noun_agreement_with_adj_2,True,False,True,True,253,-56.12714385986328,-56.40168762207031,1
Some horse had broken that purple glass.,Some horse had broken those purple glass.,morphology,determiner_noun_agreement,determiner_noun_agreement_with_adj_2,True,False,True,True,254,-56.893218994140625,-57.753196716308594,1
Heidi couldn't pass these concealed banks.,Heidi couldn't pass this concealed banks.,morphology,determiner_noun_agreement,determiner_noun_agreement_with_adj_2,True,False,True,True,255,-62.28559875488281,-60.892486572265625,0
Many banks like that cheap scarf.,Many banks like those cheap scarf.,morphology,determiner_noun_agreement,determiner_noun_agreement_with_adj_2,True,False,True,True,256,-52.03611755371094,-52.99622344970703,1
Aaron disagrees with that long story.,Aaron disagrees with those long story.,morphology,determiner_noun_agreement,determiner_noun_agreement_with_adj_2,True,False,True,True,257,-44.574607849121094,-47.674869537353516,1
Kenneth discovers these new glasses.,Kenneth discovers this new glasses.,morphology,determiner_noun_agreement,determiner_noun_agreement_with_adj_2,True,False,True,True,258,-46.90625762939453,-47.08134460449219,1
That spinach can't annoy these displeased girls.,That spinach can't annoy this displeased girls.,morphology,determiner_noun_agreement,determiner_noun_agreement_with_adj_2,True,False,True,True,259,-71.26890563964844,-71.82830047607422,1
That hospital hasn't sold these green drawings.,That hospital hasn't sold this green drawings.,morphology,determiner_noun_agreement,determiner_noun_agreement_with_adj_2,True,False,True,True,260,-60.33534240722656,-59.30864334106445,0
These waiters bike to those blue cafes.,These waiters bike to that blue cafes.,morphology,determiner_noun_agreement,determiner_noun_agreement_with_adj_2,True,False,True,True,261,-65.89569091796875,-67.38919067382812,1
Catherine had noticed that standing guy.,Catherine had noticed those standing guy.,morphology,determiner_noun_agreement,determiner_noun_agreement_with_adj_2,True,False,True,True,262,-51.77534103393555,-56.319854736328125,1
Dana isn't messing up this concealed glass.,Dana isn't messing up these concealed glass.,morphology,determiner_noun_agreement,determiner_noun_agreement_with_adj_2,True,False,True,True,263,-61.141014099121094,-62.99238586425781,1
Florence wasn't researching these lost photographs.,Florence wasn't researching this lost photographs.,morphology,determiner_noun_agreement,determiner_noun_agreement_with_adj_2,True,False,True,True,264,-65.70526123046875,-65.55382537841797,0
Jesus doesn't remember this rough newspaper article.,Jesus doesn't remember these rough newspaper article.,morphology,determiner_noun_agreement,determiner_noun_agreement_with_adj_2,True,False,True,True,265,-57.74925994873047,-61.24016189575195,1
Many students heal this smart boy.,Many students heal these smart boy.,morphology,determiner_noun_agreement,determiner_noun_agreement_with_adj_2,True,False,True,True,266,-49.677711486816406,-51.84888458251953,1
Susan biked to that important public park.,Susan biked to those important public park.,morphology,determiner_noun_agreement,determiner_noun_agreement_with_adj_2,True,False,True,True,267,-61.82537078857422,-60.33587646484375,0
Mitchell won't watch this busy waitress.,Mitchell won't watch these busy waitress.,morphology,determiner_noun_agreement,determiner_noun_agreement_with_adj_2,True,False,True,True,268,-60.342811584472656,-63.35205078125,1
Emily could talk to this displeased lady.,Emily could talk to these displeased lady.,morphology,determiner_noun_agreement,determiner_noun_agreement_with_adj_2,True,False,True,True,269,-55.76904296875,-57.23212432861328,1
Rhonda hides this smooth photograph.,Rhonda hides these smooth photograph.,morphology,determiner_noun_agreement,determiner_noun_agreement_with_adj_2,True,False,True,True,270,-53.56098937988281,-56.29319763183594,1
Many actors are describing that standing patient.,Many actors are describing those standing patient.,morphology,determiner_noun_agreement,determiner_noun_agreement_with_adj_2,True,False,True,True,271,-57.453060150146484,-58.31377410888672,1
These pedestrians escaped from this hidden cafe.,These pedestrians escaped from these hidden cafe.,morphology,determiner_noun_agreement,determiner_noun_agreement_with_adj_2,True,False,True,True,272,-56.04352569580078,-57.83115005493164,1
Derek discovered that good play.,Derek discovered those good play.,morphology,determiner_noun_agreement,determiner_noun_agreement_with_adj_2,True,False,True,True,273,-44.869956970214844,-49.031734466552734,1
Cindy toured that clean movie theater.,Cindy toured those clean movie theater.,morphology,determiner_noun_agreement,determiner_noun_agreement_with_adj_2,True,False,True,True,274,-70.27433776855469,-71.7989730834961,1
A cart might upset this happy pedestrian.,A cart might upset these happy pedestrian.,morphology,determiner_noun_agreement,determiner_noun_agreement_with_adj_2,True,False,True,True,275,-65.5732421875,-69.80503845214844,1
Those newspaper articles impress these popular universities.,Those newspaper articles impress this popular universities.,morphology,determiner_noun_agreement,determiner_noun_agreement_with_adj_2,True,False,True,True,276,-61.85502243041992,-64.57701110839844,1
Samantha complains about this unemployed waiter.,Samantha complains about these unemployed waiter.,morphology,determiner_noun_agreement,determiner_noun_agreement_with_adj_2,True,False,True,True,277,-68.86180114746094,-69.55611419677734,1
Kenneth breaks these messy couches.,Kenneth breaks this messy couches.,morphology,determiner_noun_agreement,determiner_noun_agreement_with_adj_2,True,False,True,True,278,-58.65095138549805,-59.310672760009766,1
All waiters approached this clever doctor.,All waiters approached these clever doctor.,morphology,determiner_noun_agreement,determiner_noun_agreement_with_adj_2,True,False,True,True,279,-61.2140998840332,-63.72294616699219,1
Galileo is looking like this important sketch.,Galileo is looking like these important sketch.,morphology,determiner_noun_agreement,determiner_noun_agreement_with_adj_2,True,False,True,True,280,-60.53643035888672,-66.71267700195312,1
George did care for these displeased customers.,George did care for this displeased customers.,morphology,determiner_noun_agreement,determiner_noun_agreement_with_adj_2,True,False,True,True,281,-59.31657791137695,-60.039527893066406,1
Diana was touring this big cafe.,Diana was touring these big cafe.,morphology,determiner_noun_agreement,determiner_noun_agreement_with_adj_2,True,False,True,True,282,-49.386268615722656,-52.12398147583008,1
Lisa hasn't worked with these scared girls.,Lisa hasn't worked with this scared girls.,morphology,determiner_noun_agreement,determiner_noun_agreement_with_adj_2,True,False,True,True,283,-55.56391906738281,-55.919822692871094,1
Becca tours this good grocery store.,Becca tours these good grocery store.,morphology,determiner_noun_agreement,determiner_noun_agreement_with_adj_2,True,False,True,True,284,-54.47184371948242,-57.14124298095703,1
Denise has appreciated these exposed patients.,Denise has appreciated this exposed patients.,morphology,determiner_noun_agreement,determiner_noun_agreement_with_adj_2,True,False,True,True,285,-57.59477615356445,-59.42462921142578,1
A lot of teachers have these small shoes.,A lot of teachers have this small shoes.,morphology,determiner_noun_agreement,determiner_noun_agreement_with_adj_2,True,False,True,True,286,-50.73550796508789,-48.86310958862305,0
Paul disturbs those exposed hospitals.,Paul disturbs that exposed hospitals.,morphology,determiner_noun_agreement,determiner_noun_agreement_with_adj_2,True,False,True,True,287,-59.99850845336914,-57.93217468261719,0
These students impresses that out in the open patient.,These students impresses those out in the open patient.,morphology,determiner_noun_agreement,determiner_noun_agreement_with_adj_2,True,False,True,True,288,-68.07695770263672,-70.71430206298828,1
This documentary won't disagree with these good customers.,This documentary won't disagree with this good customers.,morphology,determiner_noun_agreement,determiner_noun_agreement_with_adj_2,True,False,True,True,289,-57.4903564453125,-57.1678581237793,0
Carol is passing those gray cafes.,Carol is passing that gray cafes.,morphology,determiner_noun_agreement,determiner_noun_agreement_with_adj_2,True,False,True,True,290,-58.83496856689453,-60.676513671875,1
Laura hasn't known those displeased drivers.,Laura hasn't known that displeased drivers.,morphology,determiner_noun_agreement,determiner_noun_agreement_with_adj_2,True,False,True,True,291,-58.59934997558594,-55.17448425292969,0
This snake distracts that small bank.,This snake distracts those small bank.,morphology,determiner_noun_agreement,determiner_noun_agreement_with_adj_2,True,False,True,True,292,-59.2567138671875,-62.24747085571289,1
Mitchell has returned to that rough library.,Mitchell has returned to those rough library.,morphology,determiner_noun_agreement,determiner_noun_agreement_with_adj_2,True,False,True,True,293,-58.83344268798828,-59.556392669677734,1
Jeffrey isn't running around this new hospital.,Jeffrey isn't running around these new hospital.,morphology,determiner_noun_agreement,determiner_noun_agreement_with_adj_2,True,False,True,True,294,-57.520912170410156,-62.02342987060547,1
This picture looks like this rough school.,This picture looks like these rough school.,morphology,determiner_noun_agreement,determiner_noun_agreement_with_adj_2,True,False,True,True,295,-43.51326370239258,-47.39927673339844,1
Deborah scans this good documentary.,Deborah scans these good documentary.,morphology,determiner_noun_agreement,determiner_noun_agreement_with_adj_2,True,False,True,True,296,-57.529815673828125,-60.98576354980469,1
Some committees hate that young driver.,Some committees hate those young driver.,morphology,determiner_noun_agreement,determiner_noun_agreement_with_adj_2,True,False,True,True,297,-54.25703430175781,-54.759361267089844,1
This committee had alarmed this bad association.,This committee had alarmed these bad association.,morphology,determiner_noun_agreement,determiner_noun_agreement_with_adj_2,True,False,True,True,298,-55.6907844543457,-60.48530578613281,1
Emily broke these white forks.,Emily broke this white forks.,morphology,determiner_noun_agreement,determiner_noun_agreement_with_adj_2,True,False,True,True,299,-46.87432861328125,-47.34665298461914,1
Marie would argue about these bad stories.,Marie would argue about this bad stories.,morphology,determiner_noun_agreement,determiner_noun_agreement_with_adj_2,True,False,True,True,300,-46.70801544189453,-46.89619445800781,1
The woman discovered this red hamster.,The woman discovered these red hamster.,morphology,determiner_noun_agreement,determiner_noun_agreement_with_adj_2,True,False,True,True,301,-51.96887969970703,-55.88848114013672,1
The Impressionists haven't dropped by these orange libraries.,The Impressionists haven't dropped by this orange libraries.,morphology,determiner_noun_agreement,determiner_noun_agreement_with_adj_2,True,False,True,True,302,-74.39761352539062,-74.71686553955078,1
Kathleen scares this dirty museum.,Kathleen scares these dirty museum.,morphology,determiner_noun_agreement,determiner_noun_agreement_with_adj_2,True,False,True,True,303,-63.68339157104492,-66.88320922851562,1
Nicole did bother that messy museum.,Nicole did bother those messy museum.,morphology,determiner_noun_agreement,determiner_noun_agreement_with_adj_2,True,False,True,True,304,-61.53644561767578,-64.37042999267578,1
Adam might break those cheap forks.,Adam might break that cheap forks.,morphology,determiner_noun_agreement,determiner_noun_agreement_with_adj_2,True,False,True,True,305,-55.313629150390625,-57.19254684448242,1
Lucille might visit this old art gallery.,Lucille might visit these old art gallery.,morphology,determiner_noun_agreement,determiner_noun_agreement_with_adj_2,True,False,True,True,306,-58.670169830322266,-60.16440963745117,1
Kathleen boasted about those important reports.,Kathleen boasted about that important reports.,morphology,determiner_noun_agreement,determiner_noun_agreement_with_adj_2,True,False,True,True,307,-61.00141525268555,-61.863468170166016,1
Teenagers worries these nice drivers.,Teenagers worries this nice drivers.,morphology,determiner_noun_agreement,determiner_noun_agreement_with_adj_2,True,False,True,True,308,-52.35308837890625,-53.05727767944336,1
Irene brought this hidden nose.,Irene brought these hidden nose.,morphology,determiner_noun_agreement,determiner_noun_agreement_with_adj_2,True,False,True,True,309,-49.34767150878906,-52.08899688720703,1
Many actors can't boast about that nice actor.,Many actors can't boast about those nice actor.,morphology,determiner_noun_agreement,determiner_noun_agreement_with_adj_2,True,False,True,True,310,-63.961334228515625,-65.31272888183594,1
George is helping those smart students.,George is helping that smart students.,morphology,determiner_noun_agreement,determiner_noun_agreement_with_adj_2,True,False,True,True,311,-45.00640106201172,-47.28523254394531,1
Jessica has broken that hidden fork.,Jessica has broken those hidden fork.,morphology,determiner_noun_agreement,determiner_noun_agreement_with_adj_2,True,False,True,True,312,-51.888893127441406,-51.846412658691406,0
Vanessa hadn't cured these upset actors.,Vanessa hadn't cured this upset actors.,morphology,determiner_noun_agreement,determiner_noun_agreement_with_adj_2,True,False,True,True,313,-65.41729736328125,-67.63722229003906,1
Jerry wasn't fixing that gray cup.,Jerry wasn't fixing those gray cup.,morphology,determiner_noun_agreement,determiner_noun_agreement_with_adj_2,True,False,True,True,314,-58.441349029541016,-59.21350860595703,1
Some boys did flee from these delighted guys.,Some boys did flee from this delighted guys.,morphology,determiner_noun_agreement,determiner_noun_agreement_with_adj_2,True,False,True,True,315,-64.40875244140625,-64.42054748535156,1
Some dogs find this good movie theater.,Some dogs find these good movie theater.,morphology,determiner_noun_agreement,determiner_noun_agreement_with_adj_2,True,False,True,True,316,-54.22118377685547,-56.78276062011719,1
Lucille hasn't worked with those hidden pedestrians.,Lucille hasn't worked with that hidden pedestrians.,morphology,determiner_noun_agreement,determiner_noun_agreement_with_adj_2,True,False,True,True,317,-63.63585662841797,-65.66849517822266,1
Liam exits those white art galleries.,Liam exits that white art galleries.,morphology,determiner_noun_agreement,determiner_noun_agreement_with_adj_2,True,False,True,True,318,-58.24458694458008,-58.91556167602539,1
Vincent hugs that good pedestrian.,Vincent hugs those good pedestrian.,morphology,determiner_noun_agreement,determiner_noun_agreement_with_adj_2,True,False,True,True,319,-59.7204704284668,-61.29360580444336,1
Katherine would know this nice waiter.,Katherine would know these nice waiter.,morphology,determiner_noun_agreement,determiner_noun_agreement_with_adj_2,True,False,True,True,320,-53.2816276550293,-55.23558807373047,1
Tammy hasn't attacked those displeased guests.,Tammy hasn't attacked that displeased guests.,morphology,determiner_noun_agreement,determiner_noun_agreement_with_adj_2,True,False,True,True,321,-69.12086486816406,-67.92298889160156,0
Mark didn't wear that small shirt.,Mark didn't wear those small shirt.,morphology,determiner_noun_agreement,determiner_noun_agreement_with_adj_2,True,False,True,True,322,-48.87933349609375,-49.272544860839844,1
Many actresses care for those delighted senators.,Many actresses care for that delighted senators.,morphology,determiner_noun_agreement,determiner_noun_agreement_with_adj_2,True,False,True,True,323,-60.584617614746094,-64.3103256225586,1
Becca isn't bringing this old shirt.,Becca isn't bringing these old shirt.,morphology,determiner_noun_agreement,determiner_noun_agreement_with_adj_2,True,False,True,True,324,-53.863189697265625,-56.788330078125,1
The Impressionists kiss these content actors.,The Impressionists kiss this content actors.,morphology,determiner_noun_agreement,determiner_noun_agreement_with_adj_2,True,False,True,True,325,-63.613792419433594,-64.1738510131836,1
This boy was appreciating this exposed hospital.,This boy was appreciating these exposed hospital.,morphology,determiner_noun_agreement,determiner_noun_agreement_with_adj_2,True,False,True,True,326,-57.22601318359375,-60.854087829589844,1
Kristen wasn't skated around that hard college campus.,Kristen wasn't skated around those hard college campus.,morphology,determiner_noun_agreement,determiner_noun_agreement_with_adj_2,True,False,True,True,327,-81.66783142089844,-81.42317199707031,0
Carlos hadn't broken that new glass.,Carlos hadn't broken those new glass.,morphology,determiner_noun_agreement,determiner_noun_agreement_with_adj_2,True,False,True,True,328,-59.46363067626953,-60.25598907470703,1
Michael hasn't fixed this green glass.,Michael hasn't fixed these green glass.,morphology,determiner_noun_agreement,determiner_noun_agreement_with_adj_2,True,False,True,True,329,-50.31490707397461,-53.887351989746094,1
Bethany doesn't hide those rough sweaters.,Bethany doesn't hide that rough sweaters.,morphology,determiner_noun_agreement,determiner_noun_agreement_with_adj_2,True,False,True,True,330,-62.5113410949707,-62.31246566772461,0
Sally isn't questioning those important libraries.,Sally isn't questioning that important libraries.,morphology,determiner_noun_agreement,determiner_noun_agreement_with_adj_2,True,False,True,True,331,-58.966453552246094,-60.73876953125,1
The Impressionists pass this yellow bank.,The Impressionists pass these yellow bank.,morphology,determiner_noun_agreement,determiner_noun_agreement_with_adj_2,True,False,True,True,332,-56.58863830566406,-60.936580657958984,1
That chicken resembles these exposed paintings.,That chicken resembles this exposed paintings.,morphology,determiner_noun_agreement,determiner_noun_agreement_with_adj_2,True,False,True,True,333,-58.81389617919922,-59.13762664794922,1
Martha investigates that nice cashier.,Martha investigates those nice cashier.,morphology,determiner_noun_agreement,determiner_noun_agreement_with_adj_2,True,False,True,True,334,-61.213497161865234,-62.88113784790039,1
Samuel can walk through these big cafes.,Samuel can walk through this big cafes.,morphology,determiner_noun_agreement,determiner_noun_agreement_with_adj_2,True,False,True,True,335,-54.15888977050781,-57.27084732055664,1
These boxes should bother those content ladies.,These boxes should bother that content ladies.,morphology,determiner_noun_agreement,determiner_noun_agreement_with_adj_2,True,False,True,True,336,-58.79413986206055,-58.6991081237793,0
Mitchell flees from that yellow hospital.,Mitchell flees from those yellow hospital.,morphology,determiner_noun_agreement,determiner_noun_agreement_with_adj_2,True,False,True,True,337,-68.97650146484375,-70.57843017578125,1
Samuel wasn't concealing this determined driver.,Samuel wasn't concealing these determined driver.,morphology,determiner_noun_agreement,determiner_noun_agreement_with_adj_2,True,False,True,True,338,-73.682373046875,-77.61003112792969,1
All senators remember that clean bank.,All senators remember those clean bank.,morphology,determiner_noun_agreement,determiner_noun_agreement_with_adj_2,True,False,True,True,339,-54.42917251586914,-59.609561920166016,1
The Impressionists leave that unconvinced waiter.,The Impressionists leave those unconvinced waiter.,morphology,determiner_noun_agreement,determiner_noun_agreement_with_adj_2,True,False,True,True,340,-77.27336120605469,-77.86650085449219,1
Lucille hasn't questioned that hopeful actor.,Lucille hasn't questioned those hopeful actor.,morphology,determiner_noun_agreement,determiner_noun_agreement_with_adj_2,True,False,True,True,341,-66.35115051269531,-68.57568359375,1
The Borgias alarms that young boy.,The Borgias alarms those young boy.,morphology,determiner_noun_agreement,determiner_noun_agreement_with_adj_2,True,False,True,True,342,-63.420230865478516,-66.17115783691406,1
That cat shouldn't bother that unlucky adult.,That cat shouldn't bother those unlucky adult.,morphology,determiner_noun_agreement,determiner_noun_agreement_with_adj_2,True,False,True,True,343,-60.629638671875,-61.43993377685547,1
This drawing embarrassed these nice drivers.,This drawing embarrassed this nice drivers.,morphology,determiner_noun_agreement,determiner_noun_agreement_with_adj_2,True,False,True,True,344,-57.92826843261719,-58.28931427001953,1
Those men haven't complained about these lost senators.,Those men haven't complained about this lost senators.,morphology,determiner_noun_agreement,determiner_noun_agreement_with_adj_2,True,False,True,True,345,-61.63605499267578,-62.07062911987305,1
Every photograph shouldn't look like this scared patient.,Every photograph shouldn't look like these scared patient.,morphology,determiner_noun_agreement,determiner_noun_agreement_with_adj_2,True,False,True,True,346,-63.79744338989258,-67.40092468261719,1
Tina watched those hopeful guys.,Tina watched that hopeful guys.,morphology,determiner_noun_agreement,determiner_noun_agreement_with_adj_2,True,False,True,True,347,-51.36986541748047,-54.10523986816406,1
Some lady should complain about these important pedestrians.,Some lady should complain about this important pedestrians.,morphology,determiner_noun_agreement,determiner_noun_agreement_with_adj_2,True,False,True,True,348,-59.88097381591797,-60.276161193847656,1
The ladies dislike these yellow pamphlets.,The ladies dislike this yellow pamphlets.,morphology,determiner_noun_agreement,determiner_noun_agreement_with_adj_2,True,False,True,True,349,-53.979408264160156,-54.828670501708984,1
Jill discovered this content girl.,Jill discovered these content girl.,morphology,determiner_noun_agreement,determiner_noun_agreement_with_adj_2,True,False,True,True,350,-51.07512283325195,-55.60862731933594,1
Many customers criticize these blue high schools.,Many customers criticize this blue high schools.,morphology,determiner_noun_agreement,determiner_noun_agreement_with_adj_2,True,False,True,True,351,-57.069488525390625,-57.245208740234375,1
Kirsten was boycotting this bad association.,Kirsten was boycotting these bad association.,morphology,determiner_noun_agreement,determiner_noun_agreement_with_adj_2,True,False,True,True,352,-65.34410858154297,-67.65272521972656,1
Christina hugged those hopeful customers.,Christina hugged that hopeful customers.,morphology,determiner_noun_agreement,determiner_noun_agreement_with_adj_2,True,False,True,True,353,-54.25315856933594,-55.900779724121094,1
Rose attacks that clever dancer.,Rose attacks those clever dancer.,morphology,determiner_noun_agreement,determiner_noun_agreement_with_adj_2,True,False,True,True,354,-53.75529479980469,-58.85082244873047,1
David had noticed this big photograph.,David had noticed these big photograph.,morphology,determiner_noun_agreement,determiner_noun_agreement_with_adj_2,True,False,True,True,355,-42.95496368408203,-47.67219924926758,1
Patrick hasn't distracted that sick lady.,Patrick hasn't distracted those sick lady.,morphology,determiner_noun_agreement,determiner_noun_agreement_with_adj_2,True,False,True,True,356,-61.17120361328125,-61.858428955078125,1
Linda broke that hard couch.,Linda broke those hard couch.,morphology,determiner_noun_agreement,determiner_noun_agreement_with_adj_2,True,False,True,True,357,-46.91227722167969,-48.88023376464844,1
That waiter hasn't confused those out in the open girls.,That waiter hasn't confused that out in the open girls.,morphology,determiner_noun_agreement,determiner_noun_agreement_with_adj_2,True,False,True,True,358,-77.38407135009766,-73.91397094726562,0
A waiter loves this orange book.,A waiter loves these orange book.,morphology,determiner_noun_agreement,determiner_noun_agreement_with_adj_2,True,False,True,True,359,-48.2576904296875,-50.81736755371094,1
Sabrina did think about these brown prints.,Sabrina did think about this brown prints.,morphology,determiner_noun_agreement,determiner_noun_agreement_with_adj_2,True,False,True,True,360,-59.72576141357422,-59.22349166870117,0
Amy might discover those rough schools.,Amy might discover that rough schools.,morphology,determiner_noun_agreement,determiner_noun_agreement_with_adj_2,True,False,True,True,361,-53.13813781738281,-53.564170837402344,1
These boys messed up those exposed libraries.,These boys messed up that exposed libraries.,morphology,determiner_noun_agreement,determiner_noun_agreement_with_adj_2,True,False,True,True,362,-57.89262390136719,-59.2349853515625,1
Larry hates those small guys.,Larry hates that small guys.,morphology,determiner_noun_agreement,determiner_noun_agreement_with_adj_2,True,False,True,True,363,-41.95376205444336,-43.50257873535156,1
Kirsten dislikes that bad restaurant.,Kirsten dislikes those bad restaurant.,morphology,determiner_noun_agreement,determiner_noun_agreement_with_adj_2,True,False,True,True,364,-68.71896362304688,-72.13860321044922,1
Tonya cures these old customers.,Tonya cures this old customers.,morphology,determiner_noun_agreement,determiner_noun_agreement_with_adj_2,True,False,True,True,365,-53.564308166503906,-54.54985046386719,1
Some adult lifts these white shirts.,Some adult lifts this white shirts.,morphology,determiner_noun_agreement,determiner_noun_agreement_with_adj_2,True,False,True,True,366,-50.5860595703125,-51.94660568237305,1
Steve examined these yellow newspaper articles.,Steve examined this yellow newspaper articles.,morphology,determiner_noun_agreement,determiner_noun_agreement_with_adj_2,True,False,True,True,367,-53.773223876953125,-53.40181350708008,0
Amelia won't hire these popular cashiers.,Amelia won't hire this popular cashiers.,morphology,determiner_noun_agreement,determiner_noun_agreement_with_adj_2,True,False,True,True,368,-67.17076110839844,-64.46475219726562,0
All guests had broken this bad dish.,All guests had broken these bad dish.,morphology,determiner_noun_agreement,determiner_noun_agreement_with_adj_2,True,False,True,True,369,-50.3883056640625,-53.019813537597656,1
All stories didn't distract this popular adult.,All stories didn't distract these popular adult.,morphology,determiner_noun_agreement,determiner_noun_agreement_with_adj_2,True,False,True,True,370,-58.330780029296875,-61.20690155029297,1
Cindy knows that troubled driver.,Cindy knows those troubled driver.,morphology,determiner_noun_agreement,determiner_noun_agreement_with_adj_2,True,False,True,True,371,-56.49952697753906,-60.99287414550781,1
Julia does investigate these out in the open doctors.,Julia does investigate this out in the open doctors.,morphology,determiner_noun_agreement,determiner_noun_agreement_with_adj_2,True,False,True,True,372,-68.66007995605469,-64.85191345214844,0
Science stuns these good governments.,Science stuns this good governments.,morphology,determiner_noun_agreement,determiner_noun_agreement_with_adj_2,True,False,True,True,373,-59.07594299316406,-58.79143524169922,0
Winston Churchill couldn't discover that old shoe.,Winston Churchill couldn't discover those old shoe.,morphology,determiner_noun_agreement,determiner_noun_agreement_with_adj_2,True,False,True,True,374,-70.17756652832031,-72.99172973632812,1
Natalie had explored that white movie theater.,Natalie had explored those white movie theater.,morphology,determiner_noun_agreement,determiner_noun_agreement_with_adj_2,True,False,True,True,375,-63.910953521728516,-65.44139862060547,1
Curtis hasn't escaped from that dirty cafe.,Curtis hasn't escaped from those dirty cafe.,morphology,determiner_noun_agreement,determiner_noun_agreement_with_adj_2,True,False,True,True,376,-70.56722259521484,-73.03330993652344,1
Martin hurt these unconvinced customers.,Martin hurt this unconvinced customers.,morphology,determiner_noun_agreement,determiner_noun_agreement_with_adj_2,True,False,True,True,377,-65.37776947021484,-65.48918151855469,1
The Impressionists worry that smart boy.,The Impressionists worry those smart boy.,morphology,determiner_noun_agreement,determiner_noun_agreement_with_adj_2,True,False,True,True,378,-62.30705261230469,-66.97146606445312,1
The Balkans couldn't aggravate this upset senator.,The Balkans couldn't aggravate these upset senator.,morphology,determiner_noun_agreement,determiner_noun_agreement_with_adj_2,True,False,True,True,379,-68.66047668457031,-70.70382690429688,1
Bruce wouldn't resemble those gray prints.,Bruce wouldn't resemble that gray prints.,morphology,determiner_noun_agreement,determiner_noun_agreement_with_adj_2,True,False,True,True,380,-55.889766693115234,-56.82221984863281,1
George hugged that excited doctor.,George hugged those excited doctor.,morphology,determiner_noun_agreement,determiner_noun_agreement_with_adj_2,True,False,True,True,381,-56.86558532714844,-55.16585922241211,0
Janice isn't escaping from that displeased dancer.,Janice isn't escaping from those displeased dancer.,morphology,determiner_noun_agreement,determiner_noun_agreement_with_adj_2,True,False,True,True,382,-70.82655334472656,-72.07655334472656,1
Most waitresses fire those serious adults.,Most waitresses fire that serious adults.,morphology,determiner_noun_agreement,determiner_noun_agreement_with_adj_2,True,False,True,True,383,-69.02444458007812,-68.48774719238281,0
All children won't conceal that hopeful cashier.,All children won't conceal those hopeful cashier.,morphology,determiner_noun_agreement,determiner_noun_agreement_with_adj_2,True,False,True,True,384,-67.75376892089844,-67.8055191040039,1
All cashiers weren't exploring these exposed grocery stores.,All cashiers weren't exploring this exposed grocery stores.,morphology,determiner_noun_agreement,determiner_noun_agreement_with_adj_2,True,False,True,True,385,-72.02684020996094,-73.10308074951172,1
Jessica wasn't thinking about that black print.,Jessica wasn't thinking about those black print.,morphology,determiner_noun_agreement,determiner_noun_agreement_with_adj_2,True,False,True,True,386,-49.18999481201172,-52.954750061035156,1
Donna didn't conceal these big banks.,Donna didn't conceal this big banks.,morphology,determiner_noun_agreement,determiner_noun_agreement_with_adj_2,True,False,True,True,387,-58.4867057800293,-58.36084747314453,0
This lady drove to that messy restaurant.,This lady drove to those messy restaurant.,morphology,determiner_noun_agreement,determiner_noun_agreement_with_adj_2,True,False,True,True,388,-54.33839416503906,-56.032440185546875,1
Roger sounds like those ill boys.,Roger sounds like that ill boys.,morphology,determiner_noun_agreement,determiner_noun_agreement_with_adj_2,True,False,True,True,389,-51.15343475341797,-51.757049560546875,1
Jacqueline hadn't forgotten those young guests.,Jacqueline hadn't forgotten that young guests.,morphology,determiner_noun_agreement,determiner_noun_agreement_with_adj_2,True,False,True,True,390,-62.41539001464844,-61.816673278808594,0
Patients scan this orange brochure.,Patients scan these orange brochure.,morphology,determiner_noun_agreement,determiner_noun_agreement_with_adj_2,True,False,True,True,391,-53.79719543457031,-55.91331481933594,1
That movie theater stunned those old guests.,That movie theater stunned that old guests.,morphology,determiner_noun_agreement,determiner_noun_agreement_with_adj_2,True,False,True,True,392,-66.04536437988281,-64.76889038085938,0
Deborah likes these important dogs.,Deborah likes this important dogs.,morphology,determiner_noun_agreement,determiner_noun_agreement_with_adj_2,True,False,True,True,393,-50.99005126953125,-52.9813232421875,1
Brian talks to these hopeful doctors.,Brian talks to this hopeful doctors.,morphology,determiner_noun_agreement,determiner_noun_agreement_with_adj_2,True,False,True,True,394,-48.754966735839844,-48.016082763671875,0
Some actors had insulted these important essays.,Some actors had insulted this important essays.,morphology,determiner_noun_agreement,determiner_noun_agreement_with_adj_2,True,False,True,True,395,-56.81093215942383,-58.09078598022461,1
The fish astounds those popular legislatures.,The fish astounds that popular legislatures.,morphology,determiner_noun_agreement,determiner_noun_agreement_with_adj_2,True,False,True,True,396,-67.66487121582031,-66.18917846679688,0
Jill would find those brown drawings.,Jill would find that brown drawings.,morphology,determiner_noun_agreement,determiner_noun_agreement_with_adj_2,True,False,True,True,397,-54.23919677734375,-52.72857666015625,0
Most women approached these ill patients.,Most women approached this ill patients.,morphology,determiner_noun_agreement,determiner_noun_agreement_with_adj_2,True,False,True,True,398,-47.023681640625,-48.78816223144531,1
Renee shouldn't wear that popular skirt.,Renee shouldn't wear those popular skirt.,morphology,determiner_noun_agreement,determiner_noun_agreement_with_adj_2,True,False,True,True,399,-61.54549026489258,-63.493446350097656,1
Kendra talks to that content adult.,Kendra talks to those content adult.,morphology,determiner_noun_agreement,determiner_noun_agreement_with_adj_2,True,False,True,True,400,-58.45747756958008,-56.357940673828125,0
These girls confuse those lost pedestrians.,These girls confuse that lost pedestrians.,morphology,determiner_noun_agreement,determiner_noun_agreement_with_adj_2,True,False,True,True,401,-53.52185821533203,-53.56920623779297,1
Every school hires this busy girl.,Every school hires these busy girl.,morphology,determiner_noun_agreement,determiner_noun_agreement_with_adj_2,True,False,True,True,402,-49.533905029296875,-53.424190521240234,1
Deborah looks like these red sketches.,Deborah looks like this red sketches.,morphology,determiner_noun_agreement,determiner_noun_agreement_with_adj_2,True,False,True,True,403,-53.303855895996094,-53.09930419921875,0
These boxes impress these unconvinced customers.,These boxes impress this unconvinced customers.,morphology,determiner_noun_agreement,determiner_noun_agreement_with_adj_2,True,False,True,True,404,-68.62559509277344,-69.18898010253906,1
Every hamster astounds those hopeful teenagers.,Every hamster astounds that hopeful teenagers.,morphology,determiner_noun_agreement,determiner_noun_agreement_with_adj_2,True,False,True,True,405,-75.762451171875,-74.53001403808594,0
Doctors are appreciating this concealed library.,Doctors are appreciating these concealed library.,morphology,determiner_noun_agreement,determiner_noun_agreement_with_adj_2,True,False,True,True,406,-53.6946907043457,-57.138912200927734,1
Heidi shocked this standing teacher.,Heidi shocked these standing teacher.,morphology,determiner_noun_agreement,determiner_noun_agreement_with_adj_2,True,False,True,True,407,-54.959835052490234,-58.27198028564453,1
Holly couldn't help that excited doctor.,Holly couldn't help those excited doctor.,morphology,determiner_noun_agreement,determiner_noun_agreement_with_adj_2,True,False,True,True,408,-56.121246337890625,-53.996925354003906,0
These people haven't insulted this smart doctor.,These people haven't insulted these smart doctor.,morphology,determiner_noun_agreement,determiner_noun_agreement_with_adj_2,True,False,True,True,409,-58.31801223754883,-60.45165252685547,1
Forks aggravate that confident guest.,Forks aggravate those confident guest.,morphology,determiner_noun_agreement,determiner_noun_agreement_with_adj_2,True,False,True,True,410,-65.76966857910156,-66.5108413696289,1
Mark flees from this hard high school.,Mark flees from these hard high school.,morphology,determiner_noun_agreement,determiner_noun_agreement_with_adj_2,True,False,True,True,411,-58.24594497680664,-62.53177261352539,1
Many adults exit these dirty art galleries.,Many adults exit this dirty art galleries.,morphology,determiner_noun_agreement,determiner_noun_agreement_with_adj_2,True,False,True,True,412,-61.28489685058594,-61.50354766845703,1
These boys discovered those good patients.,These boys discovered that good patients.,morphology,determiner_noun_agreement,determiner_noun_agreement_with_adj_2,True,False,True,True,413,-48.05049133300781,-44.61155700683594,0
Raymond was going to those messy museums.,Raymond was going to that messy museums.,morphology,determiner_noun_agreement,determiner_noun_agreement_with_adj_2,True,False,True,True,414,-60.89270782470703,-60.12641906738281,0
This teacher drops by those smooth malls.,This teacher drops by that smooth malls.,morphology,determiner_noun_agreement,determiner_noun_agreement_with_adj_2,True,False,True,True,415,-67.20317077636719,-66.68817901611328,0
Carmen won't stun these clever actors.,Carmen won't stun this clever actors.,morphology,determiner_noun_agreement,determiner_noun_agreement_with_adj_2,True,False,True,True,416,-68.08563232421875,-70.69575500488281,1
Larry sees that hard rug.,Larry sees those hard rug.,morphology,determiner_noun_agreement,determiner_noun_agreement_with_adj_2,True,False,True,True,417,-46.211849212646484,-48.03557205200195,1
Marie fixed this blue dish.,Marie fixed these blue dish.,morphology,determiner_noun_agreement,determiner_noun_agreement_with_adj_2,True,False,True,True,418,-46.15046691894531,-50.146820068359375,1
Tara approached this concealed student.,Tara approached these concealed student.,morphology,determiner_noun_agreement,determiner_noun_agreement_with_adj_2,True,False,True,True,419,-53.03139877319336,-57.761474609375,1
Kathleen criticizes these rough college campuses.,Kathleen criticizes this rough college campuses.,morphology,determiner_noun_agreement,determiner_noun_agreement_with_adj_2,True,False,True,True,420,-73.43118286132812,-72.77499389648438,0
Brett had found those popular customers.,Brett had found that popular customers.,morphology,determiner_noun_agreement,determiner_noun_agreement_with_adj_2,True,False,True,True,421,-54.16081237792969,-49.34101104736328,0
This student has arrived at those bad cafes.,This student has arrived at that bad cafes.,morphology,determiner_noun_agreement,determiner_noun_agreement_with_adj_2,True,False,True,True,422,-54.9323844909668,-52.749717712402344,0
Many reports aggravate these young senators.,Many reports aggravate this young senators.,morphology,determiner_noun_agreement,determiner_noun_agreement_with_adj_2,True,False,True,True,423,-55.76410675048828,-57.098350524902344,1
Christopher isn't scaring those unlucky teenagers.,Christopher isn't scaring that unlucky teenagers.,morphology,determiner_noun_agreement,determiner_noun_agreement_with_adj_2,True,False,True,True,424,-62.952720642089844,-65.54784393310547,1
Kendra has bored these important waiters.,Kendra has bored this important waiters.,morphology,determiner_noun_agreement,determiner_noun_agreement_with_adj_2,True,False,True,True,425,-62.049373626708984,-62.763633728027344,1
Beverly had healed those unlucky pedestrians.,Beverly had healed that unlucky pedestrians.,morphology,determiner_noun_agreement,determiner_noun_agreement_with_adj_2,True,False,True,True,426,-62.97587585449219,-63.27513122558594,1
William cares for these concealed patients.,William cares for this concealed patients.,morphology,determiner_noun_agreement,determiner_noun_agreement_with_adj_2,True,False,True,True,427,-54.385528564453125,-54.01260757446289,0
Alice drives to these yellow art galleries.,Alice drives to this yellow art galleries.,morphology,determiner_noun_agreement,determiner_noun_agreement_with_adj_2,True,False,True,True,428,-55.05369186401367,-55.66612243652344,1
This waiter hasn't cleaned these dirty shoes.,This waiter hasn't cleaned this dirty shoes.,morphology,determiner_noun_agreement,determiner_noun_agreement_with_adj_2,True,False,True,True,429,-54.62244415283203,-54.138668060302734,0
Sharon had escaped from these content students.,Sharon had escaped from this content students.,morphology,determiner_noun_agreement,determiner_noun_agreement_with_adj_2,True,False,True,True,430,-62.756534576416016,-62.47150802612305,0
A lot of boys boycotted that bad government.,A lot of boys boycotted those bad government.,morphology,determiner_noun_agreement,determiner_noun_agreement_with_adj_2,True,False,True,True,431,-81.6904296875,-81.45465850830078,0
Beth hasn't sounded like this dirty grocery store.,Beth hasn't sounded like these dirty grocery store.,morphology,determiner_noun_agreement,determiner_noun_agreement_with_adj_2,True,False,True,True,432,-60.48375701904297,-63.35721969604492,1
Some people admire that out in the open sock.,Some people admire those out in the open sock.,morphology,determiner_noun_agreement,determiner_noun_agreement_with_adj_2,True,False,True,True,433,-58.31495666503906,-57.83439636230469,0
These women describe that upset teenager.,These women describe those upset teenager.,morphology,determiner_noun_agreement,determiner_noun_agreement_with_adj_2,True,False,True,True,434,-51.37753677368164,-53.0761604309082,1
Patricia was passing that big library.,Patricia was passing those big library.,morphology,determiner_noun_agreement,determiner_noun_agreement_with_adj_2,True,False,True,True,435,-54.092018127441406,-55.7764892578125,1
Tamara fired these excited teenagers.,Tamara fired this excited teenagers.,morphology,determiner_noun_agreement,determiner_noun_agreement_with_adj_2,True,False,True,True,436,-55.47221374511719,-56.300987243652344,1
These waiters were approaching this busy guy.,These waiters were approaching these busy guy.,morphology,determiner_noun_agreement,determiner_noun_agreement_with_adj_2,True,False,True,True,437,-56.00884246826172,-60.369171142578125,1
Lucille exits this gray restaurant.,Lucille exits these gray restaurant.,morphology,determiner_noun_agreement,determiner_noun_agreement_with_adj_2,True,False,True,True,438,-63.45484161376953,-67.11066436767578,1
Randolf would research those good plays.,Randolf would research that good plays.,morphology,determiner_noun_agreement,determiner_noun_agreement_with_adj_2,True,False,True,True,439,-63.83015441894531,-63.21696472167969,0
Some rugs distract these important adults.,Some rugs distract this important adults.,morphology,determiner_noun_agreement,determiner_noun_agreement_with_adj_2,True,False,True,True,440,-58.04961013793945,-59.227935791015625,1
The waiters research those popular legislatures.,The waiters research that popular legislatures.,morphology,determiner_noun_agreement,determiner_noun_agreement_with_adj_2,True,False,True,True,441,-67.23373413085938,-64.29731750488281,0
Michael conceals this happy waiter.,Michael conceals these happy waiter.,morphology,determiner_noun_agreement,determiner_noun_agreement_with_adj_2,True,False,True,True,442,-53.09391784667969,-55.56421661376953,1
Alan arrives at those bad malls.,Alan arrives at that bad malls.,morphology,determiner_noun_agreement,determiner_noun_agreement_with_adj_2,True,False,True,True,443,-52.259796142578125,-52.11952209472656,0
A lot of prints looked like this clean couch.,A lot of prints looked like these clean couch.,morphology,determiner_noun_agreement,determiner_noun_agreement_with_adj_2,True,False,True,True,444,-52.269081115722656,-56.5101318359375,1
Deanna has irritated that bad government.,Deanna has irritated those bad government.,morphology,determiner_noun_agreement,determiner_noun_agreement_with_adj_2,True,False,True,True,445,-57.295841217041016,-57.77497863769531,1
The children are talking to that ill lady.,The children are talking to those ill lady.,morphology,determiner_noun_agreement,determiner_noun_agreement_with_adj_2,True,False,True,True,446,-52.61277770996094,-50.577484130859375,0
Pedestrians describe those new art galleries.,Pedestrians describe that new art galleries.,morphology,determiner_noun_agreement,determiner_noun_agreement_with_adj_2,True,False,True,True,447,-60.03289794921875,-60.47804641723633,1
Senators drive to that brown high school.,Senators drive to those brown high school.,morphology,determiner_noun_agreement,determiner_noun_agreement_with_adj_2,True,False,True,True,448,-70.13629150390625,-69.97874450683594,0
Curtis can bring this rough book.,Curtis can bring these rough book.,morphology,determiner_noun_agreement,determiner_noun_agreement_with_adj_2,True,False,True,True,449,-54.655303955078125,-59.494667053222656,1
Wayne cleans that orange college campus.,Wayne cleans those orange college campus.,morphology,determiner_noun_agreement,determiner_noun_agreement_with_adj_2,True,False,True,True,450,-66.97167205810547,-68.1217041015625,1
Charles isn't biking to this concealed cafe.,Charles isn't biking to these concealed cafe.,morphology,determiner_noun_agreement,determiner_noun_agreement_with_adj_2,True,False,True,True,451,-67.2006607055664,-71.55186462402344,1
A coat did distract those determined doctors.,A coat did distract that determined doctors.,morphology,determiner_noun_agreement,determiner_noun_agreement_with_adj_2,True,False,True,True,452,-67.51351928710938,-68.69232177734375,1
Homer approached that employed student.,Homer approached those employed student.,morphology,determiner_noun_agreement,determiner_noun_agreement_with_adj_2,True,False,True,True,453,-57.98073959350586,-57.48849105834961,0
Nina approached that unsure girl.,Nina approached those unsure girl.,morphology,determiner_noun_agreement,determiner_noun_agreement_with_adj_2,True,False,True,True,454,-60.16822052001953,-58.83396911621094,0
Heidi had bothered this concealed waitress.,Heidi had bothered these concealed waitress.,morphology,determiner_noun_agreement,determiner_noun_agreement_with_adj_2,True,False,True,True,455,-66.11077880859375,-68.37065124511719,1
Tara hadn't described those exposed malls.,Tara hadn't described that exposed malls.,morphology,determiner_noun_agreement,determiner_noun_agreement_with_adj_2,True,False,True,True,456,-62.009979248046875,-63.95995330810547,1
Some drawing looks like those good eyes.,Some drawing looks like that good eyes.,morphology,determiner_noun_agreement,determiner_noun_agreement_with_adj_2,True,False,True,True,457,-49.62358093261719,-50.94343948364258,1
Children hadn't boycotted these exposed libraries.,Children hadn't boycotted this exposed libraries.,morphology,determiner_noun_agreement,determiner_noun_agreement_with_adj_2,True,False,True,True,458,-85.20915222167969,-86.79582214355469,1
Most mirrors were alarming this popular organization.,Most mirrors were alarming these popular organization.,morphology,determiner_noun_agreement,determiner_noun_agreement_with_adj_2,True,False,True,True,459,-58.66694641113281,-63.33939743041992,1
The teachers watch those exposed senators.,The teachers watch that exposed senators.,morphology,determiner_noun_agreement,determiner_noun_agreement_with_adj_2,True,False,True,True,460,-58.27649688720703,-56.53409194946289,0
Russell examines that brown book.,Russell examines those brown book.,morphology,determiner_noun_agreement,determiner_noun_agreement_with_adj_2,True,False,True,True,461,-51.862979888916016,-53.91255187988281,1
A lot of governments boast about those confident guys.,A lot of governments boast about that confident guys.,morphology,determiner_noun_agreement,determiner_noun_agreement_with_adj_2,True,False,True,True,462,-64.54156494140625,-67.60498046875,1
The drawing is aggravating this exposed adult.,The drawing is aggravating these exposed adult.,morphology,determiner_noun_agreement,determiner_noun_agreement_with_adj_2,True,False,True,True,463,-58.574310302734375,-60.759422302246094,1
Samantha will argue about these confident patients.,Samantha will argue about this confident patients.,morphology,determiner_noun_agreement,determiner_noun_agreement_with_adj_2,True,False,True,True,464,-68.95860290527344,-69.71492004394531,1
The slope won't astound that new bank.,The slope won't astound those new bank.,morphology,determiner_noun_agreement,determiner_noun_agreement_with_adj_2,True,False,True,True,465,-68.73027038574219,-69.51902770996094,1
Larry wouldn't mess up those gray banks.,Larry wouldn't mess up that gray banks.,morphology,determiner_noun_agreement,determiner_noun_agreement_with_adj_2,True,False,True,True,466,-60.27433776855469,-61.30033874511719,1
Jesus had worn these cheap coats.,Jesus had worn this cheap coats.,morphology,determiner_noun_agreement,determiner_noun_agreement_with_adj_2,True,False,True,True,467,-46.52606201171875,-48.2545166015625,1
Carol did escape from those good teenagers.,Carol did escape from that good teenagers.,morphology,determiner_noun_agreement,determiner_noun_agreement_with_adj_2,True,False,True,True,468,-61.10560607910156,-61.94363021850586,1
All ladies can go to this popular movie theater.,All ladies can go to these popular movie theater.,morphology,determiner_noun_agreement,determiner_noun_agreement_with_adj_2,True,False,True,True,469,-54.812530517578125,-57.77609634399414,1
Teenagers hire this clever cashier.,Teenagers hire these clever cashier.,morphology,determiner_noun_agreement,determiner_noun_agreement_with_adj_2,True,False,True,True,470,-55.699954986572266,-57.72976303100586,1
Joseph hadn't worked with this content pedestrian.,Joseph hadn't worked with these content pedestrian.,morphology,determiner_noun_agreement,determiner_noun_agreement_with_adj_2,True,False,True,True,471,-60.129852294921875,-63.44734191894531,1
Every pedestrian can't hurt that unconvinced girl.,Every pedestrian can't hurt those unconvinced girl.,morphology,determiner_noun_agreement,determiner_noun_agreement_with_adj_2,True,False,True,True,472,-74.5516586303711,-74.38166046142578,0
Some pants have stunned this blue hospital.,Some pants have stunned these blue hospital.,morphology,determiner_noun_agreement,determiner_noun_agreement_with_adj_2,True,False,True,True,473,-61.023746490478516,-62.93081283569336,1
A lot of organizations love those old pedestrians.,A lot of organizations love that old pedestrians.,morphology,determiner_noun_agreement,determiner_noun_agreement_with_adj_2,True,False,True,True,474,-55.59500503540039,-55.57585144042969,0
Carol shouldn't take those lost pamphlets.,Carol shouldn't take that lost pamphlets.,morphology,determiner_noun_agreement,determiner_noun_agreement_with_adj_2,True,False,True,True,475,-59.59698486328125,-58.596923828125,0
Douglas hadn't respected those clean grocery stores.,Douglas hadn't respected that clean grocery stores.,morphology,determiner_noun_agreement,determiner_noun_agreement_with_adj_2,True,False,True,True,476,-67.28487396240234,-63.737701416015625,0
A teenager loves these delighted guests.,A teenager loves this delighted guests.,morphology,determiner_noun_agreement,determiner_noun_agreement_with_adj_2,True,False,True,True,477,-49.54929733276367,-48.759830474853516,0
Christopher wouldn't bike to these out in the open hospitals.,Christopher wouldn't bike to this out in the open hospitals.,morphology,determiner_noun_agreement,determiner_noun_agreement_with_adj_2,True,False,True,True,478,-80.39720153808594,-79.17965698242188,0
These adults should fire those lost patients.,These adults should fire that lost patients.,morphology,determiner_noun_agreement,determiner_noun_agreement_with_adj_2,True,False,True,True,479,-56.824493408203125,-55.547813415527344,0
Stephanie questions that sick adult.,Stephanie questions those sick adult.,morphology,determiner_noun_agreement,determiner_noun_agreement_with_adj_2,True,False,True,True,480,-65.14737701416016,-67.79317474365234,1
Every cart hasn't impressed these employed teenagers.,Every cart hasn't impressed this employed teenagers.,morphology,determiner_noun_agreement,determiner_noun_agreement_with_adj_2,True,False,True,True,481,-69.4970703125,-70.80415344238281,1
The gates haven't bothered these exposed waiters.,The gates haven't bothered this exposed waiters.,morphology,determiner_noun_agreement,determiner_noun_agreement_with_adj_2,True,False,True,True,482,-71.35443878173828,-72.34587097167969,1
Donald cleans these new hospitals.,Donald cleans this new hospitals.,morphology,determiner_noun_agreement,determiner_noun_agreement_with_adj_2,True,False,True,True,483,-47.81111145019531,-48.16619110107422,1
Dawn wasn't concealing that new glass.,Dawn wasn't concealing those new glass.,morphology,determiner_noun_agreement,determiner_noun_agreement_with_adj_2,True,False,True,True,484,-67.25969696044922,-67.93268585205078,1
Tamara is wearing these good sweaters.,Tamara is wearing this good sweaters.,morphology,determiner_noun_agreement,determiner_noun_agreement_with_adj_2,True,False,True,True,485,-48.93693161010742,-49.12056350708008,1
A mirror bores this small senator.,A mirror bores these small senator.,morphology,determiner_noun_agreement,determiner_noun_agreement_with_adj_2,True,False,True,True,486,-62.03135299682617,-65.92747497558594,1
Todd didn't talk about these red brochures.,Todd didn't talk about this red brochures.,morphology,determiner_noun_agreement,determiner_noun_agreement_with_adj_2,True,False,True,True,487,-54.26569747924805,-52.55516052246094,0
Some mushrooms were alarming this out in the open library.,Some mushrooms were alarming these out in the open library.,morphology,determiner_noun_agreement,determiner_noun_agreement_with_adj_2,True,False,True,True,488,-67.2457504272461,-69.7033920288086,1
The man can care for those determined ladies.,The man can care for that determined ladies.,morphology,determiner_noun_agreement,determiner_noun_agreement_with_adj_2,True,False,True,True,489,-55.54270935058594,-58.21017074584961,1
Jeffrey has worked with this lost teenager.,Jeffrey has worked with these lost teenager.,morphology,determiner_noun_agreement,determiner_noun_agreement_with_adj_2,True,False,True,True,490,-53.643699645996094,-57.19370651245117,1
Every pedestrian goes to these important public parks.,Every pedestrian goes to this important public parks.,morphology,determiner_noun_agreement,determiner_noun_agreement_with_adj_2,True,False,True,True,491,-55.96861267089844,-56.399192810058594,1
The patients run around that good college campus.,The patients run around those good college campus.,morphology,determiner_noun_agreement,determiner_noun_agreement_with_adj_2,True,False,True,True,492,-59.33631896972656,-59.73999786376953,1
Samantha isn't referencing that exposed teenager.,Samantha isn't referencing those exposed teenager.,morphology,determiner_noun_agreement,determiner_noun_agreement_with_adj_2,True,False,True,True,493,-77.97559356689453,-77.71377563476562,0
Many boys drive to those new banks.,Many boys drive to that new banks.,morphology,determiner_noun_agreement,determiner_noun_agreement_with_adj_2,True,False,True,True,494,-51.16753387451172,-53.59674835205078,1
Some ladies clean these big brochures.,Some ladies clean this big brochures.,morphology,determiner_noun_agreement,determiner_noun_agreement_with_adj_2,True,False,True,True,495,-51.26591491699219,-51.30883026123047,1
Karla hasn't helped this nice girl.,Karla hasn't helped these nice girl.,morphology,determiner_noun_agreement,determiner_noun_agreement_with_adj_2,True,False,True,True,496,-56.173614501953125,-58.8072509765625,1
Guests had investigated that busy boy.,Guests had investigated those busy boy.,morphology,determiner_noun_agreement,determiner_noun_agreement_with_adj_2,True,False,True,True,497,-55.489803314208984,-57.427879333496094,1
Brian isn't appreciating these fast waiters.,Brian isn't appreciating this fast waiters.,morphology,determiner_noun_agreement,determiner_noun_agreement_with_adj_2,True,False,True,True,498,-63.082366943359375,-63.71306610107422,1
Lucille observed those young doctors.,Lucille observed that young doctors.,morphology,determiner_noun_agreement,determiner_noun_agreement_with_adj_2,True,False,True,True,499,-55.260093688964844,-53.405487060546875,0
Erin isn't criticizing this purple book.,Erin isn't criticizing these purple book.,morphology,determiner_noun_agreement,determiner_noun_agreement_with_adj_2,True,False,True,True,500,-58.12108612060547,-61.909507751464844,1
All men remembered these exposed pamphlets.,All men remembered this exposed pamphlets.,morphology,determiner_noun_agreement,determiner_noun_agreement_with_adj_2,True,False,True,True,501,-54.34196090698242,-55.365943908691406,1
The Impressionists reference these purple books.,The Impressionists reference this purple books.,morphology,determiner_noun_agreement,determiner_noun_agreement_with_adj_2,True,False,True,True,502,-59.10606384277344,-58.11334228515625,0
Many hospitals buy these gray hospitals.,Many hospitals buy this gray hospitals.,morphology,determiner_noun_agreement,determiner_noun_agreement_with_adj_2,True,False,True,True,503,-52.07887268066406,-53.91297912597656,1
Timothy admires that hard dog.,Timothy admires those hard dog.,morphology,determiner_noun_agreement,determiner_noun_agreement_with_adj_2,True,False,True,True,504,-61.134735107421875,-63.33924102783203,1
Laurie thought about these hard forks.,Laurie thought about this hard forks.,morphology,determiner_noun_agreement,determiner_noun_agreement_with_adj_2,True,False,True,True,505,-59.32710266113281,-59.70357131958008,1
Paul did break these concealed dishes.,Paul did break this concealed dishes.,morphology,determiner_noun_agreement,determiner_noun_agreement_with_adj_2,True,False,True,True,506,-57.47800827026367,-56.82566833496094,0
A lot of adults bike to these hard cafes.,A lot of adults bike to this hard cafes.,morphology,determiner_noun_agreement,determiner_noun_agreement_with_adj_2,True,False,True,True,507,-64.15232849121094,-65.65132141113281,1
Karla was passing those big movie theaters.,Karla was passing that big movie theaters.,morphology,determiner_noun_agreement,determiner_noun_agreement_with_adj_2,True,False,True,True,508,-62.595619201660156,-62.809505462646484,1
Most companies could listen to those popular girls.,Most companies could listen to that popular girls.,morphology,determiner_noun_agreement,determiner_noun_agreement_with_adj_2,True,False,True,True,509,-52.81971740722656,-54.87665557861328,1
A lot of ladies had observed that employed waiter.,A lot of ladies had observed those employed waiter.,morphology,determiner_noun_agreement,determiner_noun_agreement_with_adj_2,True,False,True,True,510,-64.86885070800781,-67.01483154296875,1
All children insult these exposed grocery stores.,All children insult this exposed grocery stores.,morphology,determiner_noun_agreement,determiner_noun_agreement_with_adj_2,True,False,True,True,511,-62.61628723144531,-64.47339630126953,1
Many teenagers buy these bad scarves.,Many teenagers buy this bad scarves.,morphology,determiner_noun_agreement,determiner_noun_agreement_with_adj_2,True,False,True,True,512,-50.680763244628906,-51.71208190917969,1
Jesus shouldn't take this lost brochure.,Jesus shouldn't take these lost brochure.,morphology,determiner_noun_agreement,determiner_noun_agreement_with_adj_2,True,False,True,True,513,-52.80837631225586,-56.70567321777344,1
Most pedestrians return to that cheap art gallery.,Most pedestrians return to those cheap art gallery.,morphology,determiner_noun_agreement,determiner_noun_agreement_with_adj_2,True,False,True,True,514,-64.53402709960938,-63.21318817138672,0
Dennis hadn't discussed those upset customers.,Dennis hadn't discussed that upset customers.,morphology,determiner_noun_agreement,determiner_noun_agreement_with_adj_2,True,False,True,True,515,-63.40968322753906,-62.849220275878906,0
Current events annoy these popular organizations.,Current events annoy this popular organizations.,morphology,determiner_noun_agreement,determiner_noun_agreement_with_adj_2,True,False,True,True,516,-54.09479522705078,-56.115325927734375,1
A lot of pies had distracted this exposed library.,A lot of pies had distracted these exposed library.,morphology,determiner_noun_agreement,determiner_noun_agreement_with_adj_2,True,False,True,True,517,-70.06473541259766,-72.5137939453125,1
Nancy hasn't revealed these out in the open dogs.,Nancy hasn't revealed this out in the open dogs.,morphology,determiner_noun_agreement,determiner_noun_agreement_with_adj_2,True,False,True,True,518,-72.34799194335938,-68.21353149414062,0
Many ladies hug this important girl.,Many ladies hug these important girl.,morphology,determiner_noun_agreement,determiner_noun_agreement_with_adj_2,True,False,True,True,519,-54.04779815673828,-56.14260482788086,1
Children research that out in the open grocery store.,Children research those out in the open grocery store.,morphology,determiner_noun_agreement,determiner_noun_agreement_with_adj_2,True,False,True,True,520,-58.21660614013672,-60.341224670410156,1
Matt hadn't revealed these popular reports.,Matt hadn't revealed this popular reports.,morphology,determiner_noun_agreement,determiner_noun_agreement_with_adj_2,True,False,True,True,521,-49.353599548339844,-49.58588790893555,1
Russell hasn't concealed these confident actresses.,Russell hasn't concealed this confident actresses.,morphology,determiner_noun_agreement,determiner_noun_agreement_with_adj_2,True,False,True,True,522,-65.29338073730469,-65.66764831542969,1
Scott would scan those rough reports.,Scott would scan that rough reports.,morphology,determiner_noun_agreement,determiner_noun_agreement_with_adj_2,True,False,True,True,523,-52.9997444152832,-54.41743850708008,1
Jacqueline hadn't hidden those hopeful doctors.,Jacqueline hadn't hidden that hopeful doctors.,morphology,determiner_noun_agreement,determiner_noun_agreement_with_adj_2,True,False,True,True,524,-75.20388793945312,-75.41705322265625,1
Kayla cures those employed girls.,Kayla cures that employed girls.,morphology,determiner_noun_agreement,determiner_noun_agreement_with_adj_2,True,False,True,True,525,-56.744773864746094,-55.523929595947266,0
Most patients disagree with this important commentary.,Most patients disagree with these important commentary.,morphology,determiner_noun_agreement,determiner_noun_agreement_with_adj_2,True,False,True,True,526,-45.20856475830078,-47.57878875732422,1
These waiters fix those blue chairs.,These waiters fix that blue chairs.,morphology,determiner_noun_agreement,determiner_noun_agreement_with_adj_2,True,False,True,True,527,-57.36912536621094,-58.129058837890625,1
Every association isn't selling that gray high school.,Every association isn't selling those gray high school.,morphology,determiner_noun_agreement,determiner_noun_agreement_with_adj_2,True,False,True,True,528,-64.98675537109375,-65.60224914550781,1
Ellen wasn't attacking that smart guy.,Ellen wasn't attacking those smart guy.,morphology,determiner_noun_agreement,determiner_noun_agreement_with_adj_2,True,False,True,True,529,-57.59236145019531,-57.82930374145508,1
Walter should take that gray art gallery.,Walter should take those gray art gallery.,morphology,determiner_noun_agreement,determiner_noun_agreement_with_adj_2,True,False,True,True,530,-58.728271484375,-59.80189514160156,1
Some slope has annoyed these clever ladies.,Some slope has annoyed this clever ladies.,morphology,determiner_noun_agreement,determiner_noun_agreement_with_adj_2,True,False,True,True,531,-63.10218048095703,-64.7508316040039,1
Natalie might pass this green mall.,Natalie might pass these green mall.,morphology,determiner_noun_agreement,determiner_noun_agreement_with_adj_2,True,False,True,True,532,-54.477867126464844,-58.745445251464844,1
Men break those gray plates.,Men break that gray plates.,morphology,determiner_noun_agreement,determiner_noun_agreement_with_adj_2,True,False,True,True,533,-45.978416442871094,-46.14162826538086,1
The museums might praise those bad plays.,The museums might praise that bad plays.,morphology,determiner_noun_agreement,determiner_noun_agreement_with_adj_2,True,False,True,True,534,-59.24633026123047,-58.14550018310547,0
Patricia can't know those troubled drivers.,Patricia can't know that troubled drivers.,morphology,determiner_noun_agreement,determiner_noun_agreement_with_adj_2,True,False,True,True,535,-57.745548248291016,-54.79755401611328,0
Emily broke that exposed fork.,Emily broke those exposed fork.,morphology,determiner_noun_agreement,determiner_noun_agreement_with_adj_2,True,False,True,True,536,-51.76342010498047,-54.030941009521484,1
Jason passed that green bank.,Jason passed those green bank.,morphology,determiner_noun_agreement,determiner_noun_agreement_with_adj_2,True,False,True,True,537,-46.614463806152344,-50.93531036376953,1
Jill drove to that white art gallery.,Jill drove to those white art gallery.,morphology,determiner_noun_agreement,determiner_noun_agreement_with_adj_2,True,False,True,True,538,-56.867488861083984,-56.37285232543945,0
The blouse stuns this important library.,The blouse stuns these important library.,morphology,determiner_noun_agreement,determiner_noun_agreement_with_adj_2,True,False,True,True,539,-60.38215637207031,-64.39238739013672,1
The Borgias were examining that black newspaper article.,The Borgias were examining those black newspaper article.,morphology,determiner_noun_agreement,determiner_noun_agreement_with_adj_2,True,False,True,True,540,-68.73530578613281,-72.30709075927734,1
Erin talked about those white college campuses.,Erin talked about that white college campuses.,morphology,determiner_noun_agreement,determiner_noun_agreement_with_adj_2,True,False,True,True,541,-57.84465026855469,-57.48795700073242,0
That waiter exits these big schools.,That waiter exits this big schools.,morphology,determiner_noun_agreement,determiner_noun_agreement_with_adj_2,True,False,True,True,542,-55.277347564697266,-57.95074462890625,1
These people heal this lost cat.,These people heal these lost cat.,morphology,determiner_noun_agreement,determiner_noun_agreement_with_adj_2,True,False,True,True,543,-50.148094177246094,-49.97761535644531,0
Regina had lifted these green shoes.,Regina had lifted this green shoes.,morphology,determiner_noun_agreement,determiner_noun_agreement_with_adj_2,True,False,True,True,544,-54.76070022583008,-54.503211975097656,0
These women see these concealed libraries.,These women see this concealed libraries.,morphology,determiner_noun_agreement,determiner_noun_agreement_with_adj_2,True,False,True,True,545,-51.1453857421875,-51.64664840698242,1
Katherine had arrived at these dirty libraries.,Katherine had arrived at this dirty libraries.,morphology,determiner_noun_agreement,determiner_noun_agreement_with_adj_2,True,False,True,True,546,-56.2503662109375,-55.38438415527344,0
That nose disturbed this determined boy.,That nose disturbed these determined boy.,morphology,determiner_noun_agreement,determiner_noun_agreement_with_adj_2,True,False,True,True,547,-60.8741455078125,-65.03410339355469,1
Florence helped those good actresses.,Florence helped that good actresses.,morphology,determiner_noun_agreement,determiner_noun_agreement_with_adj_2,True,False,True,True,548,-56.37331008911133,-59.59881591796875,1
Those hospitals respect these smart waiters.,Those hospitals respect this smart waiters.,morphology,determiner_noun_agreement,determiner_noun_agreement_with_adj_2,True,False,True,True,549,-62.94308090209961,-63.306148529052734,1
That school upsets that bad patient.,That school upsets those bad patient.,morphology,determiner_noun_agreement,determiner_noun_agreement_with_adj_2,True,False,True,True,550,-62.862831115722656,-65.78758239746094,1
These actors drop by these bad public parks.,These actors drop by this bad public parks.,morphology,determiner_noun_agreement,determiner_noun_agreement_with_adj_2,True,False,True,True,551,-60.531227111816406,-61.502723693847656,1
Guys can kiss this clever boy.,Guys can kiss these clever boy.,morphology,determiner_noun_agreement,determiner_noun_agreement_with_adj_2,True,False,True,True,552,-56.66776657104492,-59.709556579589844,1
Carol won't clean that smooth rug.,Carol won't clean those smooth rug.,morphology,determiner_noun_agreement,determiner_noun_agreement_with_adj_2,True,False,True,True,553,-58.01268768310547,-61.679542541503906,1
A waitress explored those small cafes.,A waitress explored that small cafes.,morphology,determiner_noun_agreement,determiner_noun_agreement_with_adj_2,True,False,True,True,554,-51.64485549926758,-53.8326416015625,1
Monet dislikes those determined teenagers.,Monet dislikes that determined teenagers.,morphology,determiner_noun_agreement,determiner_noun_agreement_with_adj_2,True,False,True,True,555,-68.5218276977539,-65.732177734375,0
Russell has hired those determined guys.,Russell has hired that determined guys.,morphology,determiner_noun_agreement,determiner_noun_agreement_with_adj_2,True,False,True,True,556,-53.910858154296875,-52.799278259277344,0
Many snakes weren't bothering these bad universities.,Many snakes weren't bothering this bad universities.,morphology,determiner_noun_agreement,determiner_noun_agreement_with_adj_2,True,False,True,True,557,-66.67904663085938,-67.25350189208984,1
Thomas isn't hugging those scared teenagers.,Thomas isn't hugging that scared teenagers.,morphology,determiner_noun_agreement,determiner_noun_agreement_with_adj_2,True,False,True,True,558,-60.40887451171875,-61.98664855957031,1
Dana discovered these concealed pictures.,Dana discovered this concealed pictures.,morphology,determiner_noun_agreement,determiner_noun_agreement_with_adj_2,True,False,True,True,559,-50.86206817626953,-48.91682052612305,0
Sarah drops by this red art gallery.,Sarah drops by these red art gallery.,morphology,determiner_noun_agreement,determiner_noun_agreement_with_adj_2,True,False,True,True,560,-54.732032775878906,-58.16408157348633,1
Matt won't hurt this serious lady.,Matt won't hurt these serious lady.,morphology,determiner_noun_agreement,determiner_noun_agreement_with_adj_2,True,False,True,True,561,-51.3829231262207,-54.78672790527344,1
All patients approach this standing waiter.,All patients approach these standing waiter.,morphology,determiner_noun_agreement,determiner_noun_agreement_with_adj_2,True,False,True,True,562,-57.260501861572266,-59.19996643066406,1
The women reveal these bad dresses.,The women reveal this bad dresses.,morphology,determiner_noun_agreement,determiner_noun_agreement_with_adj_2,True,False,True,True,563,-45.09014129638672,-45.16419219970703,1
Carrie remembered those ill drivers.,Carrie remembered that ill drivers.,morphology,determiner_noun_agreement,determiner_noun_agreement_with_adj_2,True,False,True,True,564,-55.69454574584961,-55.00331497192383,0
Vincent broke those lost cups.,Vincent broke that lost cups.,morphology,determiner_noun_agreement,determiner_noun_agreement_with_adj_2,True,False,True,True,565,-56.409969329833984,-54.055458068847656,0
Maria hasn't insulted this important commentary.,Maria hasn't insulted these important commentary.,morphology,determiner_noun_agreement,determiner_noun_agreement_with_adj_2,True,False,True,True,566,-56.26808166503906,-58.47467041015625,1
Victoria drove to those blue grocery stores.,Victoria drove to that blue grocery stores.,morphology,determiner_noun_agreement,determiner_noun_agreement_with_adj_2,True,False,True,True,567,-51.577796936035156,-51.105804443359375,0
Denise fled from those small drivers.,Denise fled from that small drivers.,morphology,determiner_noun_agreement,determiner_noun_agreement_with_adj_2,True,False,True,True,568,-58.99424743652344,-59.34553527832031,1
These muffins haven't bored those standing guys.,These muffins haven't bored that standing guys.,morphology,determiner_noun_agreement,determiner_noun_agreement_with_adj_2,True,False,True,True,569,-65.48255157470703,-65.01860046386719,0
Many girls hadn't talked to that troubled patient.,Many girls hadn't talked to those troubled patient.,morphology,determiner_noun_agreement,determiner_noun_agreement_with_adj_2,True,False,True,True,570,-64.45016479492188,-65.01536560058594,1
A lot of bicycles didn't annoy this bad museum.,A lot of bicycles didn't annoy these bad museum.,morphology,determiner_noun_agreement,determiner_noun_agreement_with_adj_2,True,False,True,True,571,-65.6400146484375,-68.61024475097656,1
Amy had left these hard public parks.,Amy had left this hard public parks.,morphology,determiner_noun_agreement,determiner_noun_agreement_with_adj_2,True,False,True,True,572,-54.97532272338867,-55.24139404296875,1
Theodore helped this bad patient.,Theodore helped these bad patient.,morphology,determiner_noun_agreement,determiner_noun_agreement_with_adj_2,True,False,True,True,573,-50.63779830932617,-53.099578857421875,1
Donna doesn't boast about those lost reports.,Donna doesn't boast about that lost reports.,morphology,determiner_noun_agreement,determiner_noun_agreement_with_adj_2,True,False,True,True,574,-64.14248657226562,-64.48020935058594,1
Those teenagers break those cheap couches.,Those teenagers break that cheap couches.,morphology,determiner_noun_agreement,determiner_noun_agreement_with_adj_2,True,False,True,True,575,-56.250118255615234,-57.383445739746094,1
Alicia likes those orange coats.,Alicia likes that orange coats.,morphology,determiner_noun_agreement,determiner_noun_agreement_with_adj_2,True,False,True,True,576,-58.44178771972656,-56.654380798339844,0
Ruth shouldn't embarrass those out in the open cashiers.,Ruth shouldn't embarrass that out in the open cashiers.,morphology,determiner_noun_agreement,determiner_noun_agreement_with_adj_2,True,False,True,True,577,-82.36198425292969,-84.02197265625,1
Many people kiss these displeased patients.,Many people kiss this displeased patients.,morphology,determiner_noun_agreement,determiner_noun_agreement_with_adj_2,True,False,True,True,578,-53.77305221557617,-55.58671951293945,1
Sally boasted about these ill cashiers.,Sally boasted about this ill cashiers.,morphology,determiner_noun_agreement,determiner_noun_agreement_with_adj_2,True,False,True,True,579,-63.72093963623047,-64.04673767089844,1
Many boys explore those cheap schools.,Many boys explore that cheap schools.,morphology,determiner_noun_agreement,determiner_noun_agreement_with_adj_2,True,False,True,True,580,-50.22333526611328,-51.504512786865234,1
Joel is cleaning those messy schools.,Joel is cleaning that messy schools.,morphology,determiner_noun_agreement,determiner_noun_agreement_with_adj_2,True,False,True,True,581,-58.726932525634766,-58.46617889404297,0
A lot of guests hadn't gone to these green grocery stores.,A lot of guests hadn't gone to this green grocery stores.,morphology,determiner_noun_agreement,determiner_noun_agreement_with_adj_2,True,False,True,True,582,-66.69989013671875,-66.77032470703125,1
Jason exits that purple college campus.,Jason exits those purple college campus.,morphology,determiner_noun_agreement,determiner_noun_agreement_with_adj_2,True,False,True,True,583,-65.53041076660156,-66.0673828125,1
Nina visits this rough bank.,Nina visits these rough bank.,morphology,determiner_noun_agreement,determiner_noun_agreement_with_adj_2,True,False,True,True,584,-49.43275451660156,-53.77920913696289,1
That organization was buying that hard glove.,That organization was buying those hard glove.,morphology,determiner_noun_agreement,determiner_noun_agreement_with_adj_2,True,False,True,True,585,-59.70414733886719,-60.83154296875,1
Lawrence isn't approaching those serious boys.,Lawrence isn't approaching that serious boys.,morphology,determiner_noun_agreement,determiner_noun_agreement_with_adj_2,True,False,True,True,586,-62.550716400146484,-61.87163162231445,0
These patients will research this important drawing.,These patients will research these important drawing.,morphology,determiner_noun_agreement,determiner_noun_agreement_with_adj_2,True,False,True,True,587,-50.57181930541992,-53.42138671875,1
Mitchell might resemble these orange pictures.,Mitchell might resemble this orange pictures.,morphology,determiner_noun_agreement,determiner_noun_agreement_with_adj_2,True,False,True,True,588,-59.21112060546875,-59.40010452270508,1
The Great Lakes scare those young senators.,The Great Lakes scare that young senators.,morphology,determiner_noun_agreement,determiner_noun_agreement_with_adj_2,True,False,True,True,589,-58.5035400390625,-58.197105407714844,0
Kristen has those blue plates.,Kristen has that blue plates.,morphology,determiner_noun_agreement,determiner_noun_agreement_with_adj_2,True,False,True,True,590,-46.01866149902344,-45.02074432373047,0
Matt remembered that upset guest.,Matt remembered those upset guest.,morphology,determiner_noun_agreement,determiner_noun_agreement_with_adj_2,True,False,True,True,591,-52.111488342285156,-53.29997253417969,1
Bill noticed these concealed jackets.,Bill noticed this concealed jackets.,morphology,determiner_noun_agreement,determiner_noun_agreement_with_adj_2,True,False,True,True,592,-48.63728332519531,-47.309513092041016,0
Cynthia hasn't found this good drawing.,Cynthia hasn't found these good drawing.,morphology,determiner_noun_agreement,determiner_noun_agreement_with_adj_2,True,False,True,True,593,-58.147865295410156,-62.724769592285156,1
Claire could bike to this exposed high school.,Claire could bike to these exposed high school.,morphology,determiner_noun_agreement,determiner_noun_agreement_with_adj_2,True,False,True,True,594,-70.37683868408203,-73.11796569824219,1
These teenagers weren't revealing this black public park.,These teenagers weren't revealing these black public park.,morphology,determiner_noun_agreement,determiner_noun_agreement_with_adj_2,True,False,True,True,595,-63.232147216796875,-64.66021728515625,1
Most senators concealed those young guys.,Most senators concealed that young guys.,morphology,determiner_noun_agreement,determiner_noun_agreement_with_adj_2,True,False,True,True,596,-53.85162353515625,-56.733192443847656,1
Those teenagers kissed that unconvinced cashier.,Those teenagers kissed those unconvinced cashier.,morphology,determiner_noun_agreement,determiner_noun_agreement_with_adj_2,True,False,True,True,597,-77.41243743896484,-77.55123138427734,1
Daniel should talk to this delighted boy.,Daniel should talk to these delighted boy.,morphology,determiner_noun_agreement,determiner_noun_agreement_with_adj_2,True,False,True,True,598,-54.19588088989258,-58.40757369995117,1
The people cleaned that gray movie theater.,The people cleaned those gray movie theater.,morphology,determiner_noun_agreement,determiner_noun_agreement_with_adj_2,True,False,True,True,599,-61.98854064941406,-60.11878204345703,0
The adults approach those lost teenagers.,The adults approach that lost teenagers.,morphology,determiner_noun_agreement,determiner_noun_agreement_with_adj_2,True,False,True,True,600,-51.567588806152344,-46.19422912597656,0
Christine is dropping by these cheap grocery stores.,Christine is dropping by this cheap grocery stores.,morphology,determiner_noun_agreement,determiner_noun_agreement_with_adj_2,True,False,True,True,601,-56.34674835205078,-58.03949737548828,1
A student approaches that delighted lady.,A student approaches those delighted lady.,morphology,determiner_noun_agreement,determiner_noun_agreement_with_adj_2,True,False,True,True,602,-52.317474365234375,-57.00511169433594,1
The Clintons see those good guests.,The Clintons see that good guests.,morphology,determiner_noun_agreement,determiner_noun_agreement_with_adj_2,True,False,True,True,603,-50.75028991699219,-49.377891540527344,0
Most drawings look like those smart patients.,Most drawings look like that smart patients.,morphology,determiner_noun_agreement,determiner_noun_agreement_with_adj_2,True,False,True,True,604,-55.543678283691406,-57.88349151611328,1
Martin wasn't confusing that important committee.,Martin wasn't confusing those important committee.,morphology,determiner_noun_agreement,determiner_noun_agreement_with_adj_2,True,False,True,True,605,-59.305145263671875,-61.14167022705078,1
All trucks look like this big picture.,All trucks look like these big picture.,morphology,determiner_noun_agreement,determiner_noun_agreement_with_adj_2,True,False,True,True,606,-42.17805099487305,-46.403587341308594,1
All governments hire those exposed actors.,All governments hire that exposed actors.,morphology,determiner_noun_agreement,determiner_noun_agreement_with_adj_2,True,False,True,True,607,-55.17359924316406,-55.017234802246094,0
This hospital will reference those out in the open doctors.,This hospital will reference that out in the open doctors.,morphology,determiner_noun_agreement,determiner_noun_agreement_with_adj_2,True,False,True,True,608,-67.36558532714844,-66.79312896728516,0
That rug stuns this good committee.,That rug stuns these good committee.,morphology,determiner_noun_agreement,determiner_noun_agreement_with_adj_2,True,False,True,True,609,-63.22015380859375,-66.46647644042969,1
Pamela could return to these orange grocery stores.,Pamela could return to this orange grocery stores.,morphology,determiner_noun_agreement,determiner_noun_agreement_with_adj_2,True,False,True,True,610,-65.57181549072266,-64.392333984375,0
Tanya talked to those uncertain waiters.,Tanya talked to that uncertain waiters.,morphology,determiner_noun_agreement,determiner_noun_agreement_with_adj_2,True,False,True,True,611,-58.72665786743164,-61.99431610107422,1
Most drawings look like this green print.,Most drawings look like these green print.,morphology,determiner_noun_agreement,determiner_noun_agreement_with_adj_2,True,False,True,True,612,-45.93914794921875,-49.57448959350586,1
Some waitresses admire this concealed newspaper article.,Some waitresses admire these concealed newspaper article.,morphology,determiner_noun_agreement,determiner_noun_agreement_with_adj_2,True,False,True,True,613,-76.83382415771484,-80.07546997070312,1
A lot of guys go to those concealed hospitals.,A lot of guys go to that concealed hospitals.,morphology,determiner_noun_agreement,determiner_noun_agreement_with_adj_2,True,False,True,True,614,-59.8165168762207,-59.32102966308594,0
This adult hadn't sold that soft jacket.,This adult hadn't sold those soft jacket.,morphology,determiner_noun_agreement,determiner_noun_agreement_with_adj_2,True,False,True,True,615,-60.54705810546875,-63.048397064208984,1
Some shoe confuses this yellow bank.,Some shoe confuses these yellow bank.,morphology,determiner_noun_agreement,determiner_noun_agreement_with_adj_2,True,False,True,True,616,-61.093528747558594,-63.16464614868164,1
These women drop by this orange school.,These women drop by these orange school.,morphology,determiner_noun_agreement,determiner_noun_agreement_with_adj_2,True,False,True,True,617,-56.03380584716797,-58.23713684082031,1
These patients approach these smart girls.,These patients approach this smart girls.,morphology,determiner_noun_agreement,determiner_noun_agreement_with_adj_2,True,False,True,True,618,-49.46962356567383,-50.260894775390625,1
That sketch hadn't looked like those out in the open malls.,That sketch hadn't looked like that out in the open malls.,morphology,determiner_noun_agreement,determiner_noun_agreement_with_adj_2,True,False,True,True,619,-75.40898132324219,-73.11094665527344,0
Alicia hadn't shocked these unemployed cashiers.,Alicia hadn't shocked this unemployed cashiers.,morphology,determiner_noun_agreement,determiner_noun_agreement_with_adj_2,True,False,True,True,620,-83.95230102539062,-85.21035766601562,1
The Impressionists drop by this gray mall.,The Impressionists drop by these gray mall.,morphology,determiner_noun_agreement,determiner_noun_agreement_with_adj_2,True,False,True,True,621,-65.80809020996094,-71.50138854980469,1
Aaron loved that brown newspaper article.,Aaron loved those brown newspaper article.,morphology,determiner_noun_agreement,determiner_noun_agreement_with_adj_2,True,False,True,True,622,-60.249229431152344,-60.53236389160156,1
Jane examined this bad play.,Jane examined these bad play.,morphology,determiner_noun_agreement,determiner_noun_agreement_with_adj_2,True,False,True,True,623,-45.523948669433594,-47.89067840576172,1
All guys could bore this unemployed dancer.,All guys could bore these unemployed dancer.,morphology,determiner_noun_agreement,determiner_noun_agreement_with_adj_2,True,False,True,True,624,-64.02009582519531,-64.36907196044922,1
Gerald had attacked that employed driver.,Gerald had attacked those employed driver.,morphology,determiner_noun_agreement,determiner_noun_agreement_with_adj_2,True,False,True,True,625,-59.48147201538086,-58.35107421875,0
The library should like this troubled cashier.,The library should like these troubled cashier.,morphology,determiner_noun_agreement,determiner_noun_agreement_with_adj_2,True,False,True,True,626,-57.14918518066406,-60.742462158203125,1
A lot of trucks bore those confident children.,A lot of trucks bore that confident children.,morphology,determiner_noun_agreement,determiner_noun_agreement_with_adj_2,True,False,True,True,627,-65.61842346191406,-66.51692962646484,1
Those photographs hurt those hopeful patients.,Those photographs hurt that hopeful patients.,morphology,determiner_noun_agreement,determiner_noun_agreement_with_adj_2,True,False,True,True,628,-58.466217041015625,-59.465911865234375,1
Janet appreciated that scared dancer.,Janet appreciated those scared dancer.,morphology,determiner_noun_agreement,determiner_noun_agreement_with_adj_2,True,False,True,True,629,-63.240089416503906,-63.757965087890625,1
Some teenager forgets those ill doctors.,Some teenager forgets that ill doctors.,morphology,determiner_noun_agreement,determiner_noun_agreement_with_adj_2,True,False,True,True,630,-56.958736419677734,-57.0367317199707,1
That patient escapes from those hidden cashiers.,That patient escapes from that hidden cashiers.,morphology,determiner_noun_agreement,determiner_noun_agreement_with_adj_2,True,False,True,True,631,-68.26976013183594,-70.81657409667969,1
A person isn't touring this green restaurant.,A person isn't touring these green restaurant.,morphology,determiner_noun_agreement,determiner_noun_agreement_with_adj_2,True,False,True,True,632,-53.63278579711914,-58.01177978515625,1
Liam doesn't remember that fast pedestrian.,Liam doesn't remember those fast pedestrian.,morphology,determiner_noun_agreement,determiner_noun_agreement_with_adj_2,True,False,True,True,633,-55.99324417114258,-61.167259216308594,1
Every adult broke that purple plate.,Every adult broke those purple plate.,morphology,determiner_noun_agreement,determiner_noun_agreement_with_adj_2,True,False,True,True,634,-54.45231628417969,-55.23323059082031,1
Ann thought about those good committees.,Ann thought about that good committees.,morphology,determiner_noun_agreement,determiner_noun_agreement_with_adj_2,True,False,True,True,635,-52.157447814941406,-54.09385299682617,1
Ruth will dislike these fast dancers.,Ruth will dislike this fast dancers.,morphology,determiner_noun_agreement,determiner_noun_agreement_with_adj_2,True,False,True,True,636,-60.728546142578125,-59.9941520690918,0
Samantha impressed this troubled customer.,Samantha impressed these troubled customer.,morphology,determiner_noun_agreement,determiner_noun_agreement_with_adj_2,True,False,True,True,637,-64.3394775390625,-67.65242767333984,1
Most doors annoyed that content customer.,Most doors annoyed those content customer.,morphology,determiner_noun_agreement,determiner_noun_agreement_with_adj_2,True,False,True,True,638,-59.2959098815918,-62.76904296875,1
A lot of cashiers have messed up that rough bank.,A lot of cashiers have messed up those rough bank.,morphology,determiner_noun_agreement,determiner_noun_agreement_with_adj_2,True,False,True,True,639,-72.77864074707031,-74.04867553710938,1
Lisa alarmed those popular organizations.,Lisa alarmed that popular organizations.,morphology,determiner_noun_agreement,determiner_noun_agreement_with_adj_2,True,False,True,True,640,-50.630340576171875,-47.92229461669922,0
This student boasts about those important documentaries.,This student boasts about that important documentaries.,morphology,determiner_noun_agreement,determiner_noun_agreement_with_adj_2,True,False,True,True,641,-57.464385986328125,-57.95952224731445,1
Sarah wasn't passing those messy museums.,Sarah wasn't passing that messy museums.,morphology,determiner_noun_agreement,determiner_noun_agreement_with_adj_2,True,False,True,True,642,-58.067989349365234,-58.94149398803711,1
Sharon helps that young guy.,Sharon helps those young guy.,morphology,determiner_noun_agreement,determiner_noun_agreement_with_adj_2,True,False,True,True,643,-49.286277770996094,-47.34047317504883,0
Those teachers sound like these out in the open malls.,Those teachers sound like this out in the open malls.,morphology,determiner_noun_agreement,determiner_noun_agreement_with_adj_2,True,False,True,True,644,-67.26636505126953,-65.61872100830078,0
Amanda would admire these new dresses.,Amanda would admire this new dresses.,morphology,determiner_noun_agreement,determiner_noun_agreement_with_adj_2,True,False,True,True,645,-51.426021575927734,-52.5597038269043,1
Every waitress hadn't gone to that rough school.,Every waitress hadn't gone to those rough school.,morphology,determiner_noun_agreement,determiner_noun_agreement_with_adj_2,True,False,True,True,646,-60.08556365966797,-60.82118606567383,1
Many patients hire these concealed patients.,Many patients hire this concealed patients.,morphology,determiner_noun_agreement,determiner_noun_agreement_with_adj_2,True,False,True,True,647,-47.682743072509766,-47.63328170776367,0
Todd fired these ill senators.,Todd fired this ill senators.,morphology,determiner_noun_agreement,determiner_noun_agreement_with_adj_2,True,False,True,True,648,-54.0469970703125,-53.653011322021484,0
Many guests fix those whole cups.,Many guests fix that whole cups.,morphology,determiner_noun_agreement,determiner_noun_agreement_with_adj_2,True,False,True,True,649,-51.25373458862305,-51.47016143798828,1
Many senators run around those concealed movie theaters.,Many senators run around that concealed movie theaters.,morphology,determiner_noun_agreement,determiner_noun_agreement_with_adj_2,True,False,True,True,650,-70.01873779296875,-70.49222564697266,1
Alexander appreciates this exposed pamphlet.,Alexander appreciates these exposed pamphlet.,morphology,determiner_noun_agreement,determiner_noun_agreement_with_adj_2,True,False,True,True,651,-55.78174591064453,-58.63262176513672,1
Tamara wasn't visiting that popular art gallery.,Tamara wasn't visiting those popular art gallery.,morphology,determiner_noun_agreement,determiner_noun_agreement_with_adj_2,True,False,True,True,652,-62.68326187133789,-61.47476577758789,0
A guest will fix those out in the open plates.,A guest will fix that out in the open plates.,morphology,determiner_noun_agreement,determiner_noun_agreement_with_adj_2,True,False,True,True,653,-62.357200622558594,-60.93259048461914,0
Some guys explore those popular museums.,Some guys explore that popular museums.,morphology,determiner_noun_agreement,determiner_noun_agreement_with_adj_2,True,False,True,True,654,-46.232383728027344,-49.299217224121094,1
Some sweater stuns this out in the open teenager.,Some sweater stuns these out in the open teenager.,morphology,determiner_noun_agreement,determiner_noun_agreement_with_adj_2,True,False,True,True,655,-75.63907623291016,-76.70960998535156,1
A lot of adults describe these popular guests.,A lot of adults describe this popular guests.,morphology,determiner_noun_agreement,determiner_noun_agreement_with_adj_2,True,False,True,True,656,-55.42876434326172,-56.46137237548828,1
Governments can boast about those uncertain teachers.,Governments can boast about that uncertain teachers.,morphology,determiner_noun_agreement,determiner_noun_agreement_with_adj_2,True,False,True,True,657,-61.23231506347656,-64.31163024902344,1
Naomi has revealed those yellow hospitals.,Naomi has revealed that yellow hospitals.,morphology,determiner_noun_agreement,determiner_noun_agreement_with_adj_2,True,False,True,True,658,-59.345577239990234,-55.818946838378906,0
Jesus didn't exit these white schools.,Jesus didn't exit this white schools.,morphology,determiner_noun_agreement,determiner_noun_agreement_with_adj_2,True,False,True,True,659,-51.070289611816406,-52.73764419555664,1
Valerie hadn't arrived at these old museums.,Valerie hadn't arrived at this old museums.,morphology,determiner_noun_agreement,determiner_noun_agreement_with_adj_2,True,False,True,True,660,-59.60200500488281,-60.27123260498047,1
Holly wouldn't help those smart waiters.,Holly wouldn't help that smart waiters.,morphology,determiner_noun_agreement,determiner_noun_agreement_with_adj_2,True,False,True,True,661,-59.09453201293945,-61.958351135253906,1
All men escape from these uncertain actors.,All men escape from this uncertain actors.,morphology,determiner_noun_agreement,determiner_noun_agreement_with_adj_2,True,False,True,True,662,-53.84290313720703,-55.97071075439453,1
Some college campus hasn't scared these unemployed boys.,Some college campus hasn't scared this unemployed boys.,morphology,determiner_noun_agreement,determiner_noun_agreement_with_adj_2,True,False,True,True,663,-68.08963775634766,-71.24420166015625,1
The guy fires those lucky pedestrians.,The guy fires that lucky pedestrians.,morphology,determiner_noun_agreement,determiner_noun_agreement_with_adj_2,True,False,True,True,664,-56.22306823730469,-55.946956634521484,0
Wayne is concealing that lost blouse.,Wayne is concealing those lost blouse.,morphology,determiner_noun_agreement,determiner_noun_agreement_with_adj_2,True,False,True,True,665,-62.50385284423828,-66.17263793945312,1
Students listen to that happy patient.,Students listen to those happy patient.,morphology,determiner_noun_agreement,determiner_noun_agreement_with_adj_2,True,False,True,True,666,-46.92417907714844,-44.39315414428711,0
Eva will cure these bad dogs.,Eva will cure this bad dogs.,morphology,determiner_noun_agreement,determiner_noun_agreement_with_adj_2,True,False,True,True,667,-47.0738525390625,-46.94131851196289,0
Alicia didn't take those red eyes.,Alicia didn't take that red eyes.,morphology,determiner_noun_agreement,determiner_noun_agreement_with_adj_2,True,False,True,True,668,-59.80989456176758,-58.12255859375,0
This vase had disgusted these standing customers.,This vase had disgusted this standing customers.,morphology,determiner_noun_agreement,determiner_noun_agreement_with_adj_2,True,False,True,True,669,-71.76606750488281,-71.5578384399414,0
Allison boycotts these good legislatures.,Allison boycotts this good legislatures.,morphology,determiner_noun_agreement,determiner_noun_agreement_with_adj_2,True,False,True,True,670,-64.35555267333984,-64.98506927490234,1
Jennifer can return to these important children.,Jennifer can return to this important children.,morphology,determiner_noun_agreement,determiner_noun_agreement_with_adj_2,True,False,True,True,671,-48.367225646972656,-49.09002685546875,1
Some bananas embarrass these important banks.,Some bananas embarrass this important banks.,morphology,determiner_noun_agreement,determiner_noun_agreement_with_adj_2,True,False,True,True,672,-61.817588806152344,-62.20686340332031,1
The waitress has that important hamster.,The waitress has those important hamster.,morphology,determiner_noun_agreement,determiner_noun_agreement_with_adj_2,True,False,True,True,673,-54.57508087158203,-56.174530029296875,1
Derek healed this hopeful student.,Derek healed these hopeful student.,morphology,determiner_noun_agreement,determiner_noun_agreement_with_adj_2,True,False,True,True,674,-55.2891960144043,-59.94083786010742,1
Sheila hires these troubled customers.,Sheila hires this troubled customers.,morphology,determiner_noun_agreement,determiner_noun_agreement_with_adj_2,True,False,True,True,675,-54.72240447998047,-55.389713287353516,1
Douglas escapes from those upset teenagers.,Douglas escapes from that upset teenagers.,morphology,determiner_noun_agreement,determiner_noun_agreement_with_adj_2,True,False,True,True,676,-57.34760665893555,-59.58375549316406,1
Donna returned to these small guests.,Donna returned to this small guests.,morphology,determiner_noun_agreement,determiner_noun_agreement_with_adj_2,True,False,True,True,677,-47.424407958984375,-47.88529968261719,1
Brian is investigating those bad adults.,Brian is investigating that bad adults.,morphology,determiner_noun_agreement,determiner_noun_agreement_with_adj_2,True,False,True,True,678,-44.06512451171875,-43.236541748046875,0
Ellen could go to those popular schools.,Ellen could go to that popular schools.,morphology,determiner_noun_agreement,determiner_noun_agreement_with_adj_2,True,False,True,True,679,-52.059478759765625,-53.568084716796875,1
Men investigate those good museums.,Men investigate that good museums.,morphology,determiner_noun_agreement,determiner_noun_agreement_with_adj_2,True,False,True,True,680,-46.123870849609375,-46.775970458984375,1
Jacqueline talks to this lost waiter.,Jacqueline talks to these lost waiter.,morphology,determiner_noun_agreement,determiner_noun_agreement_with_adj_2,True,False,True,True,681,-63.309288024902344,-65.97406768798828,1
Samantha stunned this bad hospital.,Samantha stunned these bad hospital.,morphology,determiner_noun_agreement,determiner_noun_agreement_with_adj_2,True,False,True,True,682,-61.652061462402344,-64.51127624511719,1
Travel hasn't astounded these uncertain ladies.,Travel hasn't astounded this uncertain ladies.,morphology,determiner_noun_agreement,determiner_noun_agreement_with_adj_2,True,False,True,True,683,-69.98779296875,-69.28849029541016,0
Kristin should conceal these sick teachers.,Kristin should conceal this sick teachers.,morphology,determiner_noun_agreement,determiner_noun_agreement_with_adj_2,True,False,True,True,684,-57.591156005859375,-57.59136199951172,1
Sally sounded like these dirty museums.,Sally sounded like this dirty museums.,morphology,determiner_noun_agreement,determiner_noun_agreement_with_adj_2,True,False,True,True,685,-55.19554138183594,-55.15950393676758,0
Rodney hasn't arrived at this good school.,Rodney hasn't arrived at these good school.,morphology,determiner_noun_agreement,determiner_noun_agreement_with_adj_2,True,False,True,True,686,-53.34098815917969,-56.68060302734375,1
George could examine those important newspaper articles.,George could examine that important newspaper articles.,morphology,determiner_noun_agreement,determiner_noun_agreement_with_adj_2,True,False,True,True,687,-54.221900939941406,-56.33546447753906,1
Many dancers disagree with these displeased dancers.,Many dancers disagree with this displeased dancers.,morphology,determiner_noun_agreement,determiner_noun_agreement_with_adj_2,True,False,True,True,688,-58.217681884765625,-59.18853759765625,1
Elaine has upset those scared students.,Elaine has upset that scared students.,morphology,determiner_noun_agreement,determiner_noun_agreement_with_adj_2,True,False,True,True,689,-60.68549728393555,-59.8309326171875,0
Elizabeth had discussed these good college campuses.,Elizabeth had discussed this good college campuses.,morphology,determiner_noun_agreement,determiner_noun_agreement_with_adj_2,True,False,True,True,690,-54.43566131591797,-55.225032806396484,1
The icicles alarm that good company.,The icicles alarm those good company.,morphology,determiner_noun_agreement,determiner_noun_agreement_with_adj_2,True,False,True,True,691,-64.42160034179688,-67.94674682617188,1
Most legislatures loved this unemployed teenager.,Most legislatures loved these unemployed teenager.,morphology,determiner_noun_agreement,determiner_noun_agreement_with_adj_2,True,False,True,True,692,-60.71007537841797,-61.79905700683594,1
Politics was shocking these scared teachers.,Politics was shocking this scared teachers.,morphology,determiner_noun_agreement,determiner_noun_agreement_with_adj_2,True,False,True,True,693,-57.17407989501953,-56.0973014831543,0
Todd should lift those out in the open shoes.,Todd should lift that out in the open shoes.,morphology,determiner_noun_agreement,determiner_noun_agreement_with_adj_2,True,False,True,True,694,-62.22636032104492,-62.636383056640625,1
Kevin has biked to that cheap bank.,Kevin has biked to those cheap bank.,morphology,determiner_noun_agreement,determiner_noun_agreement_with_adj_2,True,False,True,True,695,-58.9528923034668,-58.89226531982422,0
Nicole was scaring those employed drivers.,Nicole was scaring that employed drivers.,morphology,determiner_noun_agreement,determiner_noun_agreement_with_adj_2,True,False,True,True,696,-63.76459503173828,-62.358158111572266,0
Some mouth does stun that unlucky waiter.,Some mouth does stun those unlucky waiter.,morphology,determiner_noun_agreement,determiner_noun_agreement_with_adj_2,True,False,True,True,697,-70.34193420410156,-67.75648498535156,0
Samuel drops by this hidden school.,Samuel drops by these hidden school.,morphology,determiner_noun_agreement,determiner_noun_agreement_with_adj_2,True,False,True,True,698,-61.949867248535156,-64.04721069335938,1
Nancy has argued about this serious patient.,Nancy has argued about these serious patient.,morphology,determiner_noun_agreement,determiner_noun_agreement_with_adj_2,True,False,True,True,699,-56.994354248046875,-60.505130767822266,1
Chad boycotted these blue schools.,Chad boycotted this blue schools.,morphology,determiner_noun_agreement,determiner_noun_agreement_with_adj_2,True,False,True,True,700,-72.76167297363281,-74.22952270507812,1
A lot of teachers weren't helping these troubled waiters.,A lot of teachers weren't helping this troubled waiters.,morphology,determiner_noun_agreement,determiner_noun_agreement_with_adj_2,True,False,True,True,701,-72.5523681640625,-72.71115112304688,1
The public parks haven't bothered these popular governments.,The public parks haven't bothered this popular governments.,morphology,determiner_noun_agreement,determiner_noun_agreement_with_adj_2,True,False,True,True,702,-64.30744934082031,-65.11072540283203,1
These dancers aren't embarrassing that sick senator.,These dancers aren't embarrassing those sick senator.,morphology,determiner_noun_agreement,determiner_noun_agreement_with_adj_2,True,False,True,True,703,-65.9782485961914,-68.77377319335938,1
Those people think about those black hats.,Those people think about that black hats.,morphology,determiner_noun_agreement,determiner_noun_agreement_with_adj_2,True,False,True,True,704,-42.808895111083984,-42.584556579589844,0
Science had disturbed these standing guys.,Science had disturbed this standing guys.,morphology,determiner_noun_agreement,determiner_noun_agreement_with_adj_2,True,False,True,True,705,-57.24658966064453,-56.47393798828125,0
Elizabeth hadn't arrived at this popular cafe.,Elizabeth hadn't arrived at these popular cafe.,morphology,determiner_noun_agreement,determiner_noun_agreement_with_adj_2,True,False,True,True,706,-52.82959747314453,-58.49522399902344,1
Liam boycotted these important universities.,Liam boycotted this important universities.,morphology,determiner_noun_agreement,determiner_noun_agreement_with_adj_2,True,False,True,True,707,-78.20448303222656,-79.45610809326172,1
Russell wasn't criticizing this young doctor.,Russell wasn't criticizing these young doctor.,morphology,determiner_noun_agreement,determiner_noun_agreement_with_adj_2,True,False,True,True,708,-52.31272888183594,-54.944984436035156,1
Those teachers heal that sick hamster.,Those teachers heal those sick hamster.,morphology,determiner_noun_agreement,determiner_noun_agreement_with_adj_2,True,False,True,True,709,-65.59376525878906,-63.10523986816406,0
Most waitresses revealed this yellow coat.,Most waitresses revealed these yellow coat.,morphology,determiner_noun_agreement,determiner_noun_agreement_with_adj_2,True,False,True,True,710,-62.47521209716797,-65.0323715209961,1
Omar can't attack these unconvinced teachers.,Omar can't attack this unconvinced teachers.,morphology,determiner_noun_agreement,determiner_noun_agreement_with_adj_2,True,False,True,True,711,-74.85696411132812,-74.88555908203125,1
Every guest fixes that purple glass.,Every guest fixes those purple glass.,morphology,determiner_noun_agreement,determiner_noun_agreement_with_adj_2,True,False,True,True,712,-54.04877471923828,-57.1131591796875,1
Richard should pass these dirty grocery stores.,Richard should pass this dirty grocery stores.,morphology,determiner_noun_agreement,determiner_noun_agreement_with_adj_2,True,False,True,True,713,-55.62981033325195,-55.00372314453125,0
Chad hasn't forgotten this troubled doctor.,Chad hasn't forgotten these troubled doctor.,morphology,determiner_noun_agreement,determiner_noun_agreement_with_adj_2,True,False,True,True,714,-59.4854736328125,-63.920249938964844,1
Those waiters watch those small girls.,Those waiters watch that small girls.,morphology,determiner_noun_agreement,determiner_noun_agreement_with_adj_2,True,False,True,True,715,-55.058509826660156,-55.76692199707031,1
Some fish haven't resembled this white drawing.,Some fish haven't resembled these white drawing.,morphology,determiner_noun_agreement,determiner_noun_agreement_with_adj_2,True,False,True,True,716,-61.61616516113281,-62.617027282714844,1
Marcus listens to these exposed teachers.,Marcus listens to this exposed teachers.,morphology,determiner_noun_agreement,determiner_noun_agreement_with_adj_2,True,False,True,True,717,-54.59306335449219,-55.275882720947266,1
The Lutherans could praise those nice boys.,The Lutherans could praise that nice boys.,morphology,determiner_noun_agreement,determiner_noun_agreement_with_adj_2,True,False,True,True,718,-65.15657043457031,-66.13328552246094,1
The woman visited that old high school.,The woman visited those old high school.,morphology,determiner_noun_agreement,determiner_noun_agreement_with_adj_2,True,False,True,True,719,-47.74197006225586,-48.09827423095703,1
Eva did heal that brown turtle.,Eva did heal those brown turtle.,morphology,determiner_noun_agreement,determiner_noun_agreement_with_adj_2,True,False,True,True,720,-57.02919006347656,-56.617279052734375,0
These people help these clever waitresses.,These people help this clever waitresses.,morphology,determiner_noun_agreement,determiner_noun_agreement_with_adj_2,True,False,True,True,721,-58.78577423095703,-60.33583450317383,1
Homer wasn't describing those hidden guests.,Homer wasn't describing that hidden guests.,morphology,determiner_noun_agreement,determiner_noun_agreement_with_adj_2,True,False,True,True,722,-62.045753479003906,-62.949974060058594,1
Many waiters buy those exposed prints.,Many waiters buy that exposed prints.,morphology,determiner_noun_agreement,determiner_noun_agreement_with_adj_2,True,False,True,True,723,-59.22895050048828,-62.590484619140625,1
Laurie hadn't returned to this serious driver.,Laurie hadn't returned to these serious driver.,morphology,determiner_noun_agreement,determiner_noun_agreement_with_adj_2,True,False,True,True,724,-60.443382263183594,-65.92250061035156,1
Sandra scanned these small reports.,Sandra scanned this small reports.,morphology,determiner_noun_agreement,determiner_noun_agreement_with_adj_2,True,False,True,True,725,-51.00461196899414,-50.5447883605957,0
A lot of guests appreciate that happy teenager.,A lot of guests appreciate those happy teenager.,morphology,determiner_noun_agreement,determiner_noun_agreement_with_adj_2,True,False,True,True,726,-54.42726516723633,-54.93445587158203,1
These teenagers drop by this white public park.,These teenagers drop by these white public park.,morphology,determiner_noun_agreement,determiner_noun_agreement_with_adj_2,True,False,True,True,727,-58.21338653564453,-60.802955627441406,1
Kirsten is discovering this long play.,Kirsten is discovering these long play.,morphology,determiner_noun_agreement,determiner_noun_agreement_with_adj_2,True,False,True,True,728,-55.926368713378906,-59.413780212402344,1
Stacy has criticized those dirty cafes.,Stacy has criticized that dirty cafes.,morphology,determiner_noun_agreement,determiner_noun_agreement_with_adj_2,True,False,True,True,729,-55.19256591796875,-55.370121002197266,1
Kimberley breaks this blue cup.,Kimberley breaks these blue cup.,morphology,determiner_noun_agreement,determiner_noun_agreement_with_adj_2,True,False,True,True,730,-55.47486877441406,-59.753047943115234,1
Those waitresses hadn't visited these delighted dancers.,Those waitresses hadn't visited this delighted dancers.,morphology,determiner_noun_agreement,determiner_noun_agreement_with_adj_2,True,False,True,True,731,-75.58515930175781,-76.43445587158203,1
This cashier reveals this small restaurant.,This cashier reveals these small restaurant.,morphology,determiner_noun_agreement,determiner_noun_agreement_with_adj_2,True,False,True,True,732,-52.35356140136719,-56.481658935546875,1
The women attack these uncertain boys.,The women attack this uncertain boys.,morphology,determiner_noun_agreement,determiner_noun_agreement_with_adj_2,True,False,True,True,733,-51.24738693237305,-51.019073486328125,0
Doctors flee from those exposed banks.,Doctors flee from that exposed banks.,morphology,determiner_noun_agreement,determiner_noun_agreement_with_adj_2,True,False,True,True,734,-54.46760177612305,-58.04078674316406,1
The glacier confuses these popular legislatures.,The glacier confuses this popular legislatures.,morphology,determiner_noun_agreement,determiner_noun_agreement_with_adj_2,True,False,True,True,735,-64.90544891357422,-65.27218627929688,1
Carrie saw that cheap shawl.,Carrie saw those cheap shawl.,morphology,determiner_noun_agreement,determiner_noun_agreement_with_adj_2,True,False,True,True,736,-58.64160919189453,-60.272850036621094,1
Maria hasn't loved those excited boys.,Maria hasn't loved that excited boys.,morphology,determiner_noun_agreement,determiner_noun_agreement_with_adj_2,True,False,True,True,737,-53.07406234741211,-56.95269012451172,1
Some women weren't talking to that unconvinced dancer.,Some women weren't talking to those unconvinced dancer.,morphology,determiner_noun_agreement,determiner_noun_agreement_with_adj_2,True,False,True,True,738,-74.04146575927734,-74.01016235351562,0
Janet isn't arriving at this purple restaurant.,Janet isn't arriving at these purple restaurant.,morphology,determiner_noun_agreement,determiner_noun_agreement_with_adj_2,True,False,True,True,739,-61.039405822753906,-66.34464263916016,1
Bruce had fired this troubled adult.,Bruce had fired these troubled adult.,morphology,determiner_noun_agreement,determiner_noun_agreement_with_adj_2,True,False,True,True,740,-51.731201171875,-54.86949157714844,1
Rose hadn't scared this important government.,Rose hadn't scared these important government.,morphology,determiner_noun_agreement,determiner_noun_agreement_with_adj_2,True,False,True,True,741,-57.23768997192383,-60.3531608581543,1
Every association was insulting those out in the open brochures.,Every association was insulting that out in the open brochures.,morphology,determiner_noun_agreement,determiner_noun_agreement_with_adj_2,True,False,True,True,742,-68.98735046386719,-66.58750915527344,0
Jill doesn't drive to those orange movie theaters.,Jill doesn't drive to that orange movie theaters.,morphology,determiner_noun_agreement,determiner_noun_agreement_with_adj_2,True,False,True,True,743,-67.37712097167969,-67.83645629882812,1
Cucumbers hurt this exposed lady.,Cucumbers hurt these exposed lady.,morphology,determiner_noun_agreement,determiner_noun_agreement_with_adj_2,True,False,True,True,744,-63.18300247192383,-64.14759826660156,1
Stephen had messed up this bad glass.,Stephen had messed up these bad glass.,morphology,determiner_noun_agreement,determiner_noun_agreement_with_adj_2,True,False,True,True,745,-53.119869232177734,-56.134727478027344,1
Dawn was boring those young teachers.,Dawn was boring that young teachers.,morphology,determiner_noun_agreement,determiner_noun_agreement_with_adj_2,True,False,True,True,746,-54.89372253417969,-52.38019943237305,0
Sonia should tour these cheap restaurants.,Sonia should tour this cheap restaurants.,morphology,determiner_noun_agreement,determiner_noun_agreement_with_adj_2,True,False,True,True,747,-54.00849151611328,-57.25177764892578,1
Gina talks about those long plays.,Gina talks about that long plays.,morphology,determiner_noun_agreement,determiner_noun_agreement_with_adj_2,True,False,True,True,748,-50.32190704345703,-49.387107849121094,0
Adam researched this popular government.,Adam researched these popular government.,morphology,determiner_noun_agreement,determiner_noun_agreement_with_adj_2,True,False,True,True,749,-47.1141357421875,-49.740970611572266,1
Tina insults that smart senator.,Tina insults those smart senator.,morphology,determiner_noun_agreement,determiner_noun_agreement_with_adj_2,True,False,True,True,750,-58.547035217285156,-61.27927780151367,1
Steve didn't boast about those old teachers.,Steve didn't boast about that old teachers.,morphology,determiner_noun_agreement,determiner_noun_agreement_with_adj_2,True,False,True,True,751,-55.13105010986328,-55.69742202758789,1
Patrick was concealing this brown fork.,Patrick was concealing these brown fork.,morphology,determiner_noun_agreement,determiner_noun_agreement_with_adj_2,True,False,True,True,752,-61.88721466064453,-64.23075866699219,1
Marie couldn't clean this old jacket.,Marie couldn't clean these old jacket.,morphology,determiner_noun_agreement,determiner_noun_agreement_with_adj_2,True,False,True,True,753,-48.325992584228516,-51.49418258666992,1
Jesus had this gray bank.,Jesus had these gray bank.,morphology,determiner_noun_agreement,determiner_noun_agreement_with_adj_2,True,False,True,True,754,-43.049598693847656,-46.77448272705078,1
Daniel examines this good essay.,Daniel examines these good essay.,morphology,determiner_noun_agreement,determiner_noun_agreement_with_adj_2,True,False,True,True,755,-42.3793830871582,-45.616416931152344,1
Paula does break this yellow cup.,Paula does break these yellow cup.,morphology,determiner_noun_agreement,determiner_noun_agreement_with_adj_2,True,False,True,True,756,-54.55762481689453,-58.281944274902344,1
Homer boycotted that good university.,Homer boycotted those good university.,morphology,determiner_noun_agreement,determiner_noun_agreement_with_adj_2,True,False,True,True,757,-77.55785369873047,-79.14055633544922,1
Dana escaped from those hopeful waitresses.,Dana escaped from that hopeful waitresses.,morphology,determiner_noun_agreement,determiner_noun_agreement_with_adj_2,True,False,True,True,758,-69.77188110351562,-70.59803009033203,1
The children have complained about that long essay.,The children have complained about those long essay.,morphology,determiner_noun_agreement,determiner_noun_agreement_with_adj_2,True,False,True,True,759,-52.123390197753906,-54.14654541015625,1
Beverly can't help that lost waitress.,Beverly can't help those lost waitress.,morphology,determiner_noun_agreement,determiner_noun_agreement_with_adj_2,True,False,True,True,760,-62.55895233154297,-61.61446762084961,0
Elizabeth loves those important drivers.,Elizabeth loves that important drivers.,morphology,determiner_noun_agreement,determiner_noun_agreement_with_adj_2,True,False,True,True,761,-44.14874267578125,-45.748451232910156,1
Susan hadn't passed those out in the open libraries.,Susan hadn't passed that out in the open libraries.,morphology,determiner_noun_agreement,determiner_noun_agreement_with_adj_2,True,False,True,True,762,-64.66404724121094,-63.37792205810547,0
Patricia is breaking this gray chair.,Patricia is breaking these gray chair.,morphology,determiner_noun_agreement,determiner_noun_agreement_with_adj_2,True,False,True,True,763,-50.356056213378906,-54.2342529296875,1
Some men admire these concealed pamphlets.,Some men admire this concealed pamphlets.,morphology,determiner_noun_agreement,determiner_noun_agreement_with_adj_2,True,False,True,True,764,-53.33576965332031,-53.490318298339844,1
Tanya isn't wearing that popular hat.,Tanya isn't wearing those popular hat.,morphology,determiner_noun_agreement,determiner_noun_agreement_with_adj_2,True,False,True,True,765,-53.34455490112305,-54.19112014770508,1
Melanie cared for this smart waitress.,Melanie cared for these smart waitress.,morphology,determiner_noun_agreement,determiner_noun_agreement_with_adj_2,True,False,True,True,766,-52.613014221191406,-54.98649597167969,1
Many dancers hire that lucky adult.,Many dancers hire those lucky adult.,morphology,determiner_noun_agreement,determiner_noun_agreement_with_adj_2,True,False,True,True,767,-58.65227508544922,-56.255126953125,0
Keith didn't disgust those bad universities.,Keith didn't disgust that bad universities.,morphology,determiner_noun_agreement,determiner_noun_agreement_with_adj_2,True,False,True,True,768,-62.42495346069336,-60.66426086425781,0
Angela cared for this determined student.,Angela cared for these determined student.,morphology,determiner_noun_agreement,determiner_noun_agreement_with_adj_2,True,False,True,True,769,-56.93743133544922,-62.686588287353516,1
Most waitresses aren't wearing that good sock.,Most waitresses aren't wearing those good sock.,morphology,determiner_noun_agreement,determiner_noun_agreement_with_adj_2,True,False,True,True,770,-68.14262390136719,-69.28252410888672,1
Those students bike to that out in the open movie theater.,Those students bike to those out in the open movie theater.,morphology,determiner_noun_agreement,determiner_noun_agreement_with_adj_2,True,False,True,True,771,-77.1689453125,-75.28111267089844,0
Those women reveal that old student.,Those women reveal those old student.,morphology,determiner_noun_agreement,determiner_noun_agreement_with_adj_2,True,False,True,True,772,-48.91756057739258,-50.78491973876953,1
Some senator hadn't passed these white malls.,Some senator hadn't passed this white malls.,morphology,determiner_noun_agreement,determiner_noun_agreement_with_adj_2,True,False,True,True,773,-63.42279052734375,-63.42103958129883,0
Florence does skate around this red public park.,Florence does skate around these red public park.,morphology,determiner_noun_agreement,determiner_noun_agreement_with_adj_2,True,False,True,True,774,-73.81129455566406,-77.62528228759766,1
Steven hasn't loved these old drivers.,Steven hasn't loved this old drivers.,morphology,determiner_noun_agreement,determiner_noun_agreement_with_adj_2,True,False,True,True,775,-52.011146545410156,-53.077598571777344,1
All adults break this lost plate.,All adults break these lost plate.,morphology,determiner_noun_agreement,determiner_noun_agreement_with_adj_2,True,False,True,True,776,-52.75579833984375,-54.15351867675781,1
Carrie wasn't insulting these content senators.,Carrie wasn't insulting this content senators.,morphology,determiner_noun_agreement,determiner_noun_agreement_with_adj_2,True,False,True,True,777,-65.6713638305664,-65.06039428710938,0
Sheila sees that brown photograph.,Sheila sees those brown photograph.,morphology,determiner_noun_agreement,determiner_noun_agreement_with_adj_2,True,False,True,True,778,-54.40979766845703,-56.433868408203125,1
Every person wasn't researching these red books.,Every person wasn't researching this red books.,morphology,determiner_noun_agreement,determiner_noun_agreement_with_adj_2,True,False,True,True,779,-54.90291976928711,-54.5736198425293,0
Lissa cured those uncertain adults.,Lissa cured that uncertain adults.,morphology,determiner_noun_agreement,determiner_noun_agreement_with_adj_2,True,False,True,True,780,-57.12895202636719,-58.0552978515625,1
Sheila can examine those concealed newspaper articles.,Sheila can examine that concealed newspaper articles.,morphology,determiner_noun_agreement,determiner_noun_agreement_with_adj_2,True,False,True,True,781,-68.01734924316406,-69.11537170410156,1
Gerald was visiting these fast waitresses.,Gerald was visiting this fast waitresses.,morphology,determiner_noun_agreement,determiner_noun_agreement_with_adj_2,True,False,True,True,782,-62.10939407348633,-61.73560333251953,0
Ruth has fled from these dirty restaurants.,Ruth has fled from this dirty restaurants.,morphology,determiner_noun_agreement,determiner_noun_agreement_with_adj_2,True,False,True,True,783,-61.098602294921875,-59.84175491333008,0
Many companies haven't concealed this brown brochure.,Many companies haven't concealed these brown brochure.,morphology,determiner_noun_agreement,determiner_noun_agreement_with_adj_2,True,False,True,True,784,-61.69694519042969,-63.27217483520508,1
A sketch couldn't look like this unsure dancer.,A sketch couldn't look like these unsure dancer.,morphology,determiner_noun_agreement,determiner_noun_agreement_with_adj_2,True,False,True,True,785,-65.55897521972656,-67.927978515625,1
Larry didn't bike to these cheap banks.,Larry didn't bike to this cheap banks.,morphology,determiner_noun_agreement,determiner_noun_agreement_with_adj_2,True,False,True,True,786,-59.67127990722656,-60.291378021240234,1
Most organizations dislike those delighted girls.,Most organizations dislike that delighted girls.,morphology,determiner_noun_agreement,determiner_noun_agreement_with_adj_2,True,False,True,True,787,-54.73241424560547,-54.61066436767578,0
Sheila had noticed this bad legislature.,Sheila had noticed these bad legislature.,morphology,determiner_noun_agreement,determiner_noun_agreement_with_adj_2,True,False,True,True,788,-57.623714447021484,-60.91631317138672,1
Carmen isn't concealing this good turtle.,Carmen isn't concealing these good turtle.,morphology,determiner_noun_agreement,determiner_noun_agreement_with_adj_2,True,False,True,True,789,-71.93206787109375,-75.47212219238281,1
Bradley has walked through those rough libraries.,Bradley has walked through that rough libraries.,morphology,determiner_noun_agreement,determiner_noun_agreement_with_adj_2,True,False,True,True,790,-57.458431243896484,-57.99081802368164,1
Many doctors pass those hard college campuses.,Many doctors pass that hard college campuses.,morphology,determiner_noun_agreement,determiner_noun_agreement_with_adj_2,True,False,True,True,791,-56.71163558959961,-56.44399642944336,0
Frank isn't listening to these scared adults.,Frank isn't listening to this scared adults.,morphology,determiner_noun_agreement,determiner_noun_agreement_with_adj_2,True,False,True,True,792,-57.069923400878906,-57.794883728027344,1
Leslie doesn't talk about this out in the open book.,Leslie doesn't talk about these out in the open book.,morphology,determiner_noun_agreement,determiner_noun_agreement_with_adj_2,True,False,True,True,793,-61.70172119140625,-66.12091064453125,1
An essay was disagreeing with this sick guest.,An essay was disagreeing with these sick guest.,morphology,determiner_noun_agreement,determiner_noun_agreement_with_adj_2,True,False,True,True,794,-62.510501861572266,-67.49235534667969,1
The governments remember these popular museums.,The governments remember this popular museums.,morphology,determiner_noun_agreement,determiner_noun_agreement_with_adj_2,True,False,True,True,795,-50.497711181640625,-51.39741897583008,1
Many libraries work with that clever actor.,Many libraries work with those clever actor.,morphology,determiner_noun_agreement,determiner_noun_agreement_with_adj_2,True,False,True,True,796,-57.84798812866211,-57.6545295715332,0
Companies disgust this lucky lady.,Companies disgust these lucky lady.,morphology,determiner_noun_agreement,determiner_noun_agreement_with_adj_2,True,False,True,True,797,-50.37834930419922,-52.96388244628906,1
Cynthia wouldn't drop by those yellow banks.,Cynthia wouldn't drop by that yellow banks.,morphology,determiner_noun_agreement,determiner_noun_agreement_with_adj_2,True,False,True,True,798,-73.69400024414062,-73.56771087646484,0
William had cured this displeased patient.,William had cured these displeased patient.,morphology,determiner_noun_agreement,determiner_noun_agreement_with_adj_2,True,False,True,True,799,-56.373783111572266,-58.88990783691406,1
Sherry had insulted that gray mall.,Sherry had insulted those gray mall.,morphology,determiner_noun_agreement,determiner_noun_agreement_with_adj_2,True,False,True,True,800,-63.24647521972656,-65.95201110839844,1
Boys are driving to that clean art gallery.,Boys are driving to those clean art gallery.,morphology,determiner_noun_agreement,determiner_noun_agreement_with_adj_2,True,False,True,True,801,-64.08871459960938,-65.41944122314453,1
Patricia boasted about that determined adult.,Patricia boasted about those determined adult.,morphology,determiner_noun_agreement,determiner_noun_agreement_with_adj_2,True,False,True,True,802,-64.53626251220703,-64.12602996826172,0
Every teenager approached that concealed dancer.,Every teenager approached those concealed dancer.,morphology,determiner_noun_agreement,determiner_noun_agreement_with_adj_2,True,False,True,True,803,-59.67256164550781,-60.698219299316406,1
Christopher was healing that important lady.,Christopher was healing those important lady.,morphology,determiner_noun_agreement,determiner_noun_agreement_with_adj_2,True,False,True,True,804,-50.483482360839844,-53.02207946777344,1
Sandra scanned that important essay.,Sandra scanned those important essay.,morphology,determiner_noun_agreement,determiner_noun_agreement_with_adj_2,True,False,True,True,805,-53.68903350830078,-54.24543380737305,1
Most reports haven't sounded like those lucky waiters.,Most reports haven't sounded like that lucky waiters.,morphology,determiner_noun_agreement,determiner_noun_agreement_with_adj_2,True,False,True,True,806,-65.41386413574219,-68.10487365722656,1
Edward lifts these broken plates.,Edward lifts this broken plates.,morphology,determiner_noun_agreement,determiner_noun_agreement_with_adj_2,True,False,True,True,807,-48.14339065551758,-48.83167266845703,1
The Clintons distract that red hospital.,The Clintons distract those red hospital.,morphology,determiner_noun_agreement,determiner_noun_agreement_with_adj_2,True,False,True,True,808,-61.12352752685547,-61.34307861328125,1
Some tomato worries those small teachers.,Some tomato worries that small teachers.,morphology,determiner_noun_agreement,determiner_noun_agreement_with_adj_2,True,False,True,True,809,-58.03193664550781,-57.446250915527344,0
Sara noticed these white hospitals.,Sara noticed this white hospitals.,morphology,determiner_noun_agreement,determiner_noun_agreement_with_adj_2,True,False,True,True,810,-51.655052185058594,-53.92375946044922,1
Melanie was looking like this green print.,Melanie was looking like these green print.,morphology,determiner_noun_agreement,determiner_noun_agreement_with_adj_2,True,False,True,True,811,-47.97397232055664,-52.561767578125,1
Some student is praising these popular movies.,Some student is praising this popular movies.,morphology,determiner_noun_agreement,determiner_noun_agreement_with_adj_2,True,False,True,True,812,-52.537994384765625,-53.561424255371094,1
Judy would scare that standing pedestrian.,Judy would scare those standing pedestrian.,morphology,determiner_noun_agreement,determiner_noun_agreement_with_adj_2,True,False,True,True,813,-62.64952087402344,-62.57783508300781,0
Customers leave those hidden waitresses.,Customers leave that hidden waitresses.,morphology,determiner_noun_agreement,determiner_noun_agreement_with_adj_2,True,False,True,True,814,-60.67610549926758,-62.539329528808594,1
Elizabeth dropped by this concealed bank.,Elizabeth dropped by these concealed bank.,morphology,determiner_noun_agreement,determiner_noun_agreement_with_adj_2,True,False,True,True,815,-51.242340087890625,-55.74713897705078,1
Sheila couldn't love this fast driver.,Sheila couldn't love these fast driver.,morphology,determiner_noun_agreement,determiner_noun_agreement_with_adj_2,True,False,True,True,816,-55.735679626464844,-58.437496185302734,1
Irene had those bad turtles.,Irene had that bad turtles.,morphology,determiner_noun_agreement,determiner_noun_agreement_with_adj_2,True,False,True,True,817,-50.944461822509766,-49.6409797668457,0
Timothy hadn't described this popular restaurant.,Timothy hadn't described these popular restaurant.,morphology,determiner_noun_agreement,determiner_noun_agreement_with_adj_2,True,False,True,True,818,-60.10087203979492,-65.37395477294922,1
Omar questioned those fast teachers.,Omar questioned that fast teachers.,morphology,determiner_noun_agreement,determiner_noun_agreement_with_adj_2,True,False,True,True,819,-55.49432373046875,-53.969696044921875,0
A dog scared those old girls.,A dog scared that old girls.,morphology,determiner_noun_agreement,determiner_noun_agreement_with_adj_2,True,False,True,True,820,-50.25665283203125,-49.05741882324219,0
Many senators scan these black newspaper articles.,Many senators scan this black newspaper articles.,morphology,determiner_noun_agreement,determiner_noun_agreement_with_adj_2,True,False,True,True,821,-59.122528076171875,-60.78939437866211,1
Ellen has hired that small teenager.,Ellen has hired those small teenager.,morphology,determiner_noun_agreement,determiner_noun_agreement_with_adj_2,True,False,True,True,822,-51.419647216796875,-53.84074783325195,1
Cheryl reveals these orange brochures.,Cheryl reveals this orange brochures.,morphology,determiner_noun_agreement,determiner_noun_agreement_with_adj_2,True,False,True,True,823,-68.30181884765625,-66.25980377197266,0
Katherine might attack these unemployed waitresses.,Katherine might attack this unemployed waitresses.,morphology,determiner_noun_agreement,determiner_noun_agreement_with_adj_2,True,False,True,True,824,-73.2589111328125,-75.7852783203125,1
Every icicle could embarrass these good universities.,Every icicle could embarrass this good universities.,morphology,determiner_noun_agreement,determiner_noun_agreement_with_adj_2,True,False,True,True,825,-79.87443542480469,-80.06636047363281,1
This girl cures that content actor.,This girl cures those content actor.,morphology,determiner_noun_agreement,determiner_noun_agreement_with_adj_2,True,False,True,True,826,-58.11093521118164,-61.39837646484375,1
Grace hasn't noticed those purple snakes.,Grace hasn't noticed that purple snakes.,morphology,determiner_noun_agreement,determiner_noun_agreement_with_adj_2,True,False,True,True,827,-55.30712127685547,-53.23005676269531,0
Janice is listening to this confident student.,Janice is listening to these confident student.,morphology,determiner_noun_agreement,determiner_noun_agreement_with_adj_2,True,False,True,True,828,-53.34159851074219,-59.02832794189453,1
Mary lifts these popular scarves.,Mary lifts this popular scarves.,morphology,determiner_noun_agreement,determiner_noun_agreement_with_adj_2,True,False,True,True,829,-50.222686767578125,-49.64749526977539,0
These people might talk about those serious waitresses.,These people might talk about that serious waitresses.,morphology,determiner_noun_agreement,determiner_noun_agreement_with_adj_2,True,False,True,True,830,-62.15180206298828,-61.66047286987305,0
Dennis is hiding those hopeful guys.,Dennis is hiding that hopeful guys.,morphology,determiner_noun_agreement,determiner_noun_agreement_with_adj_2,True,False,True,True,831,-54.66698455810547,-56.93820571899414,1
The ice cream resembles that important print.,The ice cream resembles those important print.,morphology,determiner_noun_agreement,determiner_noun_agreement_with_adj_2,True,False,True,True,832,-51.57911682128906,-53.97613525390625,1
Rachelle doesn't break that hard chair.,Rachelle doesn't break those hard chair.,morphology,determiner_noun_agreement,determiner_noun_agreement_with_adj_2,True,False,True,True,833,-61.26380920410156,-62.52189254760742,1
Amy did dislike that cheap mall.,Amy did dislike those cheap mall.,morphology,determiner_noun_agreement,determiner_noun_agreement_with_adj_2,True,False,True,True,834,-56.39089584350586,-57.40171432495117,1
Many rabbits have embarrassed these uncertain senators.,Many rabbits have embarrassed this uncertain senators.,morphology,determiner_noun_agreement,determiner_noun_agreement_with_adj_2,True,False,True,True,835,-67.26724243164062,-67.3427734375,1
Most ladies appreciate that popular story.,Most ladies appreciate those popular story.,morphology,determiner_noun_agreement,determiner_noun_agreement_with_adj_2,True,False,True,True,836,-47.674598693847656,-49.55316162109375,1
Melinda can appreciate that unsure guy.,Melinda can appreciate those unsure guy.,morphology,determiner_noun_agreement,determiner_noun_agreement_with_adj_2,True,False,True,True,837,-60.477725982666016,-60.422119140625,0
David had cleaned those rough hamsters.,David had cleaned that rough hamsters.,morphology,determiner_noun_agreement,determiner_noun_agreement_with_adj_2,True,False,True,True,838,-60.71943283081055,-62.17776870727539,1
Melissa would know those unsure children.,Melissa would know that unsure children.,morphology,determiner_noun_agreement,determiner_noun_agreement_with_adj_2,True,False,True,True,839,-55.94413757324219,-54.6070671081543,0
These ladies hire this serious boy.,These ladies hire these serious boy.,morphology,determiner_noun_agreement,determiner_noun_agreement_with_adj_2,True,False,True,True,840,-51.52823257446289,-53.90456771850586,1
This bread astounded these concealed customers.,This bread astounded this concealed customers.,morphology,determiner_noun_agreement,determiner_noun_agreement_with_adj_2,True,False,True,True,841,-66.88987731933594,-67.37294006347656,1
The man should insult these sick students.,The man should insult this sick students.,morphology,determiner_noun_agreement,determiner_noun_agreement_with_adj_2,True,False,True,True,842,-54.18524169921875,-54.68810272216797,1
This actor might examine this important documentary.,This actor might examine these important documentary.,morphology,determiner_noun_agreement,determiner_noun_agreement_with_adj_2,True,False,True,True,843,-50.76115417480469,-54.589134216308594,1
Katherine had explored these green restaurants.,Katherine had explored this green restaurants.,morphology,determiner_noun_agreement,determiner_noun_agreement_with_adj_2,True,False,True,True,844,-52.96435546875,-54.32745361328125,1
These women leave these smooth public parks.,These women leave this smooth public parks.,morphology,determiner_noun_agreement,determiner_noun_agreement_with_adj_2,True,False,True,True,845,-57.305763244628906,-55.902435302734375,0
Margaret didn't find these purple plates.,Margaret didn't find this purple plates.,morphology,determiner_noun_agreement,determiner_noun_agreement_with_adj_2,True,False,True,True,846,-48.7219352722168,-49.10296630859375,1
That nose aggravates these exposed teachers.,That nose aggravates this exposed teachers.,morphology,determiner_noun_agreement,determiner_noun_agreement_with_adj_2,True,False,True,True,847,-63.78375244140625,-66.00430297851562,1
Gregory talked to that popular senator.,Gregory talked to those popular senator.,morphology,determiner_noun_agreement,determiner_noun_agreement_with_adj_2,True,False,True,True,848,-55.436500549316406,-53.83506774902344,0
Melissa attacks these delighted adults.,Melissa attacks this delighted adults.,morphology,determiner_noun_agreement,determiner_noun_agreement_with_adj_2,True,False,True,True,849,-58.48640060424805,-56.18463897705078,0
Some muffin aggravates that good government.,Some muffin aggravates those good government.,morphology,determiner_noun_agreement,determiner_noun_agreement_with_adj_2,True,False,True,True,850,-65.04925537109375,-64.65276336669922,0
That spotlight distracts those good universities.,That spotlight distracts that good universities.,morphology,determiner_noun_agreement,determiner_noun_agreement_with_adj_2,True,False,True,True,851,-64.69297790527344,-61.532203674316406,0
The Borgias conceal those hidden dishes.,The Borgias conceal that hidden dishes.,morphology,determiner_noun_agreement,determiner_noun_agreement_with_adj_2,True,False,True,True,852,-60.585662841796875,-63.26585388183594,1
Some drawings look like this out in the open rug.,Some drawings look like these out in the open rug.,morphology,determiner_noun_agreement,determiner_noun_agreement_with_adj_2,True,False,True,True,853,-60.241275787353516,-62.943511962890625,1
This museum bothers this fast senator.,This museum bothers these fast senator.,morphology,determiner_noun_agreement,determiner_noun_agreement_with_adj_2,True,False,True,True,854,-56.80002975463867,-59.975032806396484,1
All girls wouldn't like these red books.,All girls wouldn't like this red books.,morphology,determiner_noun_agreement,determiner_noun_agreement_with_adj_2,True,False,True,True,855,-51.384559631347656,-51.42321014404297,1
Elizabeth attacked these popular guests.,Elizabeth attacked this popular guests.,morphology,determiner_noun_agreement,determiner_noun_agreement_with_adj_2,True,False,True,True,856,-49.23058319091797,-49.373348236083984,1
Galileo hasn't fixed those hard forks.,Galileo hasn't fixed that hard forks.,morphology,determiner_noun_agreement,determiner_noun_agreement_with_adj_2,True,False,True,True,857,-70.32539367675781,-69.12688446044922,0
Julie leaves that smooth grocery store.,Julie leaves those smooth grocery store.,morphology,determiner_noun_agreement,determiner_noun_agreement_with_adj_2,True,False,True,True,858,-52.21308135986328,-53.92796325683594,1
A lady has helped these nice girls.,A lady has helped this nice girls.,morphology,determiner_noun_agreement,determiner_noun_agreement_with_adj_2,True,False,True,True,859,-45.86127471923828,-47.655006408691406,1
The customers walk through these important museums.,The customers walk through this important museums.,morphology,determiner_noun_agreement,determiner_noun_agreement_with_adj_2,True,False,True,True,860,-47.400962829589844,-49.66109848022461,1
These waitresses forget this clever teacher.,These waitresses forget these clever teacher.,morphology,determiner_noun_agreement,determiner_noun_agreement_with_adj_2,True,False,True,True,861,-66.25849914550781,-67.55204772949219,1
A horse would irritate these hopeful actresses.,A horse would irritate this hopeful actresses.,morphology,determiner_noun_agreement,determiner_noun_agreement_with_adj_2,True,False,True,True,862,-64.64261627197266,-65.5145492553711,1
Alan bikes to those messy high schools.,Alan bikes to that messy high schools.,morphology,determiner_noun_agreement,determiner_noun_agreement_with_adj_2,True,False,True,True,863,-63.8148193359375,-64.61263275146484,1
Most doctors escape from those important malls.,Most doctors escape from that important malls.,morphology,determiner_noun_agreement,determiner_noun_agreement_with_adj_2,True,False,True,True,864,-58.15351867675781,-60.31614685058594,1
Christina was scanning this lost report.,Christina was scanning these lost report.,morphology,determiner_noun_agreement,determiner_noun_agreement_with_adj_2,True,False,True,True,865,-52.89995193481445,-56.55174255371094,1
Bill didn't look like those yellow paintings.,Bill didn't look like that yellow paintings.,morphology,determiner_noun_agreement,determiner_noun_agreement_with_adj_2,True,False,True,True,866,-51.9744873046875,-51.16841125488281,0
Ella lifts these gray birds.,Ella lifts this gray birds.,morphology,determiner_noun_agreement,determiner_noun_agreement_with_adj_2,True,False,True,True,867,-55.18793487548828,-57.121604919433594,1
Those actors boycott those new libraries.,Those actors boycott that new libraries.,morphology,determiner_noun_agreement,determiner_noun_agreement_with_adj_2,True,False,True,True,868,-55.541168212890625,-58.36235809326172,1
These guys hadn't passed those popular schools.,These guys hadn't passed that popular schools.,morphology,determiner_noun_agreement,determiner_noun_agreement_with_adj_2,True,False,True,True,869,-55.454444885253906,-53.93450164794922,0
Wendy does know these good customers.,Wendy does know this good customers.,morphology,determiner_noun_agreement,determiner_noun_agreement_with_adj_2,True,False,True,True,870,-62.23643493652344,-62.07602310180664,0
Some icicle astounds that bad university.,Some icicle astounds those bad university.,morphology,determiner_noun_agreement,determiner_noun_agreement_with_adj_2,True,False,True,True,871,-78.09266662597656,-80.51392364501953,1
The lady had concealed this exposed mall.,The lady had concealed these exposed mall.,morphology,determiner_noun_agreement,determiner_noun_agreement_with_adj_2,True,False,True,True,872,-57.99361801147461,-60.46240997314453,1
Jerry leaves these determined waiters.,Jerry leaves this determined waiters.,morphology,determiner_noun_agreement,determiner_noun_agreement_with_adj_2,True,False,True,True,873,-61.50254440307617,-60.59848403930664,0
Many teachers buy these rough hats.,Many teachers buy this rough hats.,morphology,determiner_noun_agreement,determiner_noun_agreement_with_adj_2,True,False,True,True,874,-48.35234069824219,-49.34880828857422,1
Alexander messes up this gray movie theater.,Alexander messes up these gray movie theater.,morphology,determiner_noun_agreement,determiner_noun_agreement_with_adj_2,True,False,True,True,875,-66.87874603271484,-69.19599914550781,1
The Borgias bike to these concealed cafes.,The Borgias bike to this concealed cafes.,morphology,determiner_noun_agreement,determiner_noun_agreement_with_adj_2,True,False,True,True,876,-71.94194030761719,-71.77638244628906,0
This organization had hated those scared customers.,This organization had hated that scared customers.,morphology,determiner_noun_agreement,determiner_noun_agreement_with_adj_2,True,False,True,True,877,-57.933433532714844,-56.996116638183594,0
Some companies insult these concealed books.,Some companies insult this concealed books.,morphology,determiner_noun_agreement,determiner_noun_agreement_with_adj_2,True,False,True,True,878,-54.036964416503906,-55.80719757080078,1
Margaret hasn't irritated those important legislatures.,Margaret hasn't irritated that important legislatures.,morphology,determiner_noun_agreement,determiner_noun_agreement_with_adj_2,True,False,True,True,879,-66.58919525146484,-67.04727172851562,1
Every library dislikes that happy actor.,Every library dislikes those happy actor.,morphology,determiner_noun_agreement,determiner_noun_agreement_with_adj_2,True,False,True,True,880,-59.90674591064453,-63.36830139160156,1
Suzanne had scanned these white brochures.,Suzanne had scanned this white brochures.,morphology,determiner_noun_agreement,determiner_noun_agreement_with_adj_2,True,False,True,True,881,-57.51000213623047,-57.36536407470703,0
Peter hadn't forgotten those troubled teenagers.,Peter hadn't forgotten that troubled teenagers.,morphology,determiner_noun_agreement,determiner_noun_agreement_with_adj_2,True,False,True,True,882,-55.39067840576172,-54.671226501464844,0
Anne won't drive to this small museum.,Anne won't drive to these small museum.,morphology,determiner_noun_agreement,determiner_noun_agreement_with_adj_2,True,False,True,True,883,-52.111141204833984,-56.34880828857422,1
Sweaters bore those upset waiters.,Sweaters bore that upset waiters.,morphology,determiner_noun_agreement,determiner_noun_agreement_with_adj_2,True,False,True,True,884,-65.5483627319336,-67.892578125,1
Larry shouldn't confuse that important company.,Larry shouldn't confuse those important company.,morphology,determiner_noun_agreement,determiner_noun_agreement_with_adj_2,True,False,True,True,885,-51.96697998046875,-53.46666717529297,1
Cashiers will disturb this delighted boy.,Cashiers will disturb these delighted boy.,morphology,determiner_noun_agreement,determiner_noun_agreement_with_adj_2,True,False,True,True,886,-65.67772674560547,-69.68681335449219,1
Samuel hadn't biked to those cheap art galleries.,Samuel hadn't biked to that cheap art galleries.,morphology,determiner_noun_agreement,determiner_noun_agreement_with_adj_2,True,False,True,True,887,-75.52363586425781,-77.45491790771484,1
Those dancers admire those concealed photographs.,Those dancers admire that concealed photographs.,morphology,determiner_noun_agreement,determiner_noun_agreement_with_adj_2,True,False,True,True,888,-59.853607177734375,-58.37123489379883,0
Some adults run around that black high school.,Some adults run around those black high school.,morphology,determiner_noun_agreement,determiner_noun_agreement_with_adj_2,True,False,True,True,889,-53.51664733886719,-54.32673263549805,1
Mark cared for those clever ladies.,Mark cared for that clever ladies.,morphology,determiner_noun_agreement,determiner_noun_agreement_with_adj_2,True,False,True,True,890,-47.60237121582031,-49.44313049316406,1
Jill discovered this concealed hat.,Jill discovered these concealed hat.,morphology,determiner_noun_agreement,determiner_noun_agreement_with_adj_2,True,False,True,True,891,-49.0419921875,-53.62947082519531,1
A blouse irritates those out in the open pedestrians.,A blouse irritates that out in the open pedestrians.,morphology,determiner_noun_agreement,determiner_noun_agreement_with_adj_2,True,False,True,True,892,-70.3027572631836,-71.01451873779297,1
Those waitresses discuss these good public parks.,Those waitresses discuss this good public parks.,morphology,determiner_noun_agreement,determiner_noun_agreement_with_adj_2,True,False,True,True,893,-64.95352172851562,-65.92605590820312,1
Stephen skated around these hidden high schools.,Stephen skated around this hidden high schools.,morphology,determiner_noun_agreement,determiner_noun_agreement_with_adj_2,True,False,True,True,894,-67.06596374511719,-68.05952453613281,1
Deborah wasn't discovering this employed dancer.,Deborah wasn't discovering these employed dancer.,morphology,determiner_noun_agreement,determiner_noun_agreement_with_adj_2,True,False,True,True,895,-65.5226058959961,-67.41354370117188,1
Emily cleans this small glass.,Emily cleans these small glass.,morphology,determiner_noun_agreement,determiner_noun_agreement_with_adj_2,True,False,True,True,896,-44.48383712768555,-47.351051330566406,1
A screen worries that fast waiter.,A screen worries those fast waiter.,morphology,determiner_noun_agreement,determiner_noun_agreement_with_adj_2,True,False,True,True,897,-58.8621826171875,-61.41424560546875,1
Those cars annoyed these exposed libraries.,Those cars annoyed this exposed libraries.,morphology,determiner_noun_agreement,determiner_noun_agreement_with_adj_2,True,False,True,True,898,-61.30106735229492,-63.945343017578125,1
Teenagers escape from those yellow libraries.,Teenagers escape from that yellow libraries.,morphology,determiner_noun_agreement,determiner_noun_agreement_with_adj_2,True,False,True,True,899,-60.65019989013672,-60.75957489013672,1
Some patient was hiring those hidden senators.,Some patient was hiring that hidden senators.,morphology,determiner_noun_agreement,determiner_noun_agreement_with_adj_2,True,False,True,True,900,-62.19599151611328,-62.025901794433594,0
Kirsten visited these yellow grocery stores.,Kirsten visited this yellow grocery stores.,morphology,determiner_noun_agreement,determiner_noun_agreement_with_adj_2,True,False,True,True,901,-63.76039123535156,-63.25650405883789,0
Michael brought this orange coat.,Michael brought these orange coat.,morphology,determiner_noun_agreement,determiner_noun_agreement_with_adj_2,True,False,True,True,902,-42.22895050048828,-45.010005950927734,1
Most adults hurts that popular teenager.,Most adults hurts those popular teenager.,morphology,determiner_noun_agreement,determiner_noun_agreement_with_adj_2,True,False,True,True,903,-53.71476364135742,-56.83705139160156,1
Steps aggravated those determined adults.,Steps aggravated that determined adults.,morphology,determiner_noun_agreement,determiner_noun_agreement_with_adj_2,True,False,True,True,904,-58.92383575439453,-58.618125915527344,0
The sweater bothered this important association.,The sweater bothered these important association.,morphology,determiner_noun_agreement,determiner_noun_agreement_with_adj_2,True,False,True,True,905,-58.86072540283203,-62.76383972167969,1
A lot of customers embarrasses those unsure senators.,A lot of customers embarrasses that unsure senators.,morphology,determiner_noun_agreement,determiner_noun_agreement_with_adj_2,True,False,True,True,906,-71.16493225097656,-69.56172180175781,0
A closet impresses that delighted waiter.,A closet impresses those delighted waiter.,morphology,determiner_noun_agreement,determiner_noun_agreement_with_adj_2,True,False,True,True,907,-62.08932876586914,-63.72221374511719,1
The Clintons flee from that uncertain student.,The Clintons flee from those uncertain student.,morphology,determiner_noun_agreement,determiner_noun_agreement_with_adj_2,True,False,True,True,908,-65.98839569091797,-67.53988647460938,1
Galileo had described those smooth books.,Galileo had described that smooth books.,morphology,determiner_noun_agreement,determiner_noun_agreement_with_adj_2,True,False,True,True,909,-69.22648620605469,-66.68858337402344,0
The hamsters shock those bad committees.,The hamsters shock that bad committees.,morphology,determiner_noun_agreement,determiner_noun_agreement_with_adj_2,True,False,True,True,910,-67.5475845336914,-68.12847137451172,1
All guys astound that standing girl.,All guys astound those standing girl.,morphology,determiner_noun_agreement,determiner_noun_agreement_with_adj_2,True,False,True,True,911,-64.79239654541016,-62.0189208984375,0
Deanna wasn't worrying this important waiter.,Deanna wasn't worrying these important waiter.,morphology,determiner_noun_agreement,determiner_noun_agreement_with_adj_2,True,False,True,True,912,-61.91236877441406,-65.45359802246094,1
All senators praise that determined dancer.,All senators praise those determined dancer.,morphology,determiner_noun_agreement,determiner_noun_agreement_with_adj_2,True,False,True,True,913,-63.299461364746094,-63.61912155151367,1
Laura is investigating these determined students.,Laura is investigating this determined students.,morphology,determiner_noun_agreement,determiner_noun_agreement_with_adj_2,True,False,True,True,914,-49.93532943725586,-49.11435317993164,0
Students escape from these hidden banks.,Students escape from this hidden banks.,morphology,determiner_noun_agreement,determiner_noun_agreement_with_adj_2,True,False,True,True,915,-47.94179916381836,-48.51397705078125,1
This sketch distracted that good organization.,This sketch distracted those good organization.,morphology,determiner_noun_agreement,determiner_noun_agreement_with_adj_2,True,False,True,True,916,-59.13201141357422,-59.640708923339844,1
Kristen disagrees with this good doctor.,Kristen disagrees with these good doctor.,morphology,determiner_noun_agreement,determiner_noun_agreement_with_adj_2,True,False,True,True,917,-44.054691314697266,-47.992637634277344,1
Emily doesn't research this small college campus.,Emily doesn't research these small college campus.,morphology,determiner_noun_agreement,determiner_noun_agreement_with_adj_2,True,False,True,True,918,-57.45442581176758,-58.908973693847656,1
Diane wasn't cleaning that out in the open plate.,Diane wasn't cleaning those out in the open plate.,morphology,determiner_noun_agreement,determiner_noun_agreement_with_adj_2,True,False,True,True,919,-66.76929473876953,-66.66825103759766,0
Danielle boasts about those smart children.,Danielle boasts about that smart children.,morphology,determiner_noun_agreement,determiner_noun_agreement_with_adj_2,True,False,True,True,920,-58.664852142333984,-59.082061767578125,1
That rug isn't worrying these bad organizations.,That rug isn't worrying this bad organizations.,morphology,determiner_noun_agreement,determiner_noun_agreement_with_adj_2,True,False,True,True,921,-61.9166259765625,-61.36679458618164,0
Many senators didn't visit that rough hospital.,Many senators didn't visit those rough hospital.,morphology,determiner_noun_agreement,determiner_noun_agreement_with_adj_2,True,False,True,True,922,-65.6234130859375,-64.97151184082031,0
Donald isn't attacking these excited waitresses.,Donald isn't attacking this excited waitresses.,morphology,determiner_noun_agreement,determiner_noun_agreement_with_adj_2,True,False,True,True,923,-70.69962310791016,-71.34817504882812,1
Many apples will aggravate those big hospitals.,Many apples will aggravate that big hospitals.,morphology,determiner_noun_agreement,determiner_noun_agreement_with_adj_2,True,False,True,True,924,-59.63766098022461,-62.59111022949219,1
Most girls have bothered these ill senators.,Most girls have bothered this ill senators.,morphology,determiner_noun_agreement,determiner_noun_agreement_with_adj_2,True,False,True,True,925,-58.14212417602539,-59.687156677246094,1
Sherry messed up that bad museum.,Sherry messed up those bad museum.,morphology,determiner_noun_agreement,determiner_noun_agreement_with_adj_2,True,False,True,True,926,-60.36859893798828,-60.45244598388672,1
Rhonda criticizes those serious adults.,Rhonda criticizes that serious adults.,morphology,determiner_noun_agreement,determiner_noun_agreement_with_adj_2,True,False,True,True,927,-56.086273193359375,-57.525413513183594,1
Vanessa isn't boasting about those unlucky actresses.,Vanessa isn't boasting about that unlucky actresses.,morphology,determiner_noun_agreement,determiner_noun_agreement_with_adj_2,True,False,True,True,928,-71.5384292602539,-73.74394226074219,1
Rebecca sounds like these uncertain students.,Rebecca sounds like this uncertain students.,morphology,determiner_noun_agreement,determiner_noun_agreement_with_adj_2,True,False,True,True,929,-56.31475067138672,-56.694427490234375,1
Samantha is lifting that hard painting.,Samantha is lifting those hard painting.,morphology,determiner_noun_agreement,determiner_noun_agreement_with_adj_2,True,False,True,True,930,-62.62080764770508,-64.0528564453125,1
These guys wore this white glove.,These guys wore these white glove.,morphology,determiner_noun_agreement,determiner_noun_agreement_with_adj_2,True,False,True,True,931,-43.45191955566406,-44.025291442871094,1
Deborah criticizes this bad cafe.,Deborah criticizes these bad cafe.,morphology,determiner_noun_agreement,determiner_noun_agreement_with_adj_2,True,False,True,True,932,-57.37701416015625,-62.09971618652344,1
Jerry noticed these black forks.,Jerry noticed this black forks.,morphology,determiner_noun_agreement,determiner_noun_agreement_with_adj_2,True,False,True,True,933,-48.459407806396484,-48.494300842285156,1
Carolyn has upset this popular waitress.,Carolyn has upset these popular waitress.,morphology,determiner_noun_agreement,determiner_noun_agreement_with_adj_2,True,False,True,True,934,-55.97442626953125,-59.19424057006836,1
Stephanie lifted those black rugs.,Stephanie lifted that black rugs.,morphology,determiner_noun_agreement,determiner_noun_agreement_with_adj_2,True,False,True,True,935,-63.46379852294922,-62.47063446044922,0
Allison had scanned that long documentary.,Allison had scanned those long documentary.,morphology,determiner_noun_agreement,determiner_noun_agreement_with_adj_2,True,False,True,True,936,-59.179534912109375,-62.19926452636719,1
The senator saw this brown turtle.,The senator saw these brown turtle.,morphology,determiner_noun_agreement,determiner_noun_agreement_with_adj_2,True,False,True,True,937,-48.326988220214844,-51.48023986816406,1
Eva finds those broken forks.,Eva finds that broken forks.,morphology,determiner_noun_agreement,determiner_noun_agreement_with_adj_2,True,False,True,True,938,-51.012508392333984,-49.1685791015625,0
Michael can't care for those hidden children.,Michael can't care for that hidden children.,morphology,determiner_noun_agreement,determiner_noun_agreement_with_adj_2,True,False,True,True,939,-51.30703353881836,-53.76188659667969,1
Bruce had passed those green college campuses.,Bruce had passed that green college campuses.,morphology,determiner_noun_agreement,determiner_noun_agreement_with_adj_2,True,False,True,True,940,-59.304962158203125,-54.92494201660156,0
Lawrence hadn't disturbed this old boy.,Lawrence hadn't disturbed these old boy.,morphology,determiner_noun_agreement,determiner_noun_agreement_with_adj_2,True,False,True,True,941,-57.638126373291016,-62.05701446533203,1
The apple aggravates this hidden library.,The apple aggravates these hidden library.,morphology,determiner_noun_agreement,determiner_noun_agreement_with_adj_2,True,False,True,True,942,-55.555320739746094,-56.960540771484375,1
Omar should lift this bad report.,Omar should lift these bad report.,morphology,determiner_noun_agreement,determiner_noun_agreement_with_adj_2,True,False,True,True,943,-54.793701171875,-58.41981506347656,1
The Borgias hadn't hidden these smooth eyes.,The Borgias hadn't hidden this smooth eyes.,morphology,determiner_noun_agreement,determiner_noun_agreement_with_adj_2,True,False,True,True,944,-68.17884063720703,-66.65390014648438,0
Nicole explores that bad art gallery.,Nicole explores those bad art gallery.,morphology,determiner_noun_agreement,determiner_noun_agreement_with_adj_2,True,False,True,True,945,-55.922645568847656,-55.23635482788086,0
A lot of cashiers are complaining about this good documentary.,A lot of cashiers are complaining about these good documentary.,morphology,determiner_noun_agreement,determiner_noun_agreement_with_adj_2,True,False,True,True,946,-67.22526550292969,-72.65290069580078,1
Ronald might flee from that small school.,Ronald might flee from those small school.,morphology,determiner_noun_agreement,determiner_noun_agreement_with_adj_2,True,False,True,True,947,-61.12550354003906,-61.95063018798828,1
This organization is impressing that unsure actress.,This organization is impressing those unsure actress.,morphology,determiner_noun_agreement,determiner_noun_agreement_with_adj_2,True,False,True,True,948,-64.56497192382812,-65.28108215332031,1
Anna should sell those purple hospitals.,Anna should sell that purple hospitals.,morphology,determiner_noun_agreement,determiner_noun_agreement_with_adj_2,True,False,True,True,949,-58.5678596496582,-61.291988372802734,1
Theresa had loved that out in the open patient.,Theresa had loved those out in the open patient.,morphology,determiner_noun_agreement,determiner_noun_agreement_with_adj_2,True,False,True,True,950,-65.4480972290039,-66.15992736816406,1
Lucille hadn't listened to those clever actresses.,Lucille hadn't listened to that clever actresses.,morphology,determiner_noun_agreement,determiner_noun_agreement_with_adj_2,True,False,True,True,951,-66.8316421508789,-67.81177520751953,1
Timothy runs around those out in the open public parks.,Timothy runs around that out in the open public parks.,morphology,determiner_noun_agreement,determiner_noun_agreement_with_adj_2,True,False,True,True,952,-75.56611633300781,-76.04667663574219,1
Barbara could research this hidden picture.,Barbara could research these hidden picture.,morphology,determiner_noun_agreement,determiner_noun_agreement_with_adj_2,True,False,True,True,953,-54.23493576049805,-56.36652374267578,1
Mary hadn't revealed this black shirt.,Mary hadn't revealed these black shirt.,morphology,determiner_noun_agreement,determiner_noun_agreement_with_adj_2,True,False,True,True,954,-47.67295837402344,-51.24554443359375,1
Erin has worried these exposed customers.,Erin has worried this exposed customers.,morphology,determiner_noun_agreement,determiner_noun_agreement_with_adj_2,True,False,True,True,955,-59.107547760009766,-61.26728057861328,1
Many students kiss this happy doctor.,Many students kiss these happy doctor.,morphology,determiner_noun_agreement,determiner_noun_agreement_with_adj_2,True,False,True,True,956,-50.06816101074219,-52.56406021118164,1
Most students clean this exposed cat.,Most students clean these exposed cat.,morphology,determiner_noun_agreement,determiner_noun_agreement_with_adj_2,True,False,True,True,957,-51.88479995727539,-52.520450592041016,1
All committees help this hidden driver.,All committees help these hidden driver.,morphology,determiner_noun_agreement,determiner_noun_agreement_with_adj_2,True,False,True,True,958,-54.72345733642578,-56.48052215576172,1
These newspaper articles can't worry those hopeful ladies.,These newspaper articles can't worry that hopeful ladies.,morphology,determiner_noun_agreement,determiner_noun_agreement_with_adj_2,True,False,True,True,959,-70.68447875976562,-67.4509506225586,0
These children boast about that exposed boy.,These children boast about those exposed boy.,morphology,determiner_noun_agreement,determiner_noun_agreement_with_adj_2,True,False,True,True,960,-56.64722442626953,-54.34876251220703,0
Lissa hadn't disgusted these sick senators.,Lissa hadn't disgusted this sick senators.,morphology,determiner_noun_agreement,determiner_noun_agreement_with_adj_2,True,False,True,True,961,-69.37530517578125,-69.4289321899414,1
Carl was talking about those red cafes.,Carl was talking about that red cafes.,morphology,determiner_noun_agreement,determiner_noun_agreement_with_adj_2,True,False,True,True,962,-50.559776306152344,-50.49567413330078,0
The art gallery shocks those important governments.,The art gallery shocks that important governments.,morphology,determiner_noun_agreement,determiner_noun_agreement_with_adj_2,True,False,True,True,963,-63.056175231933594,-61.45527648925781,0
Grace isn't returning to those hidden boys.,Grace isn't returning to that hidden boys.,morphology,determiner_noun_agreement,determiner_noun_agreement_with_adj_2,True,False,True,True,964,-59.09791946411133,-60.499855041503906,1
Janice left these young waiters.,Janice left this young waiters.,morphology,determiner_noun_agreement,determiner_noun_agreement_with_adj_2,True,False,True,True,965,-56.48967742919922,-56.95180130004883,1
All actors talk to these standing waiters.,All actors talk to this standing waiters.,morphology,determiner_noun_agreement,determiner_noun_agreement_with_adj_2,True,False,True,True,966,-62.35550308227539,-62.33377456665039,0
Kirsten isn't fixing this messy plate.,Kirsten isn't fixing these messy plate.,morphology,determiner_noun_agreement,determiner_noun_agreement_with_adj_2,True,False,True,True,967,-64.55409240722656,-68.24971008300781,1
Maria wasn't escaping from those unconvinced guests.,Maria wasn't escaping from that unconvinced guests.,morphology,determiner_noun_agreement,determiner_noun_agreement_with_adj_2,True,False,True,True,968,-74.37664031982422,-74.15911865234375,0
A lot of girls visit these gray cafes.,A lot of girls visit this gray cafes.,morphology,determiner_noun_agreement,determiner_noun_agreement_with_adj_2,True,False,True,True,969,-58.19358825683594,-58.09790802001953,0
Vanessa biked to these red high schools.,Vanessa biked to this red high schools.,morphology,determiner_noun_agreement,determiner_noun_agreement_with_adj_2,True,False,True,True,970,-69.54299926757812,-69.02926635742188,0
Some universities disturb this sick actor.,Some universities disturb these sick actor.,morphology,determiner_noun_agreement,determiner_noun_agreement_with_adj_2,True,False,True,True,971,-59.460784912109375,-60.634765625,1
Anna can observe these popular pedestrians.,Anna can observe this popular pedestrians.,morphology,determiner_noun_agreement,determiner_noun_agreement_with_adj_2,True,False,True,True,972,-54.53496551513672,-54.766170501708984,1
All drivers should love these ill cashiers.,All drivers should love this ill cashiers.,morphology,determiner_noun_agreement,determiner_noun_agreement_with_adj_2,True,False,True,True,973,-57.97140884399414,-58.97999572753906,1
Kenneth has known this young doctor.,Kenneth has known these young doctor.,morphology,determiner_noun_agreement,determiner_noun_agreement_with_adj_2,True,False,True,True,974,-45.117408752441406,-48.691375732421875,1
Some teenagers fire these delighted girls.,Some teenagers fire this delighted girls.,morphology,determiner_noun_agreement,determiner_noun_agreement_with_adj_2,True,False,True,True,975,-58.395450592041016,-58.10105895996094,0
Monica had loved those displeased waitresses.,Monica had loved that displeased waitresses.,morphology,determiner_noun_agreement,determiner_noun_agreement_with_adj_2,True,False,True,True,976,-71.94076538085938,-71.97694396972656,1
Those companies annoy those delighted waiters.,Those companies annoy that delighted waiters.,morphology,determiner_noun_agreement,determiner_noun_agreement_with_adj_2,True,False,True,True,977,-65.39125061035156,-68.33873748779297,1
Julia was returning to these good actors.,Julia was returning to this good actors.,morphology,determiner_noun_agreement,determiner_noun_agreement_with_adj_2,True,False,True,True,978,-51.29145050048828,-51.73284149169922,1
Wendy would boast about those delighted actresses.,Wendy would boast about that delighted actresses.,morphology,determiner_noun_agreement,determiner_noun_agreement_with_adj_2,True,False,True,True,979,-69.74006652832031,-74.1290283203125,1
Nicole is cleaning those green couches.,Nicole is cleaning that green couches.,morphology,determiner_noun_agreement,determiner_noun_agreement_with_adj_2,True,False,True,True,980,-56.23278045654297,-56.00047302246094,0
The Clintons toured that red high school.,The Clintons toured those red high school.,morphology,determiner_noun_agreement,determiner_noun_agreement_with_adj_2,True,False,True,True,981,-58.618438720703125,-59.64065170288086,1
The waitresses have these hard movie theaters.,The waitresses have this hard movie theaters.,morphology,determiner_noun_agreement,determiner_noun_agreement_with_adj_2,True,False,True,True,982,-64.27925872802734,-63.16621780395508,0
Those actors return to these bad art galleries.,Those actors return to this bad art galleries.,morphology,determiner_noun_agreement,determiner_noun_agreement_with_adj_2,True,False,True,True,983,-55.407135009765625,-56.715694427490234,1
All drawings look like these small skirts.,All drawings look like this small skirts.,morphology,determiner_noun_agreement,determiner_noun_agreement_with_adj_2,True,False,True,True,984,-46.87334442138672,-47.24691390991211,1
The Impressionists visit this rough bank.,The Impressionists visit these rough bank.,morphology,determiner_noun_agreement,determiner_noun_agreement_with_adj_2,True,False,True,True,985,-56.67927551269531,-61.13957595825195,1
Those waitresses weren't cleaning those bad grocery stores.,Those waitresses weren't cleaning that bad grocery stores.,morphology,determiner_noun_agreement,determiner_noun_agreement_with_adj_2,True,False,True,True,986,-72.86028289794922,-72.84099578857422,0
Lissa alarmed these nice adults.,Lissa alarmed this nice adults.,morphology,determiner_noun_agreement,determiner_noun_agreement_with_adj_2,True,False,True,True,987,-56.18577194213867,-55.64988708496094,0
The Lutherans sell those white paintings.,The Lutherans sell that white paintings.,morphology,determiner_noun_agreement,determiner_noun_agreement_with_adj_2,True,False,True,True,988,-58.73228454589844,-59.8771858215332,1
Organizations described this small movie theater.,Organizations described these small movie theater.,morphology,determiner_noun_agreement,determiner_noun_agreement_with_adj_2,True,False,True,True,989,-55.14048767089844,-59.457855224609375,1
Some teenagers talk about these smart girls.,Some teenagers talk about this smart girls.,morphology,determiner_noun_agreement,determiner_noun_agreement_with_adj_2,True,False,True,True,990,-47.82282638549805,-49.245750427246094,1
Heidi didn't kiss that nice teenager.,Heidi didn't kiss those nice teenager.,morphology,determiner_noun_agreement,determiner_noun_agreement_with_adj_2,True,False,True,True,991,-59.48948669433594,-61.39265441894531,1
A school insults those good art galleries.,A school insults that good art galleries.,morphology,determiner_noun_agreement,determiner_noun_agreement_with_adj_2,True,False,True,True,992,-57.97028350830078,-54.916526794433594,0
Sandra boasts about this excited teacher.,Sandra boasts about these excited teacher.,morphology,determiner_noun_agreement,determiner_noun_agreement_with_adj_2,True,False,True,True,993,-63.996673583984375,-67.14839172363281,1
Michelle can't argue about those sick children.,Michelle can't argue about that sick children.,morphology,determiner_noun_agreement,determiner_noun_agreement_with_adj_2,True,False,True,True,994,-54.919921875,-56.458702087402344,1
Robert isn't disturbing these cheap hospitals.,Robert isn't disturbing this cheap hospitals.,morphology,determiner_noun_agreement,determiner_noun_agreement_with_adj_2,True,False,True,True,995,-58.19279098510742,-59.864845275878906,1
Martha didn't take that red movie theater.,Martha didn't take those red movie theater.,morphology,determiner_noun_agreement,determiner_noun_agreement_with_adj_2,True,False,True,True,996,-62.303062438964844,-64.4844741821289,1
Randolf wasn't leaving this black school.,Randolf wasn't leaving these black school.,morphology,determiner_noun_agreement,determiner_noun_agreement_with_adj_2,True,False,True,True,997,-57.77155685424805,-61.338623046875,1
The Borgias investigate these happy cashiers.,The Borgias investigate this happy cashiers.,morphology,determiner_noun_agreement,determiner_noun_agreement_with_adj_2,True,False,True,True,998,-70.13923645019531,-69.1168441772461,0
Cheryl brought these important shawls.,Cheryl brought this important shawls.,morphology,determiner_noun_agreement,determiner_noun_agreement_with_adj_2,True,False,True,True,999,-72.89352416992188,-71.88812255859375,0
